data_somministrazione,area,totale,sesso_maschile,sesso_femminile,prima_dose,seconda_dose,codice_NUTS1,codice_NUTS2,codice_regione_ISTAT,nome_area
2021-04-16,LAZ,34423,15689,18734,22338,12085,ITI,ITI4,12,Lazio
2021-04-18,CAL,5840,2791,3049,4929,911,ITF,ITF6,18,Calabria
2021-04-08,BAS,764,348,416,754,10,ITF,ITF5,17,Basilicata
2021-01-27,VDA,151,71,80,79,72,ITC,ITC2,2,Valle d'Aosta / Vallée d'Aoste
2021-02-06,PAT,574,298,276,433,141,ITH,ITH2,4,Provincia Autonoma Trento
2021-03-26,TOS,20664,9381,11283,14898,5766,ITI,ITI1,9,Toscana
2021-04-20,VDA,933,430,503,739,194,ITC,ITC2,2,Valle d'Aosta / Vallée d'Aoste
2021-04-22,BAS,5036,2346,2690,3433,1603,ITF,ITF5,17,Basilicata
2021-01-23,LAZ,7213,2869,4344,584,6629,ITI,ITI4,12,Lazio
2021-03-30,EMR,23353,10342,13011,18313,5040,ITH,ITH5,8,Emilia-Romagna
2021-01-06,LAZ,5123,1961,3162,5123,0,ITI,ITI4,12,Lazio
2021-01-10,VDA,220,71,149,220,0,ITC,ITC2,2,Valle d'Aosta / Vallée d'Aoste
2021-02-23,PAT,1110,395,715,897,213,ITH,ITH2,4,Provincia Autonoma Trento
2021-03-09,TOS,11122,4560,6562,5570,5552,ITI,ITI1,9,Toscana
2021-03-24,MAR,7033,2983,4050,3365,3668,ITI,ITI3,11,Marche
2021-03-28,FVG,4935,2353,2582,4777,158,ITH,ITH4,6,Friuli-Venezia Giulia
2021-04-05,PUG,12712,6175,6537,12179,533,ITF,ITF4,16,Puglia
2020-12-27,VDA,20,9,11,20,0,ITC,ITC2,2,Valle d'Aosta / Vallée d'Aoste
2021-03-19,PUG,7961,3653,4308,3415,4546,ITF,ITF4,16,Puglia
2021-01-07,MOL,598,209,389,598,0,ITF,ITF2,14,Molise
2021-01-11,VEN,7240,2102,5138,7240,0,ITH,ITH3,5,Veneto
2021-06-01,MAR,12063,6158,5905,9968,2095,ITI,ITI3,11,Marche
2021-02-28,LIG,1058,580,478,1049,9,ITC,ITC3,7,Liguria
2021-05-07,UMB,10126,4706,5420,6914,3212,ITI,ITI2,10,Umbria
2021-01-18,FVG,1961,606,1355,1867,94,ITH,ITH4,6,Friuli-Venezia Giulia
2021-03-03,ABR,4623,1881,2742,3717,906,ITF,ITF1,13,Abruzzo
2021-03-10,MAR,5666,2400,3266,4529,1137,ITI,ITI3,11,Marche
2021-05-24,CAM,31309,15106,16203,16200,15109,ITF,ITF3,15,Campania
2021-01-04,FVG,1507,558,949,1507,0,ITH,ITH4,6,Friuli-Venezia Giulia
2021-04-09,TOS,24594,10579,14015,21184,3410,ITI,ITI1,9,Toscana
2021-05-17,PAT,4293,2122,2171,3942,351,ITH,ITH2,4,Provincia Autonoma Trento
2021-02-13,CAM,5508,2550,2958,5291,217,ITF,ITF3,15,Campania
2021-02-21,MAR,376,141,235,375,1,ITI,ITI3,11,Marche
2021-04-04,CAL,1760,885,875,1261,499,ITF,ITF6,18,Calabria
2021-04-21,VEN,32317,13177,19140,16255,16062,ITH,ITH3,5,Veneto
2021-02-07,PAB,2362,1058,1304,14,2348,ITH,ITH1,4,Provincia Autonoma Bolzano / Bozen
2021-02-12,MOL,332,150,182,208,124,ITF,ITF2,14,Molise
2021-02-25,SIC,9866,5155,4711,8703,1163,ITG,ITG1,19,Sicilia
2021-03-28,PIE,16060,6900,9160,8438,7622,ITC,ITC1,1,Piemonte
2021-04-23,SAR,12860,5740,7120,7385,5475,ITG,ITG2,20,Sardegna
2021-05-22,VEN,34734,16662,18072,13337,21397,ITH,ITH3,5,Veneto
2021-02-11,VEN,4012,1238,2774,3384,628,ITH,ITH3,5,Veneto
2021-04-08,ABR,7393,3336,4057,5064,2329,ITF,ITF1,13,Abruzzo
2021-06-05,SIC,59869,28459,31410,49298,10571,ITG,ITG1,19,Sicilia
2021-04-23,CAM,32304,15511,16793,23160,9144,ITF,ITF3,15,Campania
2021-05-10,SAR,9737,4338,5399,7200,2537,ITG,ITG2,20,Sardegna
2021-01-28,VEN,9209,2662,6547,173,9036,ITH,ITH3,5,Veneto
2021-04-22,ABR,6727,3248,3479,4998,1729,ITF,ITF1,13,Abruzzo
2021-01-30,SAR,3863,1392,2471,362,3501,ITG,ITG2,20,Sardegna
2021-03-14,SIC,8773,3927,4846,4937,3836,ITG,ITG1,19,Sicilia
2021-04-11,PIE,20824,9317,11507,18663,2161,ITC,ITC1,1,Piemonte
2021-05-18,PAB,3335,1750,1585,2150,1185,ITH,ITH1,4,Provincia Autonoma Bolzano / Bozen
2021-01-04,EMR,7315,2527,4788,7315,0,ITH,ITH5,8,Emilia-Romagna
2021-01-04,PIE,5564,1679,3885,5564,0,ITC,ITC1,1,Piemonte
2021-04-23,LOM,73420,33285,40135,56892,16528,ITC,ITC4,3,Lombardia
2021-06-17,TOS,8019,4093,3926,6991,1028,ITI,ITI1,9,Toscana
2021-04-28,PIE,26044,11737,14307,16011,10033,ITC,ITC1,1,Piemonte
2021-01-18,PIE,6166,2048,4118,5917,249,ITC,ITC1,1,Piemonte
2021-03-22,ABR,4342,1906,2436,2372,1970,ITF,ITF1,13,Abruzzo
2021-05-10,LOM,85202,40853,44349,63680,21522,ITC,ITC4,3,Lombardia
2021-02-11,SIC,5235,2060,3175,4774,461,ITG,ITG1,19,Sicilia
2021-01-30,LOM,12307,4563,7744,154,12153,ITC,ITC4,3,Lombardia
2021-02-06,FVG,1154,338,816,22,1132,ITH,ITH4,6,Friuli-Venezia Giulia
2021-02-17,BAS,1135,493,642,1059,76,ITF,ITF5,17,Basilicata
2021-02-25,LAZ,12653,5518,7135,11603,1050,ITI,ITI4,12,Lazio
2021-04-14,PAT,3115,1464,1651,2379,736,ITH,ITH2,4,Provincia Autonoma Trento
2021-02-04,TOS,4253,1594,2659,961,3292,ITI,ITI1,9,Toscana
2021-02-23,FVG,2643,1277,1366,2463,180,ITH,ITH4,6,Friuli-Venezia Giulia
2021-03-28,PAT,751,294,457,749,2,ITH,ITH2,4,Provincia Autonoma Trento
2021-06-07,CAL,17009,7905,9104,13798,3211,ITF,ITF6,18,Calabria
2021-01-19,MAR,228,83,145,142,86,ITI,ITI3,11,Marche
2021-05-28,BAS,3612,1807,1805,949,2663,ITF,ITF5,17,Basilicata
2021-06-05,LAZ,65640,32316,33324,43168,22472,ITI,ITI4,12,Lazio
2021-02-14,PUG,786,347,439,662,124,ITF,ITF4,16,Puglia
2021-05-15,TOS,29336,13846,15490,23561,5775,ITI,ITI1,9,Toscana
2021-05-19,EMR,33667,14940,18727,18515,15152,ITH,ITH5,8,Emilia-Romagna
2021-02-02,MAR,1191,397,794,72,1119,ITI,ITI3,11,Marche
2021-06-09,VDA,1027,535,492,991,36,ITC,ITC2,2,Valle d'Aosta / Vallée d'Aoste
2021-06-11,BAS,4224,1975,2249,3195,1029,ITF,ITF5,17,Basilicata
2021-05-25,PUG,34431,16022,18409,20967,13464,ITF,ITF4,16,Puglia
2021-01-04,PAT,870,227,643,870,0,ITH,ITH2,4,Provincia Autonoma Trento
2021-03-01,VDA,181,66,115,147,34,ITC,ITC2,2,Valle d'Aosta / Vallée d'Aoste
2021-03-15,MOL,832,338,494,587,245,ITF,ITF2,14,Molise
2021-04-28,TOS,19119,8182,10937,3831,15288,ITI,ITI1,9,Toscana
2021-05-13,MAR,12603,5695,6908,7103,5500,ITI,ITI3,11,Marche
2021-05-17,FVG,8781,4077,4704,6298,2483,ITH,ITH4,6,Friuli-Venezia Giulia
2021-03-02,VEN,11483,4622,6861,8176,3307,ITH,ITH3,5,Veneto
2021-03-09,FVG,4008,1721,2287,1261,2747,ITH,ITH4,6,Friuli-Venezia Giulia
2021-04-12,MAR,8567,3772,4795,8083,484,ITI,ITI3,11,Marche
2021-05-24,CAL,17684,8806,8878,10017,7667,ITF,ITF6,18,Calabria
2021-01-09,LIG,1335,481,854,1335,0,ITC,ITC3,7,Liguria
2021-02-15,VDA,264,136,128,229,35,ITC,ITC2,2,Valle d'Aosta / Vallée d'Aoste
2021-03-18,UMB,2943,1164,1779,1705,1238,ITI,ITI2,10,Umbria
2021-06-02,EMR,23924,11913,12011,19110,4814,ITH,ITH5,8,Emilia-Romagna
2021-04-19,LIG,12807,5613,7194,8999,3808,ITC,ITC3,7,Liguria
2021-05-01,PAB,2104,1067,1037,1944,160,ITH,ITH1,4,Provincia Autonoma Bolzano / Bozen
2021-05-07,CAL,16099,7589,8510,9721,6378,ITF,ITF6,18,Calabria
2021-04-11,CAM,17523,8606,8917,15441,2082,ITF,ITF3,15,Campania
2021-05-24,FVG,11390,5512,5878,7779,3611,ITH,ITH4,6,Friuli-Venezia Giulia
2021-06-04,BAS,4829,2286,2543,3783,1046,ITF,ITF5,17,Basilicata
2021-02-22,ABR,2642,1173,1469,2612,30,ITF,ITF1,13,Abruzzo
2021-06-02,UMB,3944,1895,2049,3904,40,ITI,ITI2,10,Umbria
2021-02-13,FVG,566,179,387,560,6,ITH,ITH4,6,Friuli-Venezia Giulia
2021-02-18,LAZ,10017,4975,5042,9208,809,ITI,ITI4,12,Lazio
2021-02-21,PUG,2176,474,1702,2114,62,ITF,ITF4,16,Puglia
2021-04-28,CAM,36436,17643,18793,26686,9750,ITF,ITF3,15,Campania
2021-01-18,CAM,957,399,558,713,244,ITF,ITF3,15,Campania
2021-06-01,PUG,34638,17319,17319,21841,12797,ITF,ITF4,16,Puglia
2021-02-24,BAS,1803,743,1060,1734,69,ITF,ITF5,17,Basilicata
2021-05-15,PUG,43385,18884,24501,23430,19955,ITF,ITF4,16,Puglia
2021-05-26,EMR,33175,14716,18459,10295,22880,ITH,ITH5,8,Emilia-Romagna
2021-04-26,LIG,10546,4979,5567,7910,2636,ITC,ITC3,7,Liguria
2021-05-12,LAZ,47484,21541,25943,30887,16597,ITI,ITI4,12,Lazio
2021-06-17,VEN,17109,8396,8713,7471,9638,ITH,ITH3,5,Veneto
2021-06-12,EMR,40062,21196,18866,35204,4858,ITH,ITH5,8,Emilia-Romagna
2021-06-12,PAT,5352,2688,2664,471,4881,ITH,ITH2,4,Provincia Autonoma Trento
2021-03-09,VEN,16539,7445,9094,10217,6322,ITH,ITH3,5,Veneto
2021-04-05,MAR,5688,2355,3333,4419,1269,ITI,ITI3,11,Marche
2021-02-05,ABR,1534,521,1013,788,746,ITF,ITF1,13,Abruzzo
2021-03-04,EMR,16452,5350,11102,13435,3017,ITH,ITH5,8,Emilia-Romagna
2021-02-19,MOL,169,93,76,167,2,ITF,ITF2,14,Molise
2021-01-16,LIG,1278,557,721,1278,0,ITC,ITC3,7,Liguria
2021-05-16,ABR,9579,4138,5441,5766,3813,ITF,ITF1,13,Abruzzo
2021-05-31,VEN,31553,16187,15366,21665,9888,ITH,ITH3,5,Veneto
2021-02-01,LAZ,5675,2177,3498,354,5321,ITI,ITI4,12,Lazio
2021-03-02,FVG,4219,1519,2700,2720,1499,ITH,ITH4,6,Friuli-Venezia Giulia
2021-03-21,PAT,129,69,60,129,0,ITH,ITH2,4,Provincia Autonoma Trento
2021-06-03,PUG,49940,24201,25739,30943,18997,ITF,ITF4,16,Puglia
2021-06-04,ABR,15588,7366,8222,10900,4688,ITF,ITF1,13,Abruzzo
2021-02-22,BAS,1790,773,1017,1737,53,ITF,ITF5,17,Basilicata
2021-02-20,UMB,282,100,182,258,24,ITI,ITI2,10,Umbria
2021-05-24,PIE,28969,13419,15550,17019,11950,ITC,ITC1,1,Piemonte
2021-02-02,LIG,2668,1005,1663,134,2534,ITC,ITC3,7,Liguria
2021-05-18,ABR,12115,5662,6453,7732,4383,ITF,ITF1,13,Abruzzo
2021-03-22,PAB,1144,523,621,1139,5,ITH,ITH1,4,Provincia Autonoma Bolzano / Bozen
2021-04-15,VDA,810,377,433,671,139,ITC,ITC2,2,Valle d'Aosta / Vallée d'Aoste
2021-05-24,EMR,29874,13681,16193,18418,11456,ITH,ITH5,8,Emilia-Romagna
2021-06-05,LOM,102040,52769,49271,92343,9697,ITC,ITC4,3,Lombardia
2021-02-13,EMR,3628,1085,2543,3030,598,ITH,ITH5,8,Emilia-Romagna
2021-02-24,ABR,3305,1441,1864,3129,176,ITF,ITF1,13,Abruzzo
2021-03-19,MAR,3835,1597,2238,339,3496,ITI,ITI3,11,Marche
2021-03-26,VEN,29568,13138,16430,24100,5468,ITH,ITH3,5,Veneto
2021-04-30,CAL,14934,7326,7608,10604,4330,ITF,ITF6,18,Calabria
2021-03-09,UMB,4089,2001,2088,2798,1291,ITI,ITI2,10,Umbria
2021-03-10,MOL,1737,720,1017,1687,50,ITF,ITF2,14,Molise
2021-03-28,SAR,4643,1838,2805,4564,79,ITG,ITG2,20,Sardegna
2021-03-04,FVG,3449,1596,1853,2790,659,ITH,ITH4,6,Friuli-Venezia Giulia
2021-03-02,PIE,11202,4506,6696,10386,816,ITC,ITC1,1,Piemonte
2021-03-14,LOM,14872,5348,9524,11589,3283,ITC,ITC4,3,Lombardia
2021-01-04,SAR,592,217,375,592,0,ITG,ITG2,20,Sardegna
2021-06-01,MOL,2597,1322,1275,2489,108,ITF,ITF2,14,Molise
2021-04-28,LIG,14443,6519,7924,6459,7984,ITC,ITC3,7,Liguria
2021-03-10,PUG,14726,6546,8180,11606,3120,ITF,ITF4,16,Puglia
2021-06-12,FVG,7999,4591,3408,6862,1137,ITH,ITH4,6,Friuli-Venezia Giulia
2021-02-04,LIG,2817,986,1831,179,2638,ITC,ITC3,7,Liguria
2021-04-02,TOS,31969,13558,18411,23944,8025,ITI,ITI1,9,Toscana
2021-05-24,PAT,4383,2012,2371,1360,3023,ITH,ITH2,4,Provincia Autonoma Trento
2021-03-17,MAR,3428,1494,1934,107,3321,ITI,ITI3,11,Marche
2021-03-28,VEN,31239,13580,17659,27624,3615,ITH,ITH3,5,Veneto
2021-05-15,LIG,7254,3236,4018,4300,2954,ITC,ITC3,7,Liguria
2021-05-31,SIC,37851,17020,20831,21569,16282,ITG,ITG1,19,Sicilia
2021-01-13,LAZ,5693,2151,3542,5693,0,ITI,ITI4,12,Lazio
2021-02-21,LIG,869,491,378,865,4,ITC,ITC3,7,Liguria
2021-02-23,LOM,11805,4799,7006,11479,326,ITC,ITC4,3,Lombardia
2021-03-02,PAT,1304,440,864,928,376,ITH,ITH2,4,Provincia Autonoma Trento
2021-03-21,FVG,2671,999,1672,2262,409,ITH,ITH4,6,Friuli-Venezia Giulia
2021-01-18,CAL,1276,575,701,1049,227,ITF,ITF6,18,Calabria
2021-04-23,LAZ,37677,18090,19587,22408,15269,ITI,ITI4,12,Lazio
2021-06-10,PAT,6102,2971,3131,1910,4192,ITH,ITH2,4,Provincia Autonoma Trento
2021-03-29,PUG,13421,6489,6932,6683,6738,ITF,ITF4,16,Puglia
2021-06-12,PIE,41400,21806,19594,38825,2575,ITC,ITC1,1,Piemonte
2021-03-05,PAB,1839,625,1214,1397,442,ITH,ITH1,4,Provincia Autonoma Bolzano / Bozen
2021-05-17,CAM,49287,21654,27633,24092,25195,ITF,ITF3,15,Campania
2021-01-09,TOS,4485,1596,2889,4485,0,ITI,ITI1,9,Toscana
2021-02-06,CAM,5340,2665,2675,2102,3238,ITF,ITF3,15,Campania
2021-04-13,VDA,373,171,202,329,44,ITC,ITC2,2,Valle d'Aosta / Vallée d'Aoste
2021-02-28,MAR,2836,1251,1585,2830,6,ITI,ITI3,11,Marche
2021-04-11,CAL,4169,1896,2273,2228,1941,ITF,ITF6,18,Calabria
2021-04-14,VEN,15896,6889,9007,9270,6626,ITH,ITH3,5,Veneto
2021-05-27,PAB,6085,3200,2885,4075,2010,ITH,ITH1,4,Provincia Autonoma Bolzano / Bozen
2021-05-31,UMB,5803,2837,2966,4920,883,ITI,ITI2,10,Umbria
2021-03-12,PUG,14263,6422,7841,10335,3928,ITF,ITF4,16,Puglia
2021-04-16,SAR,14441,6488,7953,9098,5343,ITG,ITG2,20,Sardegna
2021-01-04,VEN,6735,2033,4702,6735,0,ITH,ITH3,5,Veneto
2021-03-27,VDA,333,164,169,302,31,ITC,ITC2,2,Valle d'Aosta / Vallée d'Aoste
2021-06-08,MAR,13914,7013,6901,11303,2611,ITI,ITI3,11,Marche
2021-05-14,UMB,5284,2463,2821,3469,1815,ITI,ITI2,10,Umbria
2021-06-13,PAB,3616,2016,1600,427,3189,ITH,ITH1,4,Provincia Autonoma Bolzano / Bozen
2021-05-25,PAB,3835,1988,1847,2950,885,ITH,ITH1,4,Provincia Autonoma Bolzano / Bozen
2021-01-23,SAR,60,22,38,0,60,ITG,ITG2,20,Sardegna
2021-05-13,MOL,3038,1410,1628,2581,457,ITF,ITF2,14,Molise
2021-02-14,PAB,297,130,167,297,0,ITH,ITH1,4,Provincia Autonoma Bolzano / Bozen
2021-02-18,SIC,5276,3100,2176,4847,429,ITG,ITG1,19,Sicilia
2021-04-30,CAM,42271,20162,22109,25819,16452,ITF,ITF3,15,Campania
2021-02-07,MOL,66,32,34,19,47,ITF,ITF2,14,Molise
2021-05-18,MOL,1645,877,768,990,655,ITF,ITF2,14,Molise
2021-05-19,PIE,33093,15270,17823,22008,11085,ITC,ITC1,1,Piemonte
2021-02-13,SIC,2976,1122,1854,2721,255,ITG,ITG1,19,Sicilia
2021-05-24,LOM,89366,43409,45957,49488,39878,ITC,ITC4,3,Lombardia
2021-03-22,MOL,1148,440,708,905,243,ITF,ITF2,14,Molise
2021-02-18,EMR,7038,2892,4146,6455,583,ITH,ITH5,8,Emilia-Romagna
2021-05-04,BAS,4137,1991,2146,3614,523,ITF,ITF5,17,Basilicata
2021-03-14,PIE,8205,3336,4869,5308,2897,ITC,ITC1,1,Piemonte
2021-04-09,SAR,12294,5466,6828,7942,4352,ITG,ITG2,20,Sardegna
2021-03-08,BAS,1458,711,747,845,613,ITF,ITF5,17,Basilicata
2021-05-10,PIE,28908,13946,14962,15809,13099,ITC,ITC1,1,Piemonte
2021-06-06,PAB,4529,2175,2354,854,3675,ITH,ITH1,4,Provincia Autonoma Bolzano / Bozen
2021-05-24,SIC,35653,17264,18389,15703,19950,ITG,ITG1,19,Sicilia
2021-01-30,PIE,5980,2136,3844,218,5762,ITC,ITC1,1,Piemonte
2021-02-26,PAB,1526,551,975,1496,30,ITH,ITH1,4,Provincia Autonoma Bolzano / Bozen
2021-03-05,PUG,17673,7157,10516,15369,2304,ITF,ITF4,16,Puglia
2021-02-11,LOM,17032,5000,12032,9694,7338,ITC,ITC4,3,Lombardia
2021-04-07,TOS,35809,15452,20357,28561,7248,ITI,ITI1,9,Toscana
2021-01-06,CAL,930,502,428,930,0,ITF,ITF6,18,Calabria
2021-02-26,PUG,13762,5054,8708,12728,1034,ITF,ITF4,16,Puglia
2020-12-31,PUG,1634,782,852,1634,0,ITF,ITF4,16,Puglia
2021-02-16,LIG,2426,956,1470,2004,422,ITC,ITC3,7,Liguria
2021-03-16,FVG,3154,1288,1866,1073,2081,ITH,ITH4,6,Friuli-Venezia Giulia
2021-06-16,BAS,4564,2075,2489,2129,2435,ITF,ITF5,17,Basilicata
2021-05-12,FVG,10825,5010,5815,9424,1401,ITH,ITH4,6,Friuli-Venezia Giulia
2021-05-27,LIG,16833,8621,8212,12714,4119,ITC,ITC3,7,Liguria
2021-02-25,VEN,7898,3339,4559,7293,605,ITH,ITH3,5,Veneto
2021-03-09,PAT,1582,590,992,938,644,ITH,ITH2,4,Provincia Autonoma Trento
2021-03-23,UMB,3797,1685,2112,2168,1629,ITI,ITI2,10,Umbria
2021-05-04,ABR,10749,5050,5699,7133,3616,ITF,ITF1,13,Abruzzo
2021-05-17,LAZ,44172,20216,23956,35645,8527,ITI,ITI4,12,Lazio
2021-05-27,MAR,13730,6816,6914,9429,4301,ITI,ITI3,11,Marche
2021-06-07,EMR,40297,20687,19610,34088,6209,ITH,ITH5,8,Emilia-Romagna
2021-06-17,PAT,1708,884,824,515,1193,ITH,ITH2,4,Provincia Autonoma Trento
2021-02-11,CAM,6279,2704,3575,6213,66,ITF,ITF3,15,Campania
2021-03-08,ABR,5145,1691,3454,4175,970,ITF,ITF1,13,Abruzzo
2021-03-31,MAR,7375,3087,4288,4351,3024,ITI,ITI3,11,Marche
2021-04-14,LIG,13068,5666,7402,10865,2203,ITC,ITC3,7,Liguria
2021-02-03,VDA,351,114,237,14,337,ITC,ITC2,2,Valle d'Aosta / Vallée d'Aoste
2021-04-09,VEN,31161,13741,17420,22823,8338,ITH,ITH3,5,Veneto
2021-04-16,CAL,10215,4975,5240,8627,1588,ITF,ITF6,18,Calabria
2021-06-01,PAB,3551,2312,1239,2080,1471,ITH,ITH1,4,Provincia Autonoma Bolzano / Bozen
2021-02-08,UMB,637,203,434,88,549,ITI,ITI2,10,Umbria
2021-04-11,SAR,5394,2443,2951,4274,1120,ITG,ITG2,20,Sardegna
2021-02-18,CAL,1838,839,999,1612,226,ITF,ITF6,18,Calabria
2021-04-01,VDA,776,394,382,764,12,ITC,ITC2,2,Valle d'Aosta / Vallée d'Aoste
2021-06-05,VEN,46641,24027,22614,38636,8005,ITH,ITH3,5,Veneto
2021-01-24,ABR,50,22,28,6,44,ITF,ITF1,13,Abruzzo
2021-02-06,LAZ,6137,2475,3662,817,5320,ITI,ITI4,12,Lazio
2021-03-16,PIE,10523,4269,6254,4463,6060,ITC,ITC1,1,Piemonte
2021-05-19,UMB,9419,4211,5208,5672,3747,ITI,ITI2,10,Umbria
2021-06-07,SAR,12555,6138,6417,9557,2998,ITG,ITG2,20,Sardegna
2021-06-15,PUG,41266,20223,21043,22143,19123,ITF,ITF4,16,Puglia
2021-06-08,PUG,38736,18834,19902,21142,17594,ITF,ITF4,16,Puglia
2021-05-12,PIE,31870,15185,16685,18984,12886,ITC,ITC1,1,Piemonte
2021-02-19,PAB,2252,512,1740,2241,11,ITH,ITH1,4,Provincia Autonoma Bolzano / Bozen
2021-05-29,LIG,6840,3237,3603,3972,2868,ITC,ITC3,7,Liguria
2021-05-31,LOM,95587,47378,48209,79423,16164,ITC,ITC4,3,Lombardia
2021-02-04,SAR,2271,816,1455,916,1355,ITG,ITG2,20,Sardegna
2021-03-01,ABR,3478,1385,2093,2727,751,ITF,ITF1,13,Abruzzo
2021-04-02,SAR,8992,3549,5443,5750,3242,ITG,ITG2,20,Sardegna
2021-02-06,UMB,396,138,258,34,362,ITI,ITI2,10,Umbria
2021-03-14,PAT,107,65,42,20,87,ITH,ITH2,4,Provincia Autonoma Trento
2021-05-17,SIC,31905,15377,16528,19228,12677,ITG,ITG1,19,Sicilia
2021-06-12,TOS,29308,15110,14198,24967,4341,ITI,ITI1,9,Toscana
2021-03-21,SIC,15218,7341,7877,11248,3970,ITG,ITG1,19,Sicilia
2021-04-16,TOS,28953,12888,16065,22046,6907,ITI,ITI1,9,Toscana
2021-03-26,LOM,41253,15680,25573,28139,13114,ITC,ITC4,3,Lombardia
2021-01-04,CAL,1065,527,538,1065,0,ITF,ITF6,18,Calabria
2021-02-06,SIC,4687,2088,2599,1464,3223,ITG,ITG1,19,Sicilia
2021-05-22,LOM,70544,33822,36722,32415,38129,ITC,ITC4,3,Lombardia
2021-02-11,LAZ,7001,3013,3988,6467,534,ITI,ITI4,12,Lazio
2021-05-20,MOL,2660,1370,1290,2474,186,ITF,ITF2,14,Molise
2021-02-09,LIG,1936,689,1247,256,1680,ITC,ITC3,7,Liguria
2021-04-11,LAZ,19154,8469,10685,13273,5881,ITI,ITI4,12,Lazio
2021-04-16,CAM,34315,16559,17756,23650,10665,ITF,ITF3,15,Campania
2021-05-19,FVG,11905,5840,6065,9566,2339,ITH,ITH4,6,Friuli-Venezia Giulia
2021-06-09,BAS,4423,2072,2351,3999,424,ITF,ITF5,17,Basilicata
2021-06-13,PUG,21202,10605,10597,16070,5132,ITF,ITF4,16,Puglia
2021-04-23,CAL,12988,6371,6617,9450,3538,ITF,ITF6,18,Calabria
2021-01-06,CAM,7652,3749,3903,7652,0,ITF,ITF3,15,Campania
2021-02-13,LAZ,6609,2626,3983,6194,415,ITI,ITI4,12,Lazio
2021-04-13,BAS,2113,1051,1062,1295,818,ITF,ITF5,17,Basilicata
2021-05-29,LOM,88120,42328,45792,42103,46017,ITC,ITC4,3,Lombardia
2021-02-18,LOM,14027,4916,9111,13012,1015,ITC,ITC4,3,Lombardia
2021-03-07,PAT,22,6,16,22,0,ITH,ITH2,4,Provincia Autonoma Trento
2021-03-01,BAS,548,284,264,382,166,ITF,ITF5,17,Basilicata
2021-03-29,MAR,5860,2567,3293,3435,2425,ITI,ITI3,11,Marche
2021-01-09,PAT,190,40,150,190,0,ITH,ITH2,4,Provincia Autonoma Trento
2021-01-13,CAL,2040,1027,1013,2040,0,ITF,ITF6,18,Calabria
2021-02-24,VDA,183,82,101,164,19,ITC,ITC2,2,Valle d'Aosta / Vallée d'Aoste
2021-05-31,EMR,29682,13715,15967,18245,11437,ITH,ITH5,8,Emilia-Romagna
2021-03-14,FVG,1397,549,848,1145,252,ITH,ITH4,6,Friuli-Venezia Giulia
2021-02-04,SIC,6691,3043,3648,1452,5239,ITG,ITG1,19,Sicilia
2021-02-20,EMR,5318,2094,3224,5055,263,ITH,ITH5,8,Emilia-Romagna
2021-03-02,TOS,10599,3799,6800,7155,3444,ITI,ITI1,9,Toscana
2021-03-02,SIC,14663,6302,8361,11891,2772,ITG,ITG1,19,Sicilia
2021-05-30,ABR,8561,4067,4494,5348,3213,ITF,ITF1,13,Abruzzo
2021-03-09,SAR,5544,2739,2805,4815,729,ITG,ITG2,20,Sardegna
2021-01-04,SIC,8242,4118,4124,8242,0,ITG,ITG1,19,Sicilia
2021-04-03,ABR,5098,2228,2870,3502,1596,ITF,ITF1,13,Abruzzo
2021-01-28,LIG,2847,971,1876,39,2808,ITC,ITC3,7,Liguria
2021-02-11,PIE,6764,2107,4657,3006,3758,ITC,ITC1,1,Piemonte
2021-05-05,SAR,10155,4644,5511,8146,2009,ITG,ITG2,20,Sardegna
2021-01-18,SIC,1438,583,855,1289,149,ITG,ITG1,19,Sicilia
2021-01-23,VEN,4051,1246,2805,31,4020,ITH,ITH3,5,Veneto
2021-01-26,PAB,810,291,519,1,809,ITH,ITH1,4,Provincia Autonoma Bolzano / Bozen
2021-04-09,PIE,25849,11387,14462,21340,4509,ITC,ITC1,1,Piemonte
2021-03-21,VEN,11980,4752,7228,8518,3462,ITH,ITH3,5,Veneto
2021-04-28,SIC,29157,13678,15479,20130,9027,ITG,ITG1,19,Sicilia
2020-12-30,PIE,730,322,408,730,0,ITC,ITC1,1,Piemonte
2021-03-16,CAM,8087,3519,4568,3773,4314,ITF,ITF3,15,Campania
2021-03-24,PAB,2062,998,1064,2049,13,ITH,ITH1,4,Provincia Autonoma Bolzano / Bozen
2021-06-05,PIE,36832,18896,17936,32376,4456,ITC,ITC1,1,Piemonte
2021-04-28,LOM,95635,43629,52006,68771,26864,ITC,ITC4,3,Lombardia
2021-02-25,PIE,12218,5252,6966,11671,547,ITC,ITC1,1,Piemonte
2021-03-16,LAZ,13546,5740,7806,7102,6444,ITI,ITI4,12,Lazio
2021-03-16,LOM,25483,10113,15370,16417,9066,ITC,ITC4,3,Lombardia
2021-01-23,EMR,2448,871,1577,443,2005,ITH,ITH5,8,Emilia-Romagna
2021-05-12,LOM,87410,41699,45711,59913,27497,ITC,ITC4,3,Lombardia
2021-01-21,MAR,908,260,648,585,323,ITI,ITI3,11,Marche
2021-05-30,BAS,2773,1419,1354,922,1851,ITF,ITF5,17,Basilicata
2021-04-09,PAT,2710,1146,1564,1510,1200,ITH,ITH2,4,Provincia Autonoma Trento
2021-05-02,VDA,765,345,420,605,160,ITC,ITC2,2,Valle d'Aosta / Vallée d'Aoste
2021-05-07,EMR,35239,16949,18290,23392,11847,ITH,ITH5,8,Emilia-Romagna
2021-05-17,TOS,29676,14800,14876,20809,8867,ITI,ITI1,9,Toscana
2021-02-18,FVG,3218,1492,1726,2811,407,ITH,ITH4,6,Friuli-Venezia Giulia
2021-04-03,BAS,1807,748,1059,1472,335,ITF,ITF5,17,Basilicata
2021-05-01,MAR,9318,3924,5394,3576,5742,ITI,ITI3,11,Marche
2021-01-22,VDA,56,21,35,20,36,ITC,ITC2,2,Valle d'Aosta / Vallée d'Aoste
2021-02-11,PAT,1132,365,767,796,336,ITH,ITH2,4,Provincia Autonoma Trento
2021-03-21,TOS,3293,1627,1666,1860,1433,ITI,ITI1,9,Toscana
2021-02-09,PUG,3840,1570,2270,2168,1672,ITF,ITF4,16,Puglia
2021-03-09,LAZ,21925,9886,12039,16727,5198,ITI,ITI4,12,Lazio
2021-01-08,VDA,299,130,169,299,0,ITC,ITC2,2,Valle d'Aosta / Vallée d'Aoste
2021-01-23,TOS,3966,1360,2606,640,3326,ITI,ITI1,9,Toscana
2021-02-25,PAT,1641,643,998,1200,441,ITH,ITH2,4,Provincia Autonoma Trento
2021-01-11,LAZ,5533,2106,3427,5533,0,ITI,ITI4,12,Lazio
2021-04-02,FVG,6567,2915,3652,4734,1833,ITH,ITH4,6,Friuli-Venezia Giulia
2021-05-20,PUG,33385,15137,18248,21067,12318,ITF,ITF4,16,Puglia
2021-06-14,UMB,5361,2741,2620,3363,1998,ITI,ITI2,10,Umbria
2020-12-30,PAT,7,3,4,7,0,ITH,ITH2,4,Provincia Autonoma Trento
2021-03-06,VDA,22,4,18,22,0,ITC,ITC2,2,Valle d'Aosta / Vallée d'Aoste
2021-05-03,TOS,11933,5510,6423,10615,1318,ITI,ITI1,9,Toscana
2021-06-05,PAT,4077,1915,2162,751,3326,ITH,ITH2,4,Provincia Autonoma Trento
2021-01-25,CAM,5746,2927,2819,164,5582,ITF,ITF3,15,Campania
2021-03-24,PUG,13437,6388,7049,6133,7304,ITF,ITF4,16,Puglia
2021-01-12,MOL,336,114,222,336,0,ITF,ITF2,14,Molise
2021-01-16,VEN,4611,1542,3069,4611,0,ITH,ITH3,5,Veneto
2021-02-01,CAL,2507,1197,1310,244,2263,ITF,ITF6,18,Calabria
2021-03-10,PAB,1268,529,739,1125,143,ITH,ITH1,4,Provincia Autonoma Bolzano / Bozen
2021-01-26,PUG,5362,2397,2965,571,4791,ITF,ITF4,16,Puglia
2021-03-23,CAM,15738,7441,8297,13225,2513,ITF,ITF3,15,Campania
2021-03-14,VEN,15173,5939,9234,14279,894,ITH,ITH3,5,Veneto
2021-05-06,PAB,5181,2747,2434,2613,2568,ITH,ITH1,4,Provincia Autonoma Bolzano / Bozen
2021-05-12,CAL,16369,7973,8396,10891,5478,ITF,ITF6,18,Calabria
2021-02-05,BAS,986,443,543,64,922,ITF,ITF5,17,Basilicata
2021-03-05,MAR,6171,2856,3315,4703,1468,ITI,ITI3,11,Marche
2021-04-16,FVG,6917,2997,3920,4993,1924,ITH,ITH4,6,Friuli-Venezia Giulia
2021-05-06,PUG,39507,17275,22232,19837,19670,ITF,ITF4,16,Puglia
2021-05-19,CAM,51091,22556,28535,34529,16562,ITF,ITF3,15,Campania
2021-02-24,MOL,666,278,388,333,333,ITF,ITF2,14,Molise
2021-05-22,PAT,3248,1593,1655,924,2324,ITH,ITH2,4,Provincia Autonoma Trento
2021-05-26,CAL,18666,9267,9399,10398,8268,ITF,ITF6,18,Calabria
2021-01-06,FVG,710,264,446,710,0,ITH,ITH4,6,Friuli-Venezia Giulia
2021-01-07,MAR,1808,636,1172,1808,0,ITI,ITI3,11,Marche
2021-01-21,LIG,1105,385,720,674,431,ITC,ITC3,7,Liguria
2021-03-02,SAR,3059,1639,1420,1906,1153,ITG,ITG2,20,Sardegna
2021-05-16,BAS,4971,2468,2503,2858,2113,ITF,ITF5,17,Basilicata
2021-03-30,CAL,6162,2646,3516,3442,2720,ITF,ITF6,18,Calabria
2021-04-02,PIE,20131,8298,11833,11704,8427,ITC,ITC1,1,Piemonte
2021-04-28,SAR,9022,4279,4743,5321,3701,ITG,ITG2,20,Sardegna
2021-02-12,ABR,1228,567,661,1039,189,ITF,ITF1,13,Abruzzo
2021-01-18,SAR,904,326,578,780,124,ITG,ITG2,20,Sardegna
2021-05-29,PIE,32769,15219,17550,20614,12155,ITC,ITC1,1,Piemonte
2021-02-23,SIC,8737,4626,4111,8219,518,ITG,ITG1,19,Sicilia
2021-05-23,ABR,9885,4699,5186,7187,2698,ITF,ITF1,13,Abruzzo
2021-02-18,PIE,4790,2093,2697,4360,430,ITC,ITC1,1,Piemonte
2021-03-16,SAR,4374,1949,2425,3452,922,ITG,ITG2,20,Sardegna
2021-03-17,PAB,581,213,368,580,1,ITH,ITH1,4,Provincia Autonoma Bolzano / Bozen
2021-03-09,SIC,13079,5699,7380,10880,2199,ITG,ITG1,19,Sicilia
2021-05-10,VEN,36437,17031,19406,26567,9870,ITH,ITH3,5,Veneto
2021-06-06,ABR,11019,5254,5765,8829,2190,ITF,ITF1,13,Abruzzo
2021-04-16,PIE,28399,13211,15188,23413,4986,ITC,ITC1,1,Piemonte
2021-05-05,CAM,51163,24852,26311,44783,6380,ITF,ITF3,15,Campania
2021-05-13,PAB,2994,1355,1639,1064,1930,ITH,ITH1,4,Provincia Autonoma Bolzano / Bozen
2021-01-11,SIC,5758,2534,3224,5758,0,ITG,ITG1,19,Sicilia
2021-01-30,VEN,8747,2672,6075,693,8054,ITH,ITH3,5,Veneto
2021-04-10,ABR,8772,4057,4715,6264,2508,ITF,ITF1,13,Abruzzo
2021-01-25,LAZ,8111,3246,4865,770,7341,ITI,ITI4,12,Lazio
2021-06-17,LOM,39534,19109,20425,17107,22427,ITC,ITC4,3,Lombardia
2021-05-05,LAZ,46763,21454,25309,30943,15820,ITI,ITI4,12,Lazio
2021-03-09,LOM,33201,12850,20351,25806,7395,ITC,ITC4,3,Lombardia
2021-03-08,VDA,482,231,251,237,245,ITC,ITC2,2,Valle d'Aosta / Vallée d'Aoste
2021-04-23,UMB,6614,2788,3826,3493,3121,ITI,ITI2,10,Umbria
2021-05-12,EMR,38855,18272,20583,29216,9639,ITH,ITH5,8,Emilia-Romagna
2021-02-25,UMB,1336,497,839,1284,52,ITI,ITI2,10,Umbria
2021-05-04,VDA,1135,510,625,462,673,ITC,ITC2,2,Valle d'Aosta / Vallée d'Aoste
2021-02-01,EMR,10321,3611,6710,362,9959,ITH,ITH5,8,Emilia-Romagna
2021-06-15,MAR,12916,6419,6497,9858,3058,ITI,ITI3,11,Marche
2021-03-11,UMB,3595,1726,1869,2589,1006,ITI,ITI2,10,Umbria
2021-01-28,TOS,6282,1882,4400,354,5928,ITI,ITI1,9,Toscana
2021-05-01,MOL,2647,1268,1379,424,2223,ITF,ITF2,14,Molise
2021-01-13,UMB,450,139,311,450,0,ITI,ITI2,10,Umbria
2021-06-16,VDA,683,365,318,642,41,ITC,ITC2,2,Valle d'Aosta / Vallée d'Aoste
2021-03-05,MOL,1219,649,570,1015,204,ITF,ITF2,14,Molise
2021-05-31,PAT,4712,2169,2543,1675,3037,ITH,ITH2,4,Provincia Autonoma Trento
2021-01-30,CAM,10721,5079,5642,38,10683,ITF,ITF3,15,Campania
2021-03-25,BAS,1882,603,1279,1537,345,ITF,ITF5,17,Basilicata
2021-02-06,CAL,2909,1339,1570,444,2465,ITF,ITF6,18,Calabria
2021-06-13,MOL,2450,1328,1122,2125,325,ITF,ITF2,14,Molise
2021-01-27,BAS,411,175,236,113,298,ITF,ITF5,17,Basilicata
2021-04-17,MOL,3054,1501,1553,1568,1486,ITF,ITF2,14,Molise
2021-02-10,BAS,548,238,310,496,52,ITF,ITF5,17,Basilicata
2021-03-14,LIG,1659,752,907,1055,604,ITC,ITC3,7,Liguria
2021-04-11,FVG,3433,1520,1913,2527,906,ITH,ITH4,6,Friuli-Venezia Giulia
2021-01-12,MAR,1227,413,814,1227,0,ITI,ITI3,11,Marche
2021-05-21,BAS,4574,2320,2254,1491,3083,ITF,ITF5,17,Basilicata
2021-06-07,FVG,8979,4653,4326,8060,919,ITH,ITH4,6,Friuli-Venezia Giulia
2021-01-16,SAR,1492,525,967,1492,0,ITG,ITG2,20,Sardegna
2021-01-16,CAM,3369,1675,1694,3369,0,ITF,ITF3,15,Campania
2021-05-10,LIG,12648,5639,7009,6273,6375,ITC,ITC3,7,Liguria
2021-05-05,VEN,44299,21230,23069,37724,6575,ITH,ITH3,5,Veneto
2021-04-23,SIC,28600,13702,14898,22786,5814,ITG,ITG1,19,Sicilia
2021-01-23,CAL,400,186,214,358,42,ITF,ITF6,18,Calabria
2021-06-07,PIE,34779,17814,16965,30014,4765,ITC,ITC1,1,Piemonte
2021-01-16,LOM,15425,5731,9694,15425,0,ITC,ITC4,3,Lombardia
2021-04-30,LAZ,41308,18292,23016,27116,14192,ITI,ITI4,12,Lazio
2021-02-10,ABR,947,312,635,503,444,ITF,ITF1,13,Abruzzo
2021-01-18,EMR,3127,879,2248,2449,678,ITH,ITH5,8,Emilia-Romagna
2021-03-15,VDA,362,123,239,159,203,ITC,ITC2,2,Valle d'Aosta / Vallée d'Aoste
2021-03-16,EMR,12243,5027,7216,4935,7308,ITH,ITH5,8,Emilia-Romagna
2021-05-11,VDA,647,325,322,496,151,ITC,ITC2,2,Valle d'Aosta / Vallée d'Aoste
2021-01-25,EMR,6462,2146,4316,207,6255,ITH,ITH5,8,Emilia-Romagna
2021-01-06,UMB,846,325,521,846,0,ITI,ITI2,10,Umbria
2021-04-27,VDA,978,423,555,686,292,ITC,ITC2,2,Valle d'Aosta / Vallée d'Aoste
2021-06-12,UMB,7683,3677,4006,6122,1561,ITI,ITI2,10,Umbria
2021-03-23,EMR,18794,8143,10651,12107,6687,ITH,ITH5,8,Emilia-Romagna
2021-04-26,MAR,8980,3983,4997,5958,3022,ITI,ITI3,11,Marche
2021-01-17,VDA,131,56,75,131,0,ITC,ITC2,2,Valle d'Aosta / Vallée d'Aoste
2021-04-16,UMB,8113,3748,4365,6275,1838,ITI,ITI2,10,Umbria
2021-04-30,UMB,6255,2973,3282,2866,3389,ITI,ITI2,10,Umbria
2021-03-19,TOS,10143,4460,5683,7275,2868,ITI,ITI1,9,Toscana
2021-03-04,UMB,4487,1855,2632,3659,828,ITI,ITI2,10,Umbria
2021-04-24,MOL,2551,1202,1349,710,1841,ITF,ITF2,14,Molise
2021-01-24,PAB,12,10,2,0,12,ITH,ITH1,4,Provincia Autonoma Bolzano / Bozen
2021-01-31,PUG,1814,830,984,75,1739,ITF,ITF4,16,Puglia
2021-02-26,MOL,563,260,303,490,73,ITF,ITF2,14,Molise
2021-03-28,CAL,2564,1185,1379,1510,1054,ITF,ITF6,18,Calabria
2021-01-20,UMB,613,222,391,613,0,ITI,ITI2,10,Umbria
2021-04-30,SIC,34914,16303,18611,23935,10979,ITG,ITG1,19,Sicilia
2021-06-06,MOL,2057,1057,1000,1734,323,ITF,ITF2,14,Molise
2021-04-01,BAS,2726,1108,1618,2006,720,ITF,ITF5,17,Basilicata
2021-05-03,LIG,13270,5918,7352,6458,6812,ITC,ITC3,7,Liguria
2021-05-31,FVG,8868,4412,4456,6707,2161,ITH,ITH4,6,Friuli-Venezia Giulia
2021-02-03,BAS,669,301,368,32,637,ITF,ITF5,17,Basilicata
2021-05-12,VEN,36670,17750,18920,31551,5119,ITH,ITH3,5,Veneto
2021-03-21,LIG,550,220,330,69,481,ITC,ITC3,7,Liguria
2020-12-28,PIE,1,1,0,1,0,ITC,ITC1,1,Piemonte
2021-01-23,LIG,809,295,514,153,656,ITC,ITC3,7,Liguria
2021-01-09,LOM,12411,4573,7838,12411,0,ITC,ITC4,3,Lombardia
2021-01-30,CAL,2181,1149,1032,356,1825,ITF,ITF6,18,Calabria
2021-01-23,CAM,3839,2029,1810,273,3566,ITF,ITF3,15,Campania
2021-03-04,SIC,15071,6569,8502,10953,4118,ITG,ITG1,19,Sicilia
2021-03-07,LOM,12079,5354,6725,9523,2556,ITC,ITC4,3,Lombardia
2021-03-16,VEN,12518,5349,7169,6902,5616,ITH,ITH3,5,Veneto
2021-03-21,CAM,10069,4672,5397,7679,2390,ITF,ITF3,15,Campania
2021-05-17,LIG,12028,5520,6508,8704,3324,ITC,ITC3,7,Liguria
2021-06-12,SIC,44290,21669,22621,38522,5768,ITG,ITG1,19,Sicilia
2021-01-21,TOS,1589,686,903,867,722,ITI,ITI1,9,Toscana
2021-05-07,LAZ,48189,22590,25599,30454,17735,ITI,ITI4,12,Lazio
2021-03-11,LAZ,25144,11779,13365,18914,6230,ITI,ITI4,12,Lazio
2021-03-09,EMR,14754,6019,8735,10799,3955,ITH,ITH5,8,Emilia-Romagna
2021-05-05,EMR,30084,13980,16104,18835,11249,ITH,ITH5,8,Emilia-Romagna
2021-02-03,ABR,2062,717,1345,419,1643,ITF,ITF1,13,Abruzzo
2021-01-27,LOM,8033,2672,5361,808,7225,ITC,ITC4,3,Lombardia
2021-02-17,CAL,1844,807,1037,1633,211,ITF,ITF6,18,Calabria
2021-05-29,PUG,30208,14248,15960,20910,9298,ITF,ITF4,16,Puglia
2021-02-10,CAM,6904,3413,3491,6728,176,ITF,ITF3,15,Campania
2021-03-19,MOL,1184,482,702,757,427,ITF,ITF2,14,Molise
2021-05-02,PIE,25066,11266,13800,14321,10745,ITC,ITC1,1,Piemonte
2021-03-25,LOM,42705,15978,26727,30108,12597,ITC,ITC4,3,Lombardia
2021-04-02,PUG,12832,5992,6840,8309,4523,ITF,ITF4,16,Puglia
2021-05-28,CAL,20966,10193,10773,11518,9448,ITF,ITF6,18,Calabria
2021-01-21,MOL,6,2,4,6,0,ITF,ITF2,14,Molise
2021-04-08,CAM,28374,13735,14639,22534,5840,ITF,ITF3,15,Campania
2021-05-21,LOM,93756,45200,48556,29110,64646,ITC,ITC4,3,Lombardia
2021-01-23,MAR,557,190,367,123,434,ITI,ITI3,11,Marche
2021-02-20,PAT,407,245,162,123,284,ITH,ITH2,4,Provincia Autonoma Trento
2021-06-01,BAS,6135,2925,3210,3059,3076,ITF,ITF5,17,Basilicata
2021-05-08,PUG,54174,22932,31242,24468,29706,ITF,ITF4,16,Puglia
2021-02-18,TOS,8822,3284,5538,7926,896,ITI,ITI1,9,Toscana
2021-04-04,CAM,7965,4017,3948,6919,1046,ITF,ITF3,15,Campania
2021-01-02,MAR,454,139,315,454,0,ITI,ITI3,11,Marche
2021-02-13,CAL,1397,604,793,1032,365,ITF,ITF6,18,Calabria
2021-05-11,BAS,2653,1352,1301,1620,1033,ITF,ITF5,17,Basilicata
2021-05-29,TOS,31540,15249,16291,23389,8151,ITI,ITI1,9,Toscana
2021-06-10,VEN,51540,26633,24907,42411,9129,ITH,ITH3,5,Veneto
2021-06-12,SAR,125,88,37,99,26,ITG,ITG2,20,Sardegna
2021-02-17,ABR,2071,948,1123,1789,282,ITF,ITF1,13,Abruzzo
2021-03-04,SAR,4352,2282,2070,3096,1256,ITG,ITG2,20,Sardegna
2021-04-02,VEN,24040,10597,13443,17710,6330,ITH,ITH3,5,Veneto
2021-04-16,SIC,28554,14334,14220,20286,8268,ITG,ITG1,19,Sicilia
2021-05-17,PIE,30858,14577,16281,17743,13115,ITC,ITC1,1,Piemonte
2021-06-12,CAM,60374,29647,30727,53187,7187,ITF,ITF3,15,Campania
2021-02-06,PIE,7995,2666,5329,400,7595,ITC,ITC1,1,Piemonte
2021-01-23,SIC,4404,2266,2138,210,4194,ITG,ITG1,19,Sicilia
2021-02-23,PIE,9234,3713,5521,8653,581,ITC,ITC1,1,Piemonte
2021-03-04,CAM,14706,5395,9311,8812,5894,ITF,ITF3,15,Campania
2021-03-12,PAB,1664,734,930,1251,413,ITH,ITH1,4,Provincia Autonoma Bolzano / Bozen
2021-03-21,SAR,4030,1809,2221,2590,1440,ITG,ITG2,20,Sardegna
2021-06-11,ABR,11565,5761,5804,8821,2744,ITF,ITF1,13,Abruzzo
2021-01-06,SIC,6232,3281,2951,6232,0,ITG,ITG1,19,Sicilia
2021-03-29,PAB,1171,499,672,412,759,ITH,ITH1,4,Provincia Autonoma Bolzano / Bozen
2021-05-31,PIE,29014,13994,15020,20504,8510,ITC,ITC1,1,Piemonte
2021-06-17,PIE,52,49,3,0,52,ITC,ITC1,1,Piemonte
2021-01-18,PAT,643,154,489,588,55,ITH,ITH2,4,Provincia Autonoma Trento
2021-06-12,LOM,88291,47547,40744,85247,3044,ITC,ITC4,3,Lombardia
2021-03-09,PIE,13967,5428,8539,11624,2343,ITC,ITC1,1,Piemonte
2021-03-21,LOM,23507,8492,15015,18314,5193,ITC,ITC4,3,Lombardia
2021-05-11,ABR,10737,5097,5640,5907,4830,ITF,ITF1,13,Abruzzo
2021-04-02,SIC,13852,6531,7321,9119,4733,ITG,ITG1,19,Sicilia
2021-02-10,SIC,4355,1777,2578,3973,382,ITG,ITG1,19,Sicilia
2021-03-23,TOS,9397,4374,5023,7123,2274,ITI,ITI1,9,Toscana
2021-03-07,MAR,5179,2106,3073,4425,754,ITI,ITI3,11,Marche
2021-03-13,EMR,16132,6357,9775,10819,5313,ITH,ITH5,8,Emilia-Romagna
2021-05-21,SIC,45756,21571,24185,24372,21384,ITG,ITG1,19,Sicilia
2021-03-02,MOL,667,383,284,509,158,ITF,ITF2,14,Molise
2021-06-09,VEN,42215,21674,20541,34864,7351,ITH,ITH3,5,Veneto
2021-06-11,CAL,17294,8491,8803,14736,2558,ITF,ITF6,18,Calabria
2021-02-13,LOM,6417,2441,3976,4941,1476,ITC,ITC4,3,Lombardia
2021-04-20,UMB,5442,2359,3083,3495,1947,ITI,ITI2,10,Umbria
2021-06-10,MOL,2554,1172,1382,1253,1301,ITF,ITF2,14,Molise
2021-01-08,CAL,2137,1025,1112,2137,0,ITF,ITF6,18,Calabria
2021-04-05,BAS,723,233,490,421,302,ITF,ITF5,17,Basilicata
2021-01-27,UMB,840,330,510,13,827,ITI,ITI2,10,Umbria
2021-03-27,EMR,21664,9062,12602,14756,6908,ITH,ITH5,8,Emilia-Romagna
2021-05-07,CAM,59760,29200,30560,43815,15945,ITF,ITF3,15,Campania
2021-03-18,CAL,4399,2054,2345,2343,2056,ITF,ITF6,18,Calabria
2020-12-30,TOS,327,104,223,327,0,ITI,ITI1,9,Toscana
2021-01-10,UMB,1070,277,793,1070,0,ITI,ITI2,10,Umbria
2021-01-27,CAM,7738,3820,3918,162,7576,ITF,ITF3,15,Campania
2021-04-13,EMR,23681,11109,12572,19376,4305,ITH,ITH5,8,Emilia-Romagna
2021-06-04,FVG,11817,6053,5764,10497,1320,ITH,ITH4,6,Friuli-Venezia Giulia
2021-05-21,UMB,8972,3668,5304,4135,4837,ITI,ITI2,10,Umbria
2021-01-03,EMR,2763,943,1820,2763,0,ITH,ITH5,8,Emilia-Romagna
2021-03-22,BAS,1186,535,651,638,548,ITF,ITF5,17,Basilicata
2021-05-04,UMB,5535,2545,2990,2410,3125,ITI,ITI2,10,Umbria
2021-04-01,LAZ,29482,13925,15557,22341,7141,ITI,ITI4,12,Lazio
2021-01-13,SAR,573,178,395,573,0,ITG,ITG2,20,Sardegna
2021-04-01,UMB,4376,1838,2538,2366,2010,ITI,ITI2,10,Umbria
2021-05-24,LIG,11811,5557,6254,9327,2484,ITC,ITC3,7,Liguria
2021-01-21,PAB,953,442,511,139,814,ITH,ITH1,4,Provincia Autonoma Bolzano / Bozen
2021-05-25,VDA,1115,530,585,541,574,ITC,ITC2,2,Valle d'Aosta / Vallée d'Aoste
2021-03-13,FVG,2936,1121,1815,1665,1271,ITH,ITH4,6,Friuli-Venezia Giulia
2021-01-25,VEN,6468,2075,4393,159,6309,ITH,ITH3,5,Veneto
2021-02-14,VDA,48,16,32,1,47,ITC,ITC2,2,Valle d'Aosta / Vallée d'Aoste
2021-04-05,ABR,2693,1147,1546,1813,880,ITF,ITF1,13,Abruzzo
2021-05-07,LIG,13594,6036,7558,5802,7792,ITC,ITC3,7,Liguria
2021-01-01,PIE,1038,395,643,1038,0,ITC,ITC1,1,Piemonte
2021-05-08,VDA,904,540,364,526,378,ITC,ITC2,2,Valle d'Aosta / Vallée d'Aoste
2021-01-13,LOM,26358,8053,18305,26358,0,ITC,ITC4,3,Lombardia
2021-02-13,LIG,1080,508,572,800,280,ITC,ITC3,7,Liguria
2021-06-12,PUG,32979,16427,16552,24376,8603,ITF,ITF4,16,Puglia
2021-03-03,BAS,1746,816,930,1187,559,ITF,ITF5,17,Basilicata
2021-04-02,MOL,1453,708,745,676,777,ITF,ITF2,14,Molise
2021-05-02,PAT,3514,1955,1559,3477,37,ITH,ITH2,4,Provincia Autonoma Trento
2021-06-07,LIG,15652,7642,8010,8654,6998,ITC,ITC3,7,Liguria
2021-01-16,MAR,2034,732,1302,2034,0,ITI,ITI3,11,Marche
2021-02-27,CAL,3996,2057,1939,3615,381,ITF,ITF6,18,Calabria
2021-05-25,BAS,4328,2174,2154,978,3350,ITF,ITF5,17,Basilicata
2021-04-01,SIC,14250,6613,7637,9586,4664,ITG,ITG1,19,Sicilia
2021-05-02,EMR,25576,11649,13927,13585,11991,ITH,ITH5,8,Emilia-Romagna
2021-05-12,TOS,34157,15559,18598,14164,19993,ITI,ITI1,9,Toscana
2021-05-08,MOL,2973,1454,1519,1729,1244,ITF,ITF2,14,Molise
2021-01-22,EMR,1829,477,1352,1088,741,ITH,ITH5,8,Emilia-Romagna
2021-03-01,UMB,1503,774,729,1389,114,ITI,ITI2,10,Umbria
2021-01-18,TOS,1119,636,483,1021,98,ITI,ITI1,9,Toscana
2021-04-20,VEN,22428,9494,12934,8429,13999,ITH,ITH3,5,Veneto
2021-04-21,MOL,1863,789,1074,968,895,ITF,ITF2,14,Molise
2021-02-08,EMR,5231,1534,3697,2318,2913,ITH,ITH5,8,Emilia-Romagna
2021-02-14,BAS,151,48,103,151,0,ITF,ITF5,17,Basilicata
2021-06-09,UMB,8045,3896,4149,7325,720,ITI,ITI2,10,Umbria
2021-05-16,EMR,25842,12167,13675,18730,7112,ITH,ITH5,8,Emilia-Romagna
2021-01-27,CAL,1461,735,726,397,1064,ITF,ITF6,18,Calabria
2021-01-28,PUG,5474,2278,3196,471,5003,ITF,ITF4,16,Puglia
2021-01-12,ABR,1804,666,1138,1804,0,ITF,ITF1,13,Abruzzo
2021-06-12,VEN,47528,23961,23567,36977,10551,ITH,ITH3,5,Veneto
2021-04-04,SAR,1,0,1,0,1,ITG,ITG2,20,Sardegna
2021-01-04,TOS,5065,1894,3171,5065,0,ITI,ITI1,9,Toscana
2021-04-08,VDA,584,282,302,441,143,ITC,ITC2,2,Valle d'Aosta / Vallée d'Aoste
2021-05-24,LAZ,43777,20037,23740,34111,9666,ITI,ITI4,12,Lazio
2021-05-26,UMB,9646,4567,5079,8393,1253,ITI,ITI2,10,Umbria
2021-04-14,TOS,20166,8335,11831,15059,5107,ITI,ITI1,9,Toscana
2021-05-12,PAT,3299,1491,1808,2114,1185,ITH,ITH2,4,Provincia Autonoma Trento
2021-02-18,CAM,9080,3813,5267,8373,707,ITF,ITF3,15,Campania
2021-02-28,PUG,6052,1806,4246,5866,186,ITF,ITF4,16,Puglia
2021-06-03,MAR,14645,7478,7167,12382,2263,ITI,ITI3,11,Marche
2021-03-16,PAT,1391,506,885,608,783,ITH,ITH2,4,Provincia Autonoma Trento
2021-05-25,MOL,1963,887,1076,1333,630,ITF,ITF2,14,Molise
2021-06-08,PAB,4143,2115,2028,828,3315,ITH,ITH1,4,Provincia Autonoma Bolzano / Bozen
2021-01-15,EMR,7750,2404,5346,7750,0,ITH,ITH5,8,Emilia-Romagna
2021-05-14,PAT,5312,2539,2773,3932,1380,ITH,ITH2,4,Provincia Autonoma Trento
2021-02-02,ABR,1763,668,1095,222,1541,ITF,ITF1,13,Abruzzo
2021-05-13,ABR,11148,5042,6106,7189,3959,ITF,ITF1,13,Abruzzo
2021-06-13,VDA,851,399,452,373,478,ITC,ITC2,2,Valle d'Aosta / Vallée d'Aoste
2021-02-08,PIE,6917,2356,4561,666,6251,ITC,ITC1,1,Piemonte
2021-01-03,LAZ,5251,1973,3278,5251,0,ITI,ITI4,12,Lazio
2021-05-12,PUG,36441,16263,20178,23979,12462,ITF,ITF4,16,Puglia
2021-06-14,TOS,31757,16301,15456,27664,4093,ITI,ITI1,9,Toscana
2021-01-04,MOL,314,131,183,314,0,ITF,ITF2,14,Molise
2021-04-25,CAM,30731,15170,15561,25338,5393,ITF,ITF3,15,Campania
2021-01-01,SIC,817,437,380,817,0,ITG,ITG1,19,Sicilia
2021-03-31,ABR,6709,2936,3773,4640,2069,ITF,ITF1,13,Abruzzo
2021-04-13,LAZ,25733,11924,13809,18017,7716,ITI,ITI4,12,Lazio
2021-04-14,MOL,1806,767,1039,1145,661,ITF,ITF2,14,Molise
2021-04-08,FVG,7378,3173,4205,5456,1922,ITH,ITH4,6,Friuli-Venezia Giulia
2021-02-16,MOL,156,70,86,150,6,ITF,ITF2,14,Molise
2021-04-20,SIC,19088,9003,10085,13840,5248,ITG,ITG1,19,Sicilia
2021-02-18,MAR,2101,745,1356,1815,286,ITI,ITI3,11,Marche
2021-05-27,MOL,2834,1348,1486,1998,836,ITF,ITF2,14,Molise
2021-04-23,LIG,14672,6637,8035,8552,6120,ITC,ITC3,7,Liguria
2021-05-21,FVG,11148,4990,6158,8184,2964,ITH,ITH4,6,Friuli-Venezia Giulia
2021-06-09,EMR,42055,21394,20661,35915,6140,ITH,ITH5,8,Emilia-Romagna
2021-05-29,MAR,12788,6194,6594,8260,4528,ITI,ITI3,11,Marche
2021-01-24,BAS,837,300,537,58,779,ITF,ITF5,17,Basilicata
2021-02-10,FVG,1352,496,856,1266,86,ITH,ITH4,6,Friuli-Venezia Giulia
2021-03-01,EMR,10099,3582,6517,7841,2258,ITH,ITH5,8,Emilia-Romagna
2021-05-02,VEN,37237,17264,19973,26905,10332,ITH,ITH3,5,Veneto
2021-05-15,ABR,11427,5175,6252,6125,5302,ITF,ITF1,13,Abruzzo
2021-02-01,FVG,2097,688,1409,16,2081,ITH,ITH4,6,Friuli-Venezia Giulia
2021-03-11,LIG,6389,3086,3303,4383,2006,ITC,ITC3,7,Liguria
2021-05-28,UMB,9569,4426,5143,7278,2291,ITI,ITI2,10,Umbria
2021-01-13,LIG,2754,1013,1741,2754,0,ITC,ITC3,7,Liguria
2021-05-13,BAS,5985,2967,3018,3388,2597,ITF,ITF5,17,Basilicata
2021-06-08,VDA,712,356,356,679,33,ITC,ITC2,2,Valle d'Aosta / Vallée d'Aoste
2021-05-04,EMR,29266,13702,15564,15607,13659,ITH,ITH5,8,Emilia-Romagna
2021-06-14,VEN,42314,21388,20926,27092,15222,ITH,ITH3,5,Veneto
2021-01-08,LAZ,7729,2895,4834,7729,0,ITI,ITI4,12,Lazio
2021-01-13,CAM,8020,3666,4354,8020,0,ITF,ITF3,15,Campania
2021-04-15,UMB,7634,3486,4148,5747,1887,ITI,ITI2,10,Umbria
2021-06-16,SAR,17619,8263,9356,12320,5299,ITG,ITG2,20,Sardegna
2021-02-08,PAT,1151,318,833,342,809,ITH,ITH2,4,Provincia Autonoma Trento
2021-03-04,TOS,17847,6950,10897,14765,3082,ITI,ITI1,9,Toscana
2021-03-06,VEN,10667,4356,6311,7405,3262,ITH,ITH3,5,Veneto
2021-04-28,PAB,2464,1302,1162,2459,5,ITH,ITH1,4,Provincia Autonoma Bolzano / Bozen
2021-02-17,UMB,1618,748,870,1267,351,ITI,ITI2,10,Umbria
2021-05-21,PIE,36021,16739,19282,20386,15635,ITC,ITC1,1,Piemonte
2021-01-04,LIG,2615,854,1761,2615,0,ITC,ITC3,7,Liguria
2021-01-23,PUG,3040,1294,1746,886,2154,ITF,ITF4,16,Puglia
2021-05-29,MOL,2343,1216,1127,1953,390,ITF,ITF2,14,Molise
2021-03-13,CAL,6895,3009,3886,5928,967,ITF,ITF6,18,Calabria
2021-05-03,PUG,33268,14872,18396,22647,10621,ITF,ITF4,16,Puglia
2021-02-27,EMR,10966,3999,6967,9228,1738,ITH,ITH5,8,Emilia-Romagna
2021-03-07,PUG,4982,1999,2983,4411,571,ITF,ITF4,16,Puglia
2020-12-30,VEN,699,245,454,699,0,ITH,ITH3,5,Veneto
2021-04-25,EMR,22345,10240,12105,14837,7508,ITH,ITH5,8,Emilia-Romagna
2021-01-01,SAR,32,17,15,32,0,ITG,ITG2,20,Sardegna
2021-02-16,MAR,1288,475,813,1258,30,ITI,ITI3,11,Marche
2021-02-26,VDA,207,58,149,122,85,ITC,ITC2,2,Valle d'Aosta / Vallée d'Aoste
2021-04-13,UMB,7686,3403,4283,6016,1670,ITI,ITI2,10,Umbria
2021-05-14,FVG,10725,5343,5382,8144,2581,ITH,ITH4,6,Friuli-Venezia Giulia
2021-02-25,MAR,3509,1434,2075,3330,179,ITI,ITI3,11,Marche
2021-02-27,SAR,1921,647,1274,1366,555,ITG,ITG2,20,Sardegna
2021-02-03,FVG,2647,791,1856,23,2624,ITH,ITH4,6,Friuli-Venezia Giulia
2021-02-15,UMB,1368,692,676,1367,1,ITI,ITI2,10,Umbria
2021-02-01,PIE,8645,3055,5590,579,8066,ITC,ITC1,1,Piemonte
2021-04-18,CAM,27218,13283,13935,18318,8900,ITF,ITF3,15,Campania
2021-05-08,BAS,4835,2399,2436,3429,1406,ITF,ITF5,17,Basilicata
2021-06-05,MAR,13928,7004,6924,11869,2059,ITI,ITI3,11,Marche
2021-01-15,CAL,2799,1258,1541,2799,0,ITF,ITF6,18,Calabria
2021-04-10,VDA,404,190,214,399,5,ITC,ITC2,2,Valle d'Aosta / Vallée d'Aoste
2021-01-08,CAM,10454,4967,5487,10454,0,ITF,ITF3,15,Campania
2021-01-16,PAB,2840,1265,1575,2840,0,ITH,ITH1,4,Provincia Autonoma Bolzano / Bozen
2020-12-31,VDA,18,4,14,18,0,ITC,ITC2,2,Valle d'Aosta / Vallée d'Aoste
2021-01-03,UMB,270,112,158,270,0,ITI,ITI2,10,Umbria
2021-02-20,LOM,9335,3867,5468,9038,297,ITC,ITC4,3,Lombardia
2021-04-25,CAL,15828,8033,7795,14695,1133,ITF,ITF6,18,Calabria
2021-05-05,PUG,39066,17117,21949,24910,14156,ITF,ITF4,16,Puglia
2021-06-06,VDA,1160,582,578,787,373,ITC,ITC2,2,Valle d'Aosta / Vallée d'Aoste
2021-04-23,MAR,11159,5140,6019,8104,3055,ITI,ITI3,11,Marche
2021-05-21,PAT,5041,2416,2625,3339,1702,ITH,ITH2,4,Provincia Autonoma Trento
2021-01-06,TOS,4520,1460,3060,4520,0,ITI,ITI1,9,Toscana
2021-03-10,ABR,5045,1681,3364,4089,956,ITF,ITF1,13,Abruzzo
2021-05-08,PAB,4428,2382,2046,3764,664,ITH,ITH1,4,Provincia Autonoma Bolzano / Bozen
2021-01-30,LAZ,7012,2894,4118,807,6205,ITI,ITI4,12,Lazio
2021-02-01,UMB,1285,342,943,48,1237,ITI,ITI2,10,Umbria
2021-02-04,CAM,7943,3429,4514,1308,6635,ITF,ITF3,15,Campania
2021-05-12,SIC,36745,17305,19440,21882,14863,ITG,ITG1,19,Sicilia
2021-03-13,BAS,1797,889,908,752,1045,ITF,ITF5,17,Basilicata
2021-02-18,UMB,1496,582,914,1030,466,ITI,ITI2,10,Umbria
2021-03-03,PAB,1179,393,786,1166,13,ITH,ITH1,4,Provincia Autonoma Bolzano / Bozen
2021-05-17,LOM,94598,45331,49267,30208,64390,ITC,ITC4,3,Lombardia
2021-01-27,FVG,1272,425,847,450,822,ITH,ITH4,6,Friuli-Venezia Giulia
2021-02-07,BAS,374,159,215,49,325,ITF,ITF5,17,Basilicata
2021-01-01,CAM,919,506,413,919,0,ITF,ITF3,15,Campania
2021-04-28,MOL,1692,922,770,475,1217,ITF,ITF2,14,Molise
2021-05-14,VEN,46607,22164,24443,25776,20831,ITH,ITH3,5,Veneto
2021-05-18,BAS,5896,2855,3041,3403,2493,ITF,ITF5,17,Basilicata
2021-02-04,PUG,5929,2366,3563,1195,4734,ITF,ITF4,16,Puglia
2021-05-09,EMR,25609,12252,13357,18642,6967,ITH,ITH5,8,Emilia-Romagna
2021-01-29,EMR,10414,3496,6918,290,10124,ITH,ITH5,8,Emilia-Romagna
2021-04-08,SIC,16575,8208,8367,8122,8453,ITG,ITG1,19,Sicilia
2021-05-07,FVG,10591,4844,5747,7094,3497,ITH,ITH4,6,Friuli-Venezia Giulia
2021-01-15,LAZ,6580,2706,3874,6580,0,ITI,ITI4,12,Lazio
2021-02-20,VEN,6424,2014,4410,6353,71,ITH,ITH3,5,Veneto
2021-03-04,PAT,2359,794,1565,1581,778,ITH,ITH2,4,Provincia Autonoma Trento
2020-12-30,LIG,12,5,7,12,0,ITC,ITC3,7,Liguria
2021-02-15,EMR,2904,851,2053,2779,125,ITH,ITH5,8,Emilia-Romagna
2021-04-25,LAZ,24515,11244,13271,16703,7812,ITI,ITI4,12,Lazio
2021-04-20,PIE,25472,11661,13811,19126,6346,ITC,ITC1,1,Piemonte
2021-03-25,CAM,20315,9647,10668,16812,3503,ITF,ITF3,15,Campania
2021-05-01,BAS,4703,2136,2567,3952,751,ITF,ITF5,17,Basilicata
2021-01-19,ABR,111,55,56,91,20,ITF,ITF1,13,Abruzzo
2021-03-18,TOS,9979,3984,5995,6007,3972,ITI,ITI1,9,Toscana
2021-05-09,FVG,7355,3301,4054,3498,3857,ITH,ITH4,6,Friuli-Venezia Giulia
2021-02-07,ABR,778,307,471,201,577,ITF,ITF1,13,Abruzzo
2021-02-22,SAR,1639,949,690,1411,228,ITG,ITG2,20,Sardegna
2021-03-02,MAR,4953,1941,3012,4387,566,ITI,ITI3,11,Marche
2021-04-13,CAL,6760,3266,3494,5461,1299,ITF,ITF6,18,Calabria
2021-05-07,PIE,33042,15620,17422,18925,14117,ITC,ITC1,1,Piemonte
2021-01-27,EMR,8361,2947,5414,462,7899,ITH,ITH5,8,Emilia-Romagna
2021-01-27,PIE,4196,1453,2743,999,3197,ITC,ITC1,1,Piemonte
2021-05-19,LOM,82752,39537,43215,33794,48958,ITC,ITC4,3,Lombardia
2021-06-10,MAR,14673,7564,7109,12660,2013,ITI,ITI3,11,Marche
2021-01-20,CAL,1399,626,773,1398,1,ITF,ITF6,18,Calabria
2021-02-13,PIE,4153,1334,2819,2931,1222,ITC,ITC1,1,Piemonte
2021-03-11,SAR,6415,3080,3335,5213,1202,ITG,ITG2,20,Sardegna
2021-02-08,LOM,10080,2918,7162,2130,7950,ITC,ITC4,3,Lombardia
2021-05-17,PUG,32709,15155,17554,20859,11850,ITF,ITF4,16,Puglia
2021-06-09,TOS,34687,17484,17203,34272,415,ITI,ITI1,9,Toscana
2021-02-25,LOM,15246,6316,8930,13688,1558,ITC,ITC4,3,Lombardia
2021-01-03,CAL,6,3,3,6,0,ITF,ITF6,18,Calabria
2021-04-11,LIG,4247,1929,2318,3998,249,ITC,ITC3,7,Liguria
2021-06-02,VEN,20304,10234,10070,15957,4347,ITH,ITH3,5,Veneto
2021-02-21,MOL,574,227,347,572,2,ITF,ITF2,14,Molise
2021-03-29,VDA,493,233,260,453,40,ITC,ITC2,2,Valle d'Aosta / Vallée d'Aoste
2021-01-21,ABR,157,47,110,157,0,ITF,ITF1,13,Abruzzo
2021-03-27,CAL,8598,3894,4704,4594,4004,ITF,ITF6,18,Calabria
2021-05-16,UMB,5319,2536,2783,5267,52,ITI,ITI2,10,Umbria
2021-02-04,MOL,758,295,463,77,681,ITF,ITF2,14,Molise
2021-04-04,TOS,13914,6604,7310,13661,253,ITI,ITI1,9,Toscana
2021-05-26,FVG,13196,6603,6593,9787,3409,ITH,ITH4,6,Friuli-Venezia Giulia
2021-03-12,VDA,531,175,356,305,226,ITC,ITC2,2,Valle d'Aosta / Vallée d'Aoste
2021-05-01,ABR,10746,5052,5694,5772,4974,ITF,ITF1,13,Abruzzo
2021-05-24,MAR,10796,5111,5685,8122,2674,ITI,ITI3,11,Marche
2021-02-15,FVG,2454,912,1542,2201,253,ITH,ITH4,6,Friuli-Venezia Giulia
2021-05-15,MOL,2979,1398,1581,2595,384,ITF,ITF2,14,Molise
2021-02-06,LOM,15253,5536,9717,1014,14239,ITC,ITC4,3,Lombardia
2021-02-20,SIC,7139,3692,3447,6897,242,ITG,ITG1,19,Sicilia
2021-04-06,LAZ,24359,11087,13272,17248,7111,ITI,ITI4,12,Lazio
2021-05-20,ABR,12591,5818,6773,7336,5255,ITF,ITF1,13,Abruzzo
2021-05-10,PAB,3018,1300,1718,1413,1605,ITH,ITH1,4,Provincia Autonoma Bolzano / Bozen
2021-05-09,PIE,27068,12905,14163,13449,13619,ITC,ITC1,1,Piemonte
2021-06-04,SAR,14372,6866,7506,9821,4551,ITG,ITG2,20,Sardegna
2021-01-18,LIG,2137,745,1392,1980,157,ITC,ITC3,7,Liguria
2021-01-27,PAT,804,277,527,93,711,ITH,ITH2,4,Provincia Autonoma Trento
2021-02-03,SIC,5919,2777,3142,721,5198,ITG,ITG1,19,Sicilia
2021-03-16,TOS,4899,1882,3017,2648,2251,ITI,ITI1,9,Toscana
2020-12-27,LAZ,274,132,142,274,0,ITI,ITI4,12,Lazio
2021-02-13,PAT,537,333,204,172,365,ITH,ITH2,4,Provincia Autonoma Trento
2021-02-27,TOS,1984,756,1228,1082,902,ITI,ITI1,9,Toscana
2021-03-11,VEN,19817,8881,10936,14248,5569,ITH,ITH3,5,Veneto
2021-03-13,SAR,2755,1076,1679,2474,281,ITG,ITG2,20,Sardegna
2021-05-26,PIE,32698,15092,17606,15639,17059,ITC,ITC1,1,Piemonte
2021-01-20,CAM,1257,650,607,1257,0,ITF,ITF3,15,Campania
2021-04-27,SIC,26237,12640,13597,15524,10713,ITG,ITG1,19,Sicilia
2021-02-15,PIE,4432,1597,2835,3227,1205,ITC,ITC1,1,Piemonte
2021-05-22,MAR,11937,5719,6218,7489,4448,ITI,ITI3,11,Marche
2021-03-04,PIE,14501,5738,8763,11553,2948,ITC,ITC1,1,Piemonte
2021-03-08,CAL,5420,2905,2515,4354,1066,ITF,ITF6,18,Calabria
2021-03-30,SAR,8777,3590,5187,6501,2276,ITG,ITG2,20,Sardegna
2021-04-27,UMB,5667,2403,3264,3090,2577,ITI,ITI2,10,Umbria
2021-02-26,BAS,2149,904,1245,2069,80,ITF,ITF5,17,Basilicata
2021-02-03,UMB,725,174,551,67,658,ITI,ITI2,10,Umbria
2021-03-10,VDA,438,183,255,225,213,ITC,ITC2,2,Valle d'Aosta / Vallée d'Aoste
2021-03-20,LAZ,18914,7414,11500,13030,5884,ITI,ITI4,12,Lazio
2021-05-07,PAT,5988,3080,2908,5149,839,ITH,ITH2,4,Provincia Autonoma Trento
2021-05-14,SIC,52017,24375,27642,36316,15701,ITG,ITG1,19,Sicilia
2021-02-16,PAB,530,205,325,530,0,ITH,ITH1,4,Provincia Autonoma Bolzano / Bozen
2021-02-23,PUG,9349,4421,4928,8872,477,ITF,ITF4,16,Puglia
2021-05-05,LOM,87844,41885,45959,72580,15264,ITC,ITC4,3,Lombardia
2021-03-13,VDA,147,88,59,147,0,ITC,ITC2,2,Valle d'Aosta / Vallée d'Aoste
2021-03-28,TOS,6212,2808,3404,5958,254,ITI,ITI1,9,Toscana
2021-05-29,PAT,2232,1164,1068,840,1392,ITH,ITH2,4,Provincia Autonoma Trento
2021-02-11,FVG,1930,664,1266,1738,192,ITH,ITH4,6,Friuli-Venezia Giulia
2021-03-02,LAZ,17192,7609,9583,13258,3934,ITI,ITI4,12,Lazio
2021-03-12,MAR,4640,1972,2668,3402,1238,ITI,ITI3,11,Marche
2021-01-30,TOS,4622,1622,3000,198,4424,ITI,ITI1,9,Toscana
2021-04-02,PAT,2819,1152,1667,2144,675,ITH,ITH2,4,Provincia Autonoma Trento
2021-01-14,MAR,2010,692,1318,2010,0,ITI,ITI3,11,Marche
2021-04-09,FVG,7891,3646,4245,6647,1244,ITH,ITH4,6,Friuli-Venezia Giulia
2021-05-23,BAS,4517,2302,2215,1533,2984,ITF,ITF5,17,Basilicata
2021-04-16,PAT,2838,1344,1494,2693,145,ITH,ITH2,4,Provincia Autonoma Trento
2021-05-10,TOS,26184,12383,13801,15566,10618,ITI,ITI1,9,Toscana
2021-01-18,LAZ,6267,2557,3710,5289,978,ITI,ITI4,12,Lazio
2021-04-25,UMB,4364,1685,2679,4282,82,ITI,ITI2,10,Umbria
2021-01-15,VDA,218,82,136,218,0,ITC,ITC2,2,Valle d'Aosta / Vallée d'Aoste
2021-02-18,PAT,1208,426,782,1146,62,ITH,ITH2,4,Provincia Autonoma Trento
2021-03-14,TOS,7174,2569,4605,3239,3935,ITI,ITI1,9,Toscana
2021-03-31,PUG,14480,6756,7724,8922,5558,ITF,ITF4,16,Puglia
2021-04-28,LAZ,32909,15022,17887,21348,11561,ITI,ITI4,12,Lazio
2021-03-07,VEN,4485,1766,2719,3925,560,ITH,ITH3,5,Veneto
2021-04-29,PAB,2630,1351,1279,1936,694,ITH,ITH1,4,Provincia Autonoma Bolzano / Bozen
2021-05-19,CAL,18349,9085,9264,11360,6989,ITF,ITF6,18,Calabria
2021-01-14,LIG,2981,1055,1926,2981,0,ITC,ITC3,7,Liguria
2021-02-02,PUG,4346,1847,2499,593,3753,ITF,ITF4,16,Puglia
2021-05-12,CAM,40867,19939,20928,31716,9151,ITF,ITF3,15,Campania
2021-01-19,PAB,853,371,482,723,130,ITH,ITH1,4,Provincia Autonoma Bolzano / Bozen
2021-03-03,MOL,672,316,356,590,82,ITF,ITF2,14,Molise
2021-03-23,CAL,5230,2449,2781,3422,1808,ITF,ITF6,18,Calabria
2021-05-03,VEN,40656,19785,20871,34221,6435,ITH,ITH3,5,Veneto
2021-05-13,PUG,38536,17184,21352,21424,17112,ITF,ITF4,16,Puglia
2021-01-05,MOL,449,180,269,449,0,ITF,ITF2,14,Molise
2020-12-30,FVG,626,244,382,626,0,ITH,ITH4,6,Friuli-Venezia Giulia
2021-03-17,PUG,10343,4700,5643,4170,6173,ITF,ITF4,16,Puglia
2021-03-27,BAS,2241,858,1383,1818,423,ITF,ITF5,17,Basilicata
2021-04-21,SAR,12074,5557,6517,6541,5533,ITG,ITG2,20,Sardegna
2021-04-24,MAR,12022,5303,6719,7558,4464,ITI,ITI3,11,Marche
2021-06-05,FVG,10288,5316,4972,8740,1548,ITH,ITH4,6,Friuli-Venezia Giulia
2021-01-11,SAR,1183,505,678,1183,0,ITG,ITG2,20,Sardegna
2021-02-25,FVG,3164,1651,1513,3135,29,ITH,ITH4,6,Friuli-Venezia Giulia
2021-02-26,MAR,3628,1498,2130,3152,476,ITI,ITI3,11,Marche
2021-03-12,LIG,6214,2870,3344,3745,2469,ITC,ITC3,7,Liguria
2021-06-17,SAR,6280,2890,3390,3032,3248,ITG,ITG2,20,Sardegna
2021-03-27,LAZ,26163,10524,15639,19691,6472,ITI,ITI4,12,Lazio
2021-02-09,PAB,317,126,191,1,316,ITH,ITH1,4,Provincia Autonoma Bolzano / Bozen
2021-03-31,VDA,555,302,253,529,26,ITC,ITC2,2,Valle d'Aosta / Vallée d'Aoste
2021-04-17,ABR,7346,3398,3948,4293,3053,ITF,ITF1,13,Abruzzo
2021-05-19,LIG,13570,5962,7608,10451,3119,ITC,ITC3,7,Liguria
2021-06-16,FVG,11599,5658,5941,3913,7686,ITH,ITH4,6,Friuli-Venezia Giulia
2021-01-25,SAR,589,213,376,22,567,ITG,ITG2,20,Sardegna
2021-02-19,ABR,3300,1551,1749,3200,100,ITF,ITF1,13,Abruzzo
2021-03-23,LIG,9261,4214,5047,6052,3209,ITC,ITC3,7,Liguria
2021-05-23,LAZ,47073,22833,24240,39697,7376,ITI,ITI4,12,Lazio
2021-05-27,VDA,1089,497,592,586,503,ITC,ITC2,2,Valle d'Aosta / Vallée d'Aoste
2021-05-13,VDA,1139,556,583,540,599,ITC,ITC2,2,Valle d'Aosta / Vallée d'Aoste
2021-05-12,MAR,10426,4687,5739,4924,5502,ITI,ITI3,11,Marche
2021-05-28,VEN,46524,22790,23734,24804,21720,ITH,ITH3,5,Veneto
2021-01-07,BAS,640,319,321,640,0,ITF,ITF5,17,Basilicata
2021-01-06,PAT,42,13,29,42,0,ITH,ITH2,4,Provincia Autonoma Trento
2021-01-18,LOM,9147,2969,6178,8172,975,ITC,ITC4,3,Lombardia
2021-02-02,VDA,272,70,202,2,270,ITC,ITC2,2,Valle d'Aosta / Vallée d'Aoste
2021-05-09,LAZ,37535,17255,20280,26265,11270,ITI,ITI4,12,Lazio
2021-05-16,SAR,8166,3813,4353,6006,2160,ITG,ITG2,20,Sardegna
2021-01-13,PIE,10085,3226,6859,10085,0,ITC,ITC1,1,Piemonte
2021-06-16,PIE,39668,19908,19760,23628,16040,ITC,ITC1,1,Piemonte
2021-05-10,MOL,2889,1285,1604,2516,373,ITF,ITF2,14,Molise
2021-03-23,LOM,42560,15461,27099,29702,12858,ITC,ITC4,3,Lombardia
2021-05-03,MOL,2484,1164,1320,2321,163,ITF,ITF2,14,Molise
2021-05-16,SIC,33132,16135,16997,21810,11322,ITG,ITG1,19,Sicilia
2021-02-15,CAL,1143,541,602,993,150,ITF,ITF6,18,Calabria
2021-03-06,UMB,4316,1153,3163,4173,143,ITI,ITI2,10,Umbria
2021-03-25,EMR,21468,9412,12056,14480,6988,ITH,ITH5,8,Emilia-Romagna
2021-02-19,BAS,1623,738,885,1561,62,ITF,ITF5,17,Basilicata
2021-05-21,EMR,39165,17508,21657,22204,16961,ITH,ITH5,8,Emilia-Romagna
2021-01-22,UMB,276,105,171,32,244,ITI,ITI2,10,Umbria
2021-05-02,SIC,24619,11431,13188,18019,6600,ITG,ITG1,19,Sicilia
2021-02-10,EMR,4022,1385,2637,2766,1256,ITH,ITH5,8,Emilia-Romagna
2021-01-07,ABR,1603,552,1051,1603,0,ITF,ITF1,13,Abruzzo
2021-05-02,UMB,3787,1868,1919,1333,2454,ITI,ITI2,10,Umbria
2021-04-08,EMR,31205,14330,16875,25902,5303,ITH,ITH5,8,Emilia-Romagna
2021-03-20,SIC,18573,8967,9606,13436,5137,ITG,ITG1,19,Sicilia
2021-02-08,CAM,5113,2449,2664,4310,803,ITF,ITF3,15,Campania
2021-03-20,UMB,2308,842,1466,2283,25,ITI,ITI2,10,Umbria
2021-02-06,TOS,4527,1550,2977,1294,3233,ITI,ITI1,9,Toscana
2021-02-02,PAB,1745,506,1239,8,1737,ITH,ITH1,4,Provincia Autonoma Bolzano / Bozen
2021-05-16,LAZ,50902,24511,26391,37425,13477,ITI,ITI4,12,Lazio
2021-02-01,LIG,2557,922,1635,90,2467,ITC,ITC3,7,Liguria
2021-05-20,VDA,807,363,444,367,440,ITC,ITC2,2,Valle d'Aosta / Vallée d'Aoste
2021-04-27,FVG,8091,3711,4380,3625,4466,ITH,ITH4,6,Friuli-Venezia Giulia
2021-05-12,LIG,12017,5443,6574,6677,5340,ITC,ITC3,7,Liguria
2021-01-06,PIE,3116,1111,2005,3116,0,ITC,ITC1,1,Piemonte
2021-05-26,LIG,16653,8407,8246,12280,4373,ITC,ITC3,7,Liguria
2021-03-24,VDA,515,230,285,258,257,ITC,ITC2,2,Valle d'Aosta / Vallée d'Aoste
2021-03-30,LIG,12188,5417,6771,8800,3388,ITC,ITC3,7,Liguria
2021-05-17,MOL,2228,1092,1136,1732,496,ITF,ITF2,14,Molise
2021-06-16,PAT,5996,3224,2772,1998,3998,ITH,ITH2,4,Provincia Autonoma Trento
2021-06-04,CAM,74171,35619,38552,65147,9024,ITF,ITF3,15,Campania
2021-04-15,CAL,7686,3764,3922,5995,1691,ITF,ITF6,18,Calabria
2021-05-03,MAR,10197,4605,5592,4790,5407,ITI,ITI3,11,Marche
2021-02-27,FVG,3530,1200,2330,3529,1,ITH,ITH4,6,Friuli-Venezia Giulia
2021-02-28,ABR,1702,508,1194,1700,2,ITF,ITF1,13,Abruzzo
2021-05-07,SIC,36516,17250,19266,24933,11583,ITG,ITG1,19,Sicilia
2021-06-02,TOS,27569,13608,13961,22064,5505,ITI,ITI1,9,Toscana
2021-01-02,ABR,551,219,332,551,0,ITF,ITF1,13,Abruzzo
2021-03-11,SIC,15328,6610,8718,12958,2370,ITG,ITG1,19,Sicilia
2021-04-06,TOS,22214,9815,12399,18500,3714,ITI,ITI1,9,Toscana
2021-04-25,FVG,2365,990,1375,2354,11,ITH,ITH4,6,Friuli-Venezia Giulia
2021-05-23,EMR,25451,11854,13597,13884,11567,ITH,ITH5,8,Emilia-Romagna
2021-06-08,ABR,12642,6499,6143,10445,2197,ITF,ITF1,13,Abruzzo
2021-02-08,TOS,4097,1360,2737,3638,459,ITI,ITI1,9,Toscana
2021-04-01,CAL,8489,3846,4643,3982,4507,ITF,ITF6,18,Calabria
2021-01-27,SIC,7277,3710,3567,178,7099,ITG,ITG1,19,Sicilia
2021-04-26,ABR,8563,4066,4497,7349,1214,ITF,ITF1,13,Abruzzo
2021-05-19,TOS,27914,13556,14358,18882,9032,ITI,ITI1,9,Toscana
2021-05-21,CAM,63644,29555,34089,43177,20467,ITF,ITF3,15,Campania
2021-01-30,LIG,1660,566,1094,24,1636,ITC,ITC3,7,Liguria
2021-03-23,VEN,22202,10235,11967,17490,4712,ITH,ITH3,5,Veneto
2021-05-15,PAB,6997,3685,3312,6702,295,ITH,ITH1,4,Provincia Autonoma Bolzano / Bozen
2021-02-03,LAZ,6488,2488,4000,964,5524,ITI,ITI4,12,Lazio
2021-02-04,PAB,1958,593,1365,8,1950,ITH,ITH1,4,Provincia Autonoma Bolzano / Bozen
2021-05-19,VEN,32823,15030,17793,16919,15904,ITH,ITH3,5,Veneto
2021-01-13,SIC,5121,2422,2699,5121,0,ITG,ITG1,19,Sicilia
2021-01-15,FVG,2021,605,1416,2021,0,ITH,ITH4,6,Friuli-Venezia Giulia
2021-06-01,ABR,10996,4880,6116,6630,4366,ITF,ITF1,13,Abruzzo
2021-03-28,LIG,1141,511,630,390,751,ITC,ITC3,7,Liguria
2021-05-07,SAR,14444,6620,7824,9943,4501,ITG,ITG2,20,Sardegna
2021-04-13,TOS,8487,3506,4981,6029,2458,ITI,ITI1,9,Toscana
2021-01-20,LAZ,4807,1943,2864,3264,1543,ITI,ITI4,12,Lazio
2021-01-27,SAR,1411,496,915,79,1332,ITG,ITG2,20,Sardegna
2021-03-28,MAR,4126,1739,2387,2435,1691,ITI,ITI3,11,Marche
2021-01-08,PAT,1449,313,1136,1449,0,ITH,ITH2,4,Provincia Autonoma Trento
2021-01-31,VDA,291,91,200,58,233,ITC,ITC2,2,Valle d'Aosta / Vallée d'Aoste
2021-06-14,PAT,5709,2956,2753,2108,3601,ITH,ITH2,4,Provincia Autonoma Trento
2021-01-30,MAR,1905,668,1237,28,1877,ITI,ITI3,11,Marche
2021-02-27,PIE,12691,4851,7840,12346,345,ITC,ITC1,1,Piemonte
2021-03-25,SAR,9108,3969,5139,7802,1306,ITG,ITG2,20,Sardegna
2021-06-08,BAS,4577,2187,2390,4220,357,ITF,ITF5,17,Basilicata
2021-04-18,PAT,1855,845,1010,1846,9,ITH,ITH2,4,Provincia Autonoma Trento
2021-04-16,PUG,35948,16895,19053,32667,3281,ITF,ITF4,16,Puglia
2021-04-25,PIE,20233,9305,10928,17732,2501,ITC,ITC1,1,Piemonte
2021-05-14,LAZ,51154,23368,27786,32882,18272,ITI,ITI4,12,Lazio
2021-05-21,SAR,21142,10363,10779,15491,5651,ITG,ITG2,20,Sardegna
2021-02-08,VEN,4976,1541,3435,1929,3047,ITH,ITH3,5,Veneto
2021-04-02,PAB,2077,837,1240,720,1357,ITH,ITH1,4,Provincia Autonoma Bolzano / Bozen
2021-01-15,PIE,9114,3012,6102,9114,0,ITC,ITC1,1,Piemonte
2021-02-18,PUG,4378,1845,2533,3774,604,ITF,ITF4,16,Puglia
2021-03-18,LAZ,14226,6078,8148,7835,6391,ITI,ITI4,12,Lazio
2021-05-07,LOM,92219,43671,48548,69890,22329,ITC,ITC4,3,Lombardia
2021-03-06,PAT,786,277,509,635,151,ITH,ITH2,4,Provincia Autonoma Trento
2021-04-06,VEN,28923,13311,15612,23870,5053,ITH,ITH3,5,Veneto
2021-05-29,PAB,7132,3767,3365,3994,3138,ITH,ITH1,4,Provincia Autonoma Bolzano / Bozen
2021-01-28,MOL,613,217,396,17,596,ITF,ITF2,14,Molise
2021-03-13,PIE,13046,4722,8324,11601,1445,ITC,ITC1,1,Piemonte
2021-04-01,CAM,24674,12004,12670,20541,4133,ITF,ITF3,15,Campania
2021-03-18,LOM,27377,10951,16426,16146,11231,ITC,ITC4,3,Lombardia
2021-04-08,CAL,9384,4423,4961,5797,3587,ITF,ITF6,18,Calabria
2021-04-09,PUG,21958,9448,12510,17336,4622,ITF,ITF4,16,Puglia
2021-05-28,CAM,72957,35243,37714,26885,46072,ITF,ITF3,15,Campania
2021-02-10,CAL,2510,1078,1432,884,1626,ITF,ITF6,18,Calabria
2021-02-11,PUG,3698,1401,2297,2420,1278,ITF,ITF4,16,Puglia
2021-05-14,LOM,85850,41351,44499,55628,30222,ITC,ITC4,3,Lombardia
2021-03-12,MOL,1459,637,822,1423,36,ITF,ITF2,14,Molise
2021-04-11,PAT,2340,1135,1205,2249,91,ITH,ITH2,4,Provincia Autonoma Trento
2021-04-12,BAS,2169,1050,1119,1679,490,ITF,ITF5,17,Basilicata
2021-05-10,MAR,9448,4336,5112,4897,4551,ITI,ITI3,11,Marche
2021-05-22,PUG,34346,15725,18621,23997,10349,ITF,ITF4,16,Puglia
2021-01-14,MOL,646,239,407,646,0,ITF,ITF2,14,Molise
2021-03-14,MAR,2499,1032,1467,1907,592,ITI,ITI3,11,Marche
2021-06-04,CAL,17286,8031,9255,12754,4532,ITF,ITF6,18,Calabria
2021-01-20,SIC,790,403,387,531,259,ITG,ITG1,19,Sicilia
2021-04-18,FVG,6037,2799,3238,5630,407,ITH,ITH4,6,Friuli-Venezia Giulia
2021-04-19,ABR,6227,2858,3369,3855,2372,ITF,ITF1,13,Abruzzo
2021-01-08,FVG,2320,746,1574,2320,0,ITH,ITH4,6,Friuli-Venezia Giulia
2021-02-21,ABR,1218,550,668,1217,1,ITF,ITF1,13,Abruzzo
2021-05-26,TOS,35533,17065,18468,20382,15151,ITI,ITI1,9,Toscana
2021-06-14,FVG,9919,4789,5130,5181,4738,ITH,ITH4,6,Friuli-Venezia Giulia
2021-05-11,UMB,6240,2832,3408,4036,2204,ITI,ITI2,10,Umbria
2021-05-14,CAM,60897,27535,33362,36322,24575,ITF,ITF3,15,Campania
2021-03-30,TOS,17016,7641,9375,13453,3563,ITI,ITI1,9,Toscana
2021-05-21,CAL,21344,10865,10479,13977,7367,ITF,ITF6,18,Calabria
2021-02-20,FVG,2068,933,1135,1924,144,ITH,ITH4,6,Friuli-Venezia Giulia
2021-03-18,SIC,15283,7663,7620,9788,5495,ITG,ITG1,19,Sicilia
2021-06-15,ABR,7077,3455,3622,5510,1567,ITF,ITF1,13,Abruzzo
2021-01-22,FVG,90,30,60,0,90,ITH,ITH4,6,Friuli-Venezia Giulia
2021-02-01,VEN,8561,2502,6059,160,8401,ITH,ITH3,5,Veneto
2021-03-26,PAB,1656,732,924,523,1133,ITH,ITH1,4,Provincia Autonoma Bolzano / Bozen
2021-04-12,ABR,6223,2949,3274,5049,1174,ITF,ITF1,13,Abruzzo
2021-02-06,LIG,1892,768,1124,145,1747,ITC,ITC3,7,Liguria
2021-03-06,FVG,3500,1196,2304,3175,325,ITH,ITH4,6,Friuli-Venezia Giulia
2021-03-18,SAR,7257,3071,4186,5652,1605,ITG,ITG2,20,Sardegna
2021-02-15,VEN,4389,1824,2565,4149,240,ITH,ITH3,5,Veneto
2021-02-27,PAT,1029,457,572,608,421,ITH,ITH2,4,Provincia Autonoma Trento
2021-04-09,PAB,2937,1301,1636,2207,730,ITH,ITH1,4,Provincia Autonoma Bolzano / Bozen
2021-03-18,CAM,12174,5380,6794,5986,6188,ITF,ITF3,15,Campania
2021-04-15,LAZ,31915,14300,17615,21104,10811,ITI,ITI4,12,Lazio
2021-01-31,BAS,77,24,53,0,77,ITF,ITF5,17,Basilicata
2021-02-22,EMR,7482,3091,4391,7210,272,ITH,ITH5,8,Emilia-Romagna
2021-03-15,UMB,4616,1950,2666,2848,1768,ITI,ITI2,10,Umbria
2021-02-01,TOS,5509,1958,3551,521,4988,ITI,ITI1,9,Toscana
2021-05-25,ABR,11367,5286,6081,8234,3133,ITF,ITF1,13,Abruzzo
2021-02-10,LAZ,8188,3399,4789,4849,3339,ITI,ITI4,12,Lazio
2021-02-10,UMB,715,349,366,700,15,ITI,ITI2,10,Umbria
2021-03-13,PAT,831,381,450,783,48,ITH,ITH2,4,Provincia Autonoma Trento
2021-05-09,VEN,35016,16099,18917,24956,10060,ITH,ITH3,5,Veneto
2021-05-21,LAZ,51276,24559,26717,37543,13733,ITI,ITI4,12,Lazio
2021-05-31,MAR,11780,5941,5839,8851,2929,ITI,ITI3,11,Marche
2021-04-05,VDA,462,222,240,458,4,ITC,ITC2,2,Valle d'Aosta / Vallée d'Aoste
2021-06-04,LAZ,61130,29750,31380,43693,17437,ITI,ITI4,12,Lazio
2021-05-02,FVG,6840,3211,3629,3939,2901,ITH,ITH4,6,Friuli-Venezia Giulia
2021-02-20,PIE,3834,1254,2580,3660,174,ITC,ITC1,1,Piemonte
2021-05-17,MAR,11853,5568,6285,7690,4163,ITI,ITI3,11,Marche
2021-01-12,BAS,217,88,129,217,0,ITF,ITF5,17,Basilicata
2021-02-11,MOL,293,133,160,257,36,ITF,ITF2,14,Molise
2021-06-05,PAB,6066,3022,3044,4972,1094,ITH,ITH1,4,Provincia Autonoma Bolzano / Bozen
2021-03-04,LOM,29303,12101,17202,20248,9055,ITC,ITC4,3,Lombardia
2021-04-04,LIG,756,366,390,507,249,ITC,ITC3,7,Liguria
2021-04-23,PUG,29368,13645,15723,24157,5211,ITF,ITF4,16,Puglia
2021-01-31,ABR,1521,493,1028,288,1233,ITF,ITF1,13,Abruzzo
2021-05-04,LAZ,39822,18323,21499,26320,13502,ITI,ITI4,12,Lazio
2021-05-22,MOL,1312,710,602,1228,84,ITF,ITF2,14,Molise
2021-04-18,LIG,2613,1164,1449,2145,468,ITC,ITC3,7,Liguria
2021-05-16,FVG,9962,4765,5197,8563,1399,ITH,ITH4,6,Friuli-Venezia Giulia
2021-05-26,VEN,31021,15163,15858,14560,16461,ITH,ITH3,5,Veneto
2021-05-28,SAR,17937,8688,9249,13664,4273,ITG,ITG2,20,Sardegna
2021-05-10,ABR,10104,4781,5323,5456,4648,ITF,ITF1,13,Abruzzo
2021-02-17,SAR,1407,577,830,1333,74,ITG,ITG2,20,Sardegna
2021-04-30,PAB,3337,1592,1745,1562,1775,ITH,ITH1,4,Provincia Autonoma Bolzano / Bozen
2021-04-29,PIE,48371,21906,26465,35753,12618,ITC,ITC1,1,Piemonte
2021-05-25,SAR,14323,7023,7300,8593,5730,ITG,ITG2,20,Sardegna
2021-01-08,LIG,2926,999,1927,2926,0,ITC,ITC3,7,Liguria
2021-01-20,PAB,617,252,365,409,208,ITH,ITH1,4,Provincia Autonoma Bolzano / Bozen
2021-01-24,SIC,4311,2253,2058,136,4175,ITG,ITG1,19,Sicilia
2021-04-23,ABR,7382,3387,3995,5080,2302,ITF,ITF1,13,Abruzzo
2021-04-30,MAR,13941,6101,7840,5398,8543,ITI,ITI3,11,Marche
2021-01-06,PAB,59,18,41,59,0,ITH,ITH1,4,Provincia Autonoma Bolzano / Bozen
2021-02-14,CAL,465,212,253,435,30,ITF,ITF6,18,Calabria
2021-06-11,SAR,14758,7012,7746,9230,5528,ITG,ITG2,20,Sardegna
2021-01-30,ABR,1510,567,943,69,1441,ITF,ITF1,13,Abruzzo
2021-03-01,VEN,9394,3716,5678,7572,1822,ITH,ITH3,5,Veneto
2021-04-05,CAM,11639,5544,6095,9216,2423,ITF,ITF3,15,Campania
2021-03-03,SAR,4063,2265,1798,2815,1248,ITG,ITG2,20,Sardegna
2021-03-22,LOM,40308,14293,26015,29769,10539,ITC,ITC4,3,Lombardia
2021-05-16,PIE,28123,12766,15357,15057,13066,ITC,ITC1,1,Piemonte
2021-05-25,CAL,16353,7984,8369,10283,6070,ITF,ITF6,18,Calabria
2021-04-08,LOM,52298,21742,30556,35851,16447,ITC,ITC4,3,Lombardia
2021-02-05,PIE,9604,3139,6465,659,8945,ITC,ITC1,1,Piemonte
2020-12-29,LOM,104,44,60,104,0,ITC,ITC4,3,Lombardia
2021-02-24,LAZ,12049,5209,6840,11055,994,ITI,ITI4,12,Lazio
2021-01-24,UMB,258,106,152,1,257,ITI,ITI2,10,Umbria
2021-05-04,SIC,26771,12466,14305,17536,9235,ITG,ITG1,19,Sicilia
2021-04-22,LOM,73851,33360,40491,57533,16318,ITC,ITC4,3,Lombardia
2021-03-17,CAM,11590,5100,6490,5010,6580,ITF,ITF3,15,Campania
2021-04-29,PAT,4638,2237,2401,4428,210,ITH,ITH2,4,Provincia Autonoma Trento
2021-05-10,BAS,4805,2383,2422,2763,2042,ITF,ITF5,17,Basilicata
2021-03-03,LOM,26956,11506,15450,19678,7278,ITC,ITC4,3,Lombardia
2021-04-27,TOS,10350,4912,5438,3866,6484,ITI,ITI1,9,Toscana
2021-03-18,PUG,9438,4272,5166,3309,6129,ITF,ITF4,16,Puglia
2021-04-11,MAR,7117,3115,4002,6831,286,ITI,ITI3,11,Marche
2021-01-22,PAT,1668,433,1235,329,1339,ITH,ITH2,4,Provincia Autonoma Trento
2021-01-26,CAL,1843,877,966,278,1565,ITF,ITF6,18,Calabria
2021-03-10,FVG,3579,1691,1888,1786,1793,ITH,ITH4,6,Friuli-Venezia Giulia
2021-01-27,LIG,1744,603,1141,141,1603,ITC,ITC3,7,Liguria
2021-02-05,PAT,802,272,530,283,519,ITH,ITH2,4,Provincia Autonoma Trento
2021-02-24,FVG,2522,1086,1436,2504,18,ITH,ITH4,6,Friuli-Venezia Giulia
2021-03-29,LAZ,25064,11760,13304,18026,7038,ITI,ITI4,12,Lazio
2021-05-01,EMR,28402,12774,15628,15628,12774,ITH,ITH5,8,Emilia-Romagna
2021-05-16,PAT,1330,735,595,1091,239,ITH,ITH2,4,Provincia Autonoma Trento
2021-03-04,PUG,15337,6087,9250,13917,1420,ITF,ITF4,16,Puglia
2021-03-30,PAB,1298,532,766,218,1080,ITH,ITH1,4,Provincia Autonoma Bolzano / Bozen
2021-06-08,UMB,7264,3584,3680,6743,521,ITI,ITI2,10,Umbria
2021-06-11,CAM,67751,32843,34908,61747,6004,ITF,ITF3,15,Campania
2021-05-21,LIG,12837,5952,6885,9713,3124,ITC,ITC3,7,Liguria
2021-06-09,PUG,41286,20447,20839,30211,11075,ITF,ITF4,16,Puglia
2021-01-28,VDA,291,123,168,56,235,ITC,ITC2,2,Valle d'Aosta / Vallée d'Aoste
2021-03-03,CAM,13922,5495,8427,7292,6630,ITF,ITF3,15,Campania
2021-04-03,VEN,21939,9621,12318,14229,7710,ITH,ITH3,5,Veneto
2021-03-11,MAR,6591,2784,3807,5221,1370,ITI,ITI3,11,Marche
2021-04-16,PAB,2949,1418,1531,2438,511,ITH,ITH1,4,Provincia Autonoma Bolzano / Bozen
2021-04-22,CAL,9614,4794,4820,6776,2838,ITF,ITF6,18,Calabria
2021-01-05,PAT,709,232,477,709,0,ITH,ITH2,4,Provincia Autonoma Trento
2021-02-27,LIG,1888,921,967,1759,129,ITC,ITC3,7,Liguria
2021-03-20,VEN,13006,5385,7621,10927,2079,ITH,ITH3,5,Veneto
2021-03-27,FVG,5351,2897,2454,3940,1411,ITH,ITH4,6,Friuli-Venezia Giulia
2021-02-15,PUG,3254,1268,1986,2634,620,ITF,ITF4,16,Puglia
2021-03-15,LAZ,20654,9575,11079,13912,6742,ITI,ITI4,12,Lazio
2021-03-22,SAR,3695,1496,2199,3182,513,ITG,ITG2,20,Sardegna
2021-03-25,MAR,6657,2772,3885,3249,3408,ITI,ITI3,11,Marche
2021-05-06,CAL,13254,6274,6980,8992,4262,ITF,ITF6,18,Calabria
2021-03-16,MOL,614,230,384,267,347,ITF,ITF2,14,Molise
2021-04-15,PAT,3185,1438,1747,3031,154,ITH,ITH2,4,Provincia Autonoma Trento
2021-03-21,MOL,1246,542,704,479,767,ITF,ITF2,14,Molise
2021-05-21,VEN,44707,21986,22721,20953,23754,ITH,ITH3,5,Veneto
2021-01-25,LOM,7011,2367,4644,473,6538,ITC,ITC4,3,Lombardia
2021-05-06,VDA,1063,509,554,679,384,ITC,ITC2,2,Valle d'Aosta / Vallée d'Aoste
2021-05-31,PUG,37558,18067,19491,23509,14049,ITF,ITF4,16,Puglia
2021-02-01,LOM,16058,5319,10739,303,15755,ITC,ITC4,3,Lombardia
2021-02-12,BAS,775,332,443,744,31,ITF,ITF5,17,Basilicata
2021-03-14,MOL,596,240,356,17,579,ITF,ITF2,14,Molise
2020-12-27,CAL,311,170,141,311,0,ITF,ITF6,18,Calabria
2021-03-18,EMR,13676,5807,7869,5676,8000,ITH,ITH5,8,Emilia-Romagna
2021-05-14,EMR,37220,17153,20067,27625,9595,ITH,ITH5,8,Emilia-Romagna
2021-02-03,EMR,9357,2997,6360,984,8373,ITH,ITH5,8,Emilia-Romagna
2021-04-10,BAS,1032,378,654,949,83,ITF,ITF5,17,Basilicata
2021-04-01,EMR,23928,10769,13159,19381,4547,ITH,ITH5,8,Emilia-Romagna
2021-03-13,UMB,1731,524,1207,1486,245,ITI,ITI2,10,Umbria
2021-01-15,UMB,701,215,486,701,0,ITI,ITI2,10,Umbria
2021-02-01,CAM,3984,1813,2171,110,3874,ITF,ITF3,15,Campania
2021-02-26,ABR,3914,1670,2244,2946,968,ITF,ITF1,13,Abruzzo
2021-02-17,EMR,6538,2764,3774,5766,772,ITH,ITH5,8,Emilia-Romagna
2021-04-06,CAL,7433,3362,4071,4141,3292,ITF,ITF6,18,Calabria
2021-01-29,UMB,1232,348,884,79,1153,ITI,ITI2,10,Umbria
2021-03-30,CAM,22037,10563,11474,19079,2958,ITF,ITF3,15,Campania
2021-05-09,SIC,28076,13136,14940,19807,8269,ITG,ITG1,19,Sicilia
2021-02-08,CAL,1854,736,1118,663,1191,ITF,ITF6,18,Calabria
2021-05-09,UMB,5767,2759,3008,5376,391,ITI,ITI2,10,Umbria
2021-02-16,VDA,326,53,273,320,6,ITC,ITC2,2,Valle d'Aosta / Vallée d'Aoste
2021-05-04,FVG,9534,4297,5237,6180,3354,ITH,ITH4,6,Friuli-Venezia Giulia
2021-06-01,EMR,27111,13077,14034,17231,9880,ITH,ITH5,8,Emilia-Romagna
2021-02-15,MAR,967,412,555,954,13,ITI,ITI3,11,Marche
2021-03-15,PAT,1411,545,866,947,464,ITH,ITH2,4,Provincia Autonoma Trento
2021-01-24,FVG,305,119,186,1,304,ITH,ITH4,6,Friuli-Venezia Giulia
2021-06-11,TOS,29622,15401,14221,25020,4602,ITI,ITI1,9,Toscana
2021-01-17,PAT,251,195,56,251,0,ITH,ITH2,4,Provincia Autonoma Trento
2021-04-28,BAS,4704,2158,2546,4263,441,ITF,ITF5,17,Basilicata
2021-05-26,MAR,11803,5916,5887,8620,3183,ITI,ITI3,11,Marche
2021-02-12,LAZ,6845,2847,3998,6431,414,ITI,ITI4,12,Lazio
2021-04-15,TOS,24402,10196,14206,15866,8536,ITI,ITI1,9,Toscana
2021-02-17,TOS,8175,3169,5006,7423,752,ITI,ITI1,9,Toscana
2021-03-08,FVG,4119,1642,2477,2034,2085,ITH,ITH4,6,Friuli-Venezia Giulia
2021-04-25,PUG,11253,5215,6038,10095,1158,ITF,ITF4,16,Puglia
2021-05-11,PAT,3697,1749,1948,2849,848,ITH,ITH2,4,Provincia Autonoma Trento
2021-02-27,PUG,14221,4817,9404,12996,1225,ITF,ITF4,16,Puglia
2021-04-06,LIG,13213,5888,7325,10973,2240,ITC,ITC3,7,Liguria
2021-04-24,CAL,18999,9480,9519,15588,3411,ITF,ITF6,18,Calabria
2021-04-17,CAM,36179,17510,18669,24671,11508,ITF,ITF3,15,Campania
2021-01-01,PUG,148,61,87,148,0,ITF,ITF4,16,Puglia
2021-02-08,LIG,1977,741,1236,306,1671,ITC,ITC3,7,Liguria
2021-02-26,CAL,3067,1635,1432,2614,453,ITF,ITF6,18,Calabria
2021-05-31,PAB,2987,1464,1523,2120,867,ITH,ITH1,4,Provincia Autonoma Bolzano / Bozen
2021-06-07,PUG,43864,21417,22447,30761,13103,ITF,ITF4,16,Puglia
2021-02-17,VEN,6022,2772,3250,5928,94,ITH,ITH3,5,Veneto
2021-03-28,MOL,1626,747,879,524,1102,ITF,ITF2,14,Molise
2021-06-13,CAM,41830,20394,21436,37105,4725,ITF,ITF3,15,Campania
2021-03-22,FVG,3656,1444,2212,1702,1954,ITH,ITH4,6,Friuli-Venezia Giulia
2021-04-11,PUG,16454,7245,9209,14798,1656,ITF,ITF4,16,Puglia
2021-01-30,MOL,461,158,303,12,449,ITF,ITF2,14,Molise
2021-03-02,BAS,797,384,413,661,136,ITF,ITF5,17,Basilicata
2021-03-30,MAR,7420,3044,4376,4605,2815,ITI,ITI3,11,Marche
2021-04-27,PAT,3908,1877,2031,3840,68,ITH,ITH2,4,Provincia Autonoma Trento
2020-12-27,LIG,135,56,79,135,0,ITC,ITC3,7,Liguria
2021-02-05,SAR,1897,749,1148,433,1464,ITG,ITG2,20,Sardegna
2021-02-01,MAR,1362,479,883,98,1264,ITI,ITI3,11,Marche
2021-04-01,VEN,25288,11139,14149,18881,6407,ITH,ITH3,5,Veneto
2021-06-10,BAS,4340,2099,2241,3899,441,ITF,ITF5,17,Basilicata
2021-02-05,SIC,6733,2977,3756,2125,4608,ITG,ITG1,19,Sicilia
2021-03-08,PIE,13950,5296,8654,11236,2714,ITC,ITC1,1,Piemonte
2021-04-03,SAR,4663,1802,2861,2696,1967,ITG,ITG2,20,Sardegna
2021-01-18,ABR,123,49,74,46,77,ITF,ITF1,13,Abruzzo
2021-05-04,PIE,28545,13124,15421,16405,12140,ITC,ITC1,1,Piemonte
2021-05-30,SAR,9726,4836,4890,7369,2357,ITG,ITG2,20,Sardegna
2021-04-28,ABR,9508,4583,4925,7485,2023,ITF,ITF1,13,Abruzzo
2021-01-24,PIE,3153,959,2194,434,2719,ITC,ITC1,1,Piemonte
2021-02-19,SAR,1499,473,1026,1443,56,ITG,ITG2,20,Sardegna
2021-06-06,CAL,13375,6434,6941,11682,1693,ITF,ITF6,18,Calabria
2021-01-01,PAB,6,5,1,6,0,ITH,ITH1,4,Provincia Autonoma Bolzano / Bozen
2021-04-15,VEN,20858,8612,12246,10047,10811,ITH,ITH3,5,Veneto
2021-05-12,ABR,9613,4585,5028,6046,3567,ITF,ITF1,13,Abruzzo
2021-05-30,CAM,52123,25426,26697,38835,13288,ITF,ITF3,15,Campania
2021-06-07,PAB,2901,1506,1395,2582,319,ITH,ITH1,4,Provincia Autonoma Bolzano / Bozen
2021-03-22,PIE,11512,4882,6630,3906,7606,ITC,ITC1,1,Piemonte
2021-04-03,SIC,16390,7803,8587,13554,2836,ITG,ITG1,19,Sicilia
2021-01-05,VEN,7329,2182,5147,7329,0,ITH,ITH3,5,Veneto
2021-02-19,CAM,9570,3559,6011,8920,650,ITF,ITF3,15,Campania
2021-02-27,PAB,2458,759,1699,2448,10,ITH,ITH1,4,Provincia Autonoma Bolzano / Bozen
2021-03-16,ABR,3484,1452,2032,1830,1654,ITF,ITF1,13,Abruzzo
2020-12-31,LAZ,5293,2121,3172,5293,0,ITI,ITI4,12,Lazio
2021-04-03,LOM,36234,14859,21375,26147,10087,ITC,ITC4,3,Lombardia
2021-05-28,TOS,30061,13905,16156,17622,12439,ITI,ITI1,9,Toscana
2021-04-10,LAZ,23878,10378,13500,16689,7189,ITI,ITI4,12,Lazio
2021-05-30,LOM,74365,35586,38779,34412,39953,ITC,ITC4,3,Lombardia
2021-05-04,PAT,4492,2434,2058,4398,94,ITH,ITH2,4,Provincia Autonoma Trento
2021-01-17,FVG,1716,523,1193,1716,0,ITH,ITH4,6,Friuli-Venezia Giulia
2021-02-05,LAZ,7281,2962,4319,1184,6097,ITI,ITI4,12,Lazio
2021-04-07,VDA,910,474,436,681,229,ITC,ITC2,2,Valle d'Aosta / Vallée d'Aoste
2021-04-12,EMR,19242,9005,10237,14796,4446,ITH,ITH5,8,Emilia-Romagna
2021-04-22,TOS,35726,15304,20422,18286,17440,ITI,ITI1,9,Toscana
2021-03-08,PAT,1411,434,977,1057,354,ITH,ITH2,4,Provincia Autonoma Trento
2021-04-20,PAT,2877,1376,1501,2841,36,ITH,ITH2,4,Provincia Autonoma Trento
2021-05-02,LOM,83498,38332,45166,61036,22462,ITC,ITC4,3,Lombardia
2021-01-06,SAR,1615,549,1066,1615,0,ITG,ITG2,20,Sardegna
2021-02-11,MAR,1987,657,1330,1598,389,ITI,ITI3,11,Marche
2021-03-25,CAL,7417,3478,3939,4568,2849,ITF,ITF6,18,Calabria
2021-01-28,PAB,871,308,563,9,862,ITH,ITH1,4,Provincia Autonoma Bolzano / Bozen
2021-02-02,MOL,539,176,363,216,323,ITF,ITF2,14,Molise
2021-02-21,VDA,18,3,15,0,18,ITC,ITC2,2,Valle d'Aosta / Vallée d'Aoste
2021-05-09,PAT,2323,1210,1113,1979,344,ITH,ITH2,4,Provincia Autonoma Trento
2021-05-20,BAS,5855,2964,2891,2890,2965,ITF,ITF5,17,Basilicata
2021-01-16,MOL,420,166,254,420,0,ITF,ITF2,14,Molise
2021-04-13,CAM,26602,12682,13920,21071,5531,ITF,ITF3,15,Campania
2021-05-05,MAR,11647,5300,6347,5218,6429,ITI,ITI3,11,Marche
2021-06-16,CAL,17899,8255,9644,11800,6099,ITF,ITF6,18,Calabria
2021-01-03,CAM,3836,2009,1827,3836,0,ITF,ITF3,15,Campania
2021-02-15,PAT,534,188,346,420,114,ITH,ITH2,4,Provincia Autonoma Trento
2021-04-26,MOL,1157,521,636,826,331,ITF,ITF2,14,Molise
2021-06-06,BAS,4500,2068,2432,3722,778,ITF,ITF5,17,Basilicata
2021-06-01,VDA,871,469,402,518,353,ITC,ITC2,2,Valle d'Aosta / Vallée d'Aoste
2021-04-08,LAZ,26713,12229,14484,19024,7689,ITI,ITI4,12,Lazio
2021-05-26,PAT,3915,1843,2072,1225,2690,ITH,ITH2,4,Provincia Autonoma Trento
2021-04-09,MOL,2321,1249,1072,2130,191,ITF,ITF2,14,Molise
2021-04-13,LOM,47583,21242,26341,33512,14071,ITC,ITC4,3,Lombardia
2021-06-07,TOS,34793,17041,17752,31189,3604,ITI,ITI1,9,Toscana
2021-01-15,SIC,4721,2057,2664,4721,0,ITG,ITG1,19,Sicilia
2021-04-20,FVG,7111,3060,4051,3208,3903,ITH,ITH4,6,Friuli-Venezia Giulia
2021-05-28,EMR,41136,18919,22217,17844,23292,ITH,ITH5,8,Emilia-Romagna
2021-04-25,SIC,21351,10183,11168,16375,4976,ITG,ITG1,19,Sicilia
2021-05-21,TOS,28859,13441,15418,17460,11399,ITI,ITI1,9,Toscana
2021-04-30,LOM,117207,54775,62432,89729,27478,ITC,ITC4,3,Lombardia
2021-02-01,SIC,5889,2615,3274,293,5596,ITG,ITG1,19,Sicilia
2021-01-20,LOM,5663,1377,4286,5549,114,ITC,ITC4,3,Lombardia
2021-01-18,MOL,114,48,66,114,0,ITF,ITF2,14,Molise
2021-04-27,VEN,28123,12751,15372,21206,6917,ITH,ITH3,5,Veneto
2021-03-22,SIC,16563,7832,8731,11202,5361,ITG,ITG1,19,Sicilia
2021-04-22,EMR,29046,13447,15599,14968,14078,ITH,ITH5,8,Emilia-Romagna
2021-01-17,VEN,1933,781,1152,1584,349,ITH,ITH3,5,Veneto
2021-02-05,UMB,780,234,546,18,762,ITI,ITI2,10,Umbria
2021-01-12,EMR,9476,3124,6352,9476,0,ITH,ITH5,8,Emilia-Romagna
2020-12-29,SIC,241,150,91,241,0,ITG,ITG1,19,Sicilia
2021-01-10,FVG,2939,918,2021,2939,0,ITH,ITH4,6,Friuli-Venezia Giulia
2021-03-28,ABR,2414,1016,1398,2043,371,ITF,ITF1,13,Abruzzo
2021-04-11,MOL,1196,591,605,1182,14,ITF,ITF2,14,Molise
2021-01-18,PUG,1845,771,1074,1496,349,ITF,ITF4,16,Puglia
2021-04-14,BAS,2042,998,1044,1368,674,ITF,ITF5,17,Basilicata
2021-04-05,FVG,2870,1427,1443,2855,15,ITH,ITH4,6,Friuli-Venezia Giulia
2021-04-03,PIE,19431,8157,11274,10884,8547,ITC,ITC1,1,Piemonte
2021-01-21,BAS,30,10,20,30,0,ITF,ITF5,17,Basilicata
2021-02-03,VEN,5945,1667,4278,479,5466,ITH,ITH3,5,Veneto
2021-01-10,PIE,5214,2275,2939,5214,0,ITC,ITC1,1,Piemonte
2021-06-13,SIC,33480,16639,16841,29994,3486,ITG,ITG1,19,Sicilia
2021-01-04,BAS,607,271,336,607,0,ITF,ITF5,17,Basilicata
2021-01-22,LOM,3117,867,2250,3048,69,ITC,ITC4,3,Lombardia
2021-06-16,LIG,15446,7439,8007,10026,5420,ITC,ITC3,7,Liguria
2021-01-12,FVG,2260,713,1547,2260,0,ITH,ITH4,6,Friuli-Venezia Giulia
2021-04-25,PAB,3072,1497,1575,2401,671,ITH,ITH1,4,Provincia Autonoma Bolzano / Bozen
2021-01-29,FVG,2412,813,1599,264,2148,ITH,ITH4,6,Friuli-Venezia Giulia
2021-02-06,PUG,4547,1929,2618,1591,2956,ITF,ITF4,16,Puglia
2021-03-01,TOS,4473,1733,2740,832,3641,ITI,ITI1,9,Toscana
2021-04-29,VEN,50225,23363,26862,37043,13182,ITH,ITH3,5,Veneto
2021-01-20,PUG,1546,540,1006,1538,8,ITF,ITF4,16,Puglia
2021-03-08,LIG,5630,2461,3169,3941,1689,ITC,ITC3,7,Liguria
2021-04-30,PUG,34877,15622,19255,22917,11960,ITF,ITF4,16,Puglia
2021-04-22,FVG,6772,3080,3692,3085,3687,ITH,ITH4,6,Friuli-Venezia Giulia
2021-02-05,VEN,8372,2534,5838,1415,6957,ITH,ITH3,5,Veneto
2021-04-14,ABR,6616,2958,3658,4498,2118,ITF,ITF1,13,Abruzzo
2021-05-07,MAR,12836,5804,7032,3658,9178,ITI,ITI3,11,Marche
2021-04-12,UMB,7089,3079,4010,5371,1718,ITI,ITI2,10,Umbria
2021-02-22,VEN,7013,3040,3973,6626,387,ITH,ITH3,5,Veneto
2021-03-25,LIG,9753,4223,5530,6360,3393,ITC,ITC3,7,Liguria
2021-04-13,PUG,28667,13589,15078,25266,3401,ITF,ITF4,16,Puglia
2021-02-13,MAR,1093,462,631,1011,82,ITI,ITI3,11,Marche
2021-01-19,UMB,103,23,80,103,0,ITI,ITI2,10,Umbria
2021-02-23,VDA,216,123,93,216,0,ITC,ITC2,2,Valle d'Aosta / Vallée d'Aoste
2021-01-01,LIG,144,55,89,144,0,ITC,ITC3,7,Liguria
2021-04-05,EMR,14862,6811,8051,11970,2892,ITH,ITH5,8,Emilia-Romagna
2021-05-16,VEN,28409,14005,14404,21318,7091,ITH,ITH3,5,Veneto
2021-01-04,ABR,1403,576,827,1403,0,ITF,ITF1,13,Abruzzo
2021-01-27,MAR,2118,780,1338,122,1996,ITI,ITI3,11,Marche
2021-03-10,CAL,6558,3317,3241,5276,1282,ITF,ITF6,18,Calabria
2021-04-29,UMB,5215,2248,2967,2889,2326,ITI,ITI2,10,Umbria
2021-05-18,SAR,14038,6780,7258,9501,4537,ITG,ITG2,20,Sardegna
2021-01-13,PAB,1691,557,1134,1691,0,ITH,ITH1,4,Provincia Autonoma Bolzano / Bozen
2021-03-24,UMB,4106,1792,2314,2783,1323,ITI,ITI2,10,Umbria
2021-01-23,ABR,265,115,150,57,208,ITF,ITF1,13,Abruzzo
2021-04-22,PIE,27674,12744,14930,20975,6699,ITC,ITC1,1,Piemonte
2021-01-12,PIE,10090,3415,6675,10090,0,ITC,ITC1,1,Piemonte
2021-01-30,PAB,498,245,253,4,494,ITH,ITH1,4,Provincia Autonoma Bolzano / Bozen
2021-03-29,CAM,19394,9569,9825,17848,1546,ITF,ITF3,15,Campania
2021-05-03,ABR,11110,5240,5870,7262,3848,ITF,ITF1,13,Abruzzo
2021-06-03,VDA,1306,667,639,896,410,ITC,ITC2,2,Valle d'Aosta / Vallée d'Aoste
2021-01-29,PIE,5944,1887,4057,455,5489,ITC,ITC1,1,Piemonte
2021-02-24,SAR,2413,1294,1119,2223,190,ITG,ITG2,20,Sardegna
2021-04-20,MAR,10696,4995,5701,9279,1417,ITI,ITI3,11,Marche
2021-06-01,CAL,12823,5945,6878,7917,4906,ITF,ITF6,18,Calabria
2021-04-10,UMB,7474,3514,3960,7339,135,ITI,ITI2,10,Umbria
2021-05-02,PUG,21290,9651,11639,14030,7260,ITF,ITF4,16,Puglia
2021-01-12,PUG,4212,1771,2441,4212,0,ITF,ITF4,16,Puglia
2021-02-16,LOM,9505,3073,6432,9057,448,ITC,ITC4,3,Lombardia
2021-03-02,CAM,12761,4558,8203,8416,4345,ITF,ITF3,15,Campania
2021-05-20,PAB,4720,2332,2388,3252,1468,ITH,ITH1,4,Provincia Autonoma Bolzano / Bozen
2021-01-11,CAL,2161,1045,1116,2161,0,ITF,ITF6,18,Calabria
2020-12-27,ABR,37,19,18,37,0,ITF,ITF1,13,Abruzzo
2021-01-25,CAL,1073,515,558,147,926,ITF,ITF6,18,Calabria
2021-06-10,LOM,101312,51571,49741,87143,14169,ITC,ITC4,3,Lombardia
2021-01-15,BAS,813,350,463,813,0,ITF,ITF5,17,Basilicata
2021-02-11,LIG,1979,767,1212,1103,876,ITC,ITC3,7,Liguria
2021-03-02,LOM,22802,9697,13105,19769,3033,ITC,ITC4,3,Lombardia
2021-05-05,CAL,13599,6509,7090,8493,5106,ITF,ITF6,18,Calabria
2021-03-23,SAR,6411,2877,3534,5333,1078,ITG,ITG2,20,Sardegna
2021-05-22,LIG,6555,3198,3357,4947,1608,ITC,ITC3,7,Liguria
2021-06-07,SIC,49491,23343,26148,41613,7878,ITG,ITG1,19,Sicilia
2021-01-16,TOS,3271,1046,2225,3271,0,ITI,ITI1,9,Toscana
2021-03-20,ABR,4790,2199,2591,2619,2171,ITF,ITF1,13,Abruzzo
2021-04-16,EMR,29212,13756,15456,20375,8837,ITH,ITH5,8,Emilia-Romagna
2021-01-06,EMR,8287,2955,5332,8287,0,ITH,ITH5,8,Emilia-Romagna
2021-04-26,TOS,10151,4943,5208,7598,2553,ITI,ITI1,9,Toscana
2021-04-03,VDA,676,341,335,661,15,ITC,ITC2,2,Valle d'Aosta / Vallée d'Aoste
2021-04-04,VEN,7776,3531,4245,6625,1151,ITH,ITH3,5,Veneto
2021-02-13,UMB,115,28,87,112,3,ITI,ITI2,10,Umbria
2021-03-20,VDA,208,86,122,172,36,ITC,ITC2,2,Valle d'Aosta / Vallée d'Aoste
2021-03-30,LAZ,26613,12815,13798,19464,7149,ITI,ITI4,12,Lazio
2021-01-02,TOS,3497,1096,2401,3497,0,ITI,ITI1,9,Toscana
2021-04-30,EMR,36581,16780,19801,21789,14792,ITH,ITH5,8,Emilia-Romagna
2021-05-24,UMB,9046,4507,4539,8169,877,ITI,ITI2,10,Umbria
2021-04-18,UMB,1530,680,850,600,930,ITI,ITI2,10,Umbria
2021-01-11,UMB,1315,346,969,1315,0,ITI,ITI2,10,Umbria
2021-03-28,EMR,13499,6024,7475,9635,3864,ITH,ITH5,8,Emilia-Romagna
2021-04-07,PUG,15533,6978,8555,8860,6673,ITF,ITF4,16,Puglia
2020-12-27,BAS,106,41,65,106,0,ITF,ITF5,17,Basilicata
2021-01-26,MOL,450,184,266,8,442,ITF,ITF2,14,Molise
2021-02-04,FVG,2725,808,1917,35,2690,ITH,ITH4,6,Friuli-Venezia Giulia
2021-05-15,MAR,13965,6375,7590,8076,5889,ITI,ITI3,11,Marche
2021-05-05,UMB,7202,3294,3908,3901,3301,ITI,ITI2,10,Umbria
2021-05-06,MOL,2679,1214,1465,2081,598,ITF,ITF2,14,Molise
2021-06-11,VDA,1047,483,564,764,283,ITC,ITC2,2,Valle d'Aosta / Vallée d'Aoste
2021-04-18,LAZ,23807,10577,13230,16157,7650,ITI,ITI4,12,Lazio
2021-03-20,BAS,1293,572,721,280,1013,ITF,ITF5,17,Basilicata
2021-01-25,SIC,7404,3671,3733,296,7108,ITG,ITG1,19,Sicilia
2021-06-10,LIG,18106,9357,8749,12521,5585,ITC,ITC3,7,Liguria
2021-02-19,MAR,1961,712,1249,1826,135,ITI,ITI3,11,Marche
2021-04-30,FVG,7325,3232,4093,3694,3631,ITH,ITH4,6,Friuli-Venezia Giulia
2021-06-13,ABR,9691,4859,4832,7857,1834,ITF,ITF1,13,Abruzzo
2021-01-25,UMB,648,323,325,5,643,ITI,ITI2,10,Umbria
2021-05-05,SIC,26234,12182,14052,16670,9564,ITG,ITG1,19,Sicilia
2021-03-19,LIG,5296,2234,3062,2150,3146,ITC,ITC3,7,Liguria
2021-05-19,SIC,42616,20611,22005,28316,14300,ITG,ITG1,19,Sicilia
2021-02-04,PIE,10205,3341,6864,588,9617,ITC,ITC1,1,Piemonte
2021-03-02,LIG,4074,1689,2385,3764,310,ITC,ITC3,7,Liguria
2021-03-26,PAT,3207,1248,1959,2597,610,ITH,ITH2,4,Provincia Autonoma Trento
2021-01-11,CAM,4070,1871,2199,4070,0,ITF,ITF3,15,Campania
2021-03-31,PAB,1832,694,1138,821,1011,ITH,ITH1,4,Provincia Autonoma Bolzano / Bozen
2020-12-28,LOM,107,47,60,107,0,ITC,ITC4,3,Lombardia
2021-03-02,CAL,4366,2490,1876,3611,755,ITF,ITF6,18,Calabria
2021-05-24,VEN,33002,16395,16607,8010,24992,ITH,ITH3,5,Veneto
2021-03-16,CAL,3847,1888,1959,2187,1660,ITF,ITF6,18,Calabria
2021-03-06,BAS,1356,536,820,759,597,ITF,ITF5,17,Basilicata
2021-04-02,LIG,11770,5209,6561,9284,2486,ITC,ITC3,7,Liguria
2021-05-12,SAR,10847,5090,5757,7769,3078,ITG,ITG2,20,Sardegna
2021-04-21,LOM,71718,32520,39198,57109,14609,ITC,ITC4,3,Lombardia
2021-05-23,VDA,999,465,534,658,341,ITC,ITC2,2,Valle d'Aosta / Vallée d'Aoste
2021-01-11,LOM,16146,5349,10797,16146,0,ITC,ITC4,3,Lombardia
2021-02-25,EMR,9250,3499,5751,8296,954,ITH,ITH5,8,Emilia-Romagna
2021-03-07,TOS,5647,2357,3290,2104,3543,ITI,ITI1,9,Toscana
2021-01-28,LOM,12186,3690,8496,766,11420,ITC,ITC4,3,Lombardia
2021-01-29,VDA,318,138,180,2,316,ITC,ITC2,2,Valle d'Aosta / Vallée d'Aoste
2021-04-30,PIE,31810,14310,17500,18475,13335,ITC,ITC1,1,Piemonte
2021-05-19,LAZ,46869,21530,25339,36807,10062,ITI,ITI4,12,Lazio
2021-04-04,UMB,59,20,39,23,36,ITI,ITI2,10,Umbria
2021-01-29,ABR,1387,449,938,74,1313,ITF,ITF1,13,Abruzzo
2021-03-11,EMR,17454,7304,10150,11604,5850,ITH,ITH5,8,Emilia-Romagna
2021-04-22,VDA,1067,449,618,684,383,ITC,ITC2,2,Valle d'Aosta / Vallée d'Aoste
2021-06-07,UMB,6907,3396,3511,6218,689,ITI,ITI2,10,Umbria
2021-05-09,VDA,574,287,287,444,130,ITC,ITC2,2,Valle d'Aosta / Vallée d'Aoste
2021-01-04,LAZ,7484,2909,4575,7484,0,ITI,ITI4,12,Lazio
2021-02-06,EMR,7602,2407,5195,2131,5471,ITH,ITH5,8,Emilia-Romagna
2021-03-16,UMB,3539,1454,2085,1912,1627,ITI,ITI2,10,Umbria
2021-03-17,MOL,908,385,523,576,332,ITF,ITF2,14,Molise
2021-05-27,PUG,40414,19065,21349,23235,17179,ITF,ITF4,16,Puglia
2021-06-07,LAZ,61835,28812,33023,32979,28856,ITI,ITI4,12,Lazio
2021-02-27,UMB,1658,354,1304,1642,16,ITI,ITI2,10,Umbria
2021-04-21,LIG,14244,6431,7813,8920,5324,ITC,ITC3,7,Liguria
2020-12-28,SAR,65,25,40,65,0,ITG,ITG2,20,Sardegna
2020-12-31,MAR,387,181,206,387,0,ITI,ITI3,11,Marche
2021-02-11,CAL,2330,1042,1288,1082,1248,ITF,ITF6,18,Calabria
2021-05-09,BAS,4685,2340,2345,2990,1695,ITF,ITF5,17,Basilicata
2021-06-08,MOL,2885,1593,1292,2189,696,ITF,ITF2,14,Molise
2021-03-16,SIC,9558,4277,5281,3623,5935,ITG,ITG1,19,Sicilia
2021-01-05,PAB,830,286,544,830,0,ITH,ITH1,4,Provincia Autonoma Bolzano / Bozen
2021-02-04,PAT,976,304,672,422,554,ITH,ITH2,4,Provincia Autonoma Trento
2021-02-15,BAS,622,232,390,580,42,ITF,ITF5,17,Basilicata
2021-05-08,LIG,7532,3335,4197,2316,5216,ITC,ITC3,7,Liguria
2021-01-09,VEN,7927,2539,5388,7927,0,ITH,ITH3,5,Veneto
2021-01-29,BAS,616,231,385,63,553,ITF,ITF5,17,Basilicata
2021-01-26,MAR,2018,746,1272,91,1927,ITI,ITI3,11,Marche
2021-03-09,CAL,6341,3262,3079,5362,979,ITF,ITF6,18,Calabria
2021-05-17,VEN,26465,12968,13497,16445,10020,ITH,ITH3,5,Veneto
2021-03-26,LIG,9304,4008,5296,6149,3155,ITC,ITC3,7,Liguria
2021-03-28,LOM,20468,7804,12664,14306,6162,ITC,ITC4,3,Lombardia
2021-04-11,SIC,15350,7581,7769,8320,7030,ITG,ITG1,19,Sicilia
2021-05-22,TOS,26001,12651,13350,21724,4277,ITI,ITI1,9,Toscana
2021-02-06,VEN,4095,1354,2741,709,3386,ITH,ITH3,5,Veneto
2021-04-14,LOM,47140,21012,26128,34174,12966,ITC,ITC4,3,Lombardia
2021-02-20,CAL,1419,760,659,1101,318,ITF,ITF6,18,Calabria
2021-05-26,LAZ,47343,21723,25620,35342,12001,ITI,ITI4,12,Lazio
2021-01-02,LIG,691,245,446,691,0,ITC,ITC3,7,Liguria
2021-01-04,LOM,6094,2101,3993,6094,0,ITC,ITC4,3,Lombardia
2021-01-30,FVG,2276,745,1531,270,2006,ITH,ITH4,6,Friuli-Venezia Giulia
2021-03-04,LAZ,19402,8710,10692,14385,5017,ITI,ITI4,12,Lazio
2021-04-21,PAT,2894,1349,1545,2844,50,ITH,ITH2,4,Provincia Autonoma Trento
2021-05-05,TOS,30119,13441,16678,15646,14473,ITI,ITI1,9,Toscana
2021-06-12,LAZ,63640,28985,34655,34315,29325,ITI,ITI4,12,Lazio
2021-04-24,PAB,5104,2449,2655,4619,485,ITH,ITH1,4,Provincia Autonoma Bolzano / Bozen
2021-02-05,VDA,294,102,192,101,193,ITC,ITC2,2,Valle d'Aosta / Vallée d'Aoste
2021-02-07,PUG,1579,669,910,253,1326,ITF,ITF4,16,Puglia
2021-05-19,SAR,16392,8147,8245,12747,3645,ITG,ITG2,20,Sardegna
2021-01-21,PUG,2132,904,1228,1271,861,ITF,ITF4,16,Puglia
2021-01-22,ABR,118,57,61,118,0,ITF,ITF1,13,Abruzzo
2021-02-22,VDA,316,94,222,213,103,ITC,ITC2,2,Valle d'Aosta / Vallée d'Aoste
2021-03-28,CAM,15555,7504,8051,13930,1625,ITF,ITF3,15,Campania
2021-04-23,PIE,27446,12602,14844,20684,6762,ITC,ITC1,1,Piemonte
2021-02-28,TOS,1649,667,982,922,727,ITI,ITI1,9,Toscana
2021-05-01,PUG,27535,12615,14920,16887,10648,ITF,ITF4,16,Puglia
2021-06-05,SAR,17826,8413,9413,11377,6449,ITG,ITG2,20,Sardegna
2021-02-23,VEN,7378,3252,4126,7108,270,ITH,ITH3,5,Veneto
2021-04-19,MAR,9601,4497,5104,8020,1581,ITI,ITI3,11,Marche
2021-05-31,CAL,15255,7323,7932,7376,7879,ITF,ITF6,18,Calabria
2021-02-25,SAR,2899,1255,1644,2294,605,ITG,ITG2,20,Sardegna
2021-01-04,CAM,5825,2962,2863,5825,0,ITF,ITF3,15,Campania
2021-02-11,TOS,5383,2021,3362,5141,242,ITI,ITI1,9,Toscana
2021-05-16,VDA,688,341,347,347,341,ITC,ITC2,2,Valle d'Aosta / Vallée d'Aoste
2021-01-30,EMR,10078,3520,6558,141,9937,ITH,ITH5,8,Emilia-Romagna
2021-03-14,SAR,607,376,231,607,0,ITG,ITG2,20,Sardegna
2021-03-24,MOL,1631,658,973,1229,402,ITF,ITF2,14,Molise
2020-12-30,SIC,181,106,75,181,0,ITG,ITG1,19,Sicilia
2021-02-09,TOS,4488,1468,3020,3877,611,ITI,ITI1,9,Toscana
2021-04-05,PAB,301,144,157,23,278,ITH,ITH1,4,Provincia Autonoma Bolzano / Bozen
2021-06-14,LAZ,62116,29060,33056,32329,29787,ITI,ITI4,12,Lazio
2021-01-16,SIC,2461,1101,1360,2461,0,ITG,ITG1,19,Sicilia
2021-01-28,PAT,530,147,383,48,482,ITH,ITH2,4,Provincia Autonoma Trento
2021-01-11,PAT,730,221,509,730,0,ITH,ITH2,4,Provincia Autonoma Trento
2021-01-22,BAS,67,24,43,67,0,ITF,ITF5,17,Basilicata
2021-03-21,LAZ,18133,7071,11062,13082,5051,ITI,ITI4,12,Lazio
2021-04-09,SIC,20265,9874,10391,11190,9075,ITG,ITG1,19,Sicilia
2021-01-12,PAB,1709,459,1250,1709,0,ITH,ITH1,4,Provincia Autonoma Bolzano / Bozen
2021-03-23,SIC,20822,10005,10817,15308,5514,ITG,ITG1,19,Sicilia
2021-01-02,PUG,2950,1301,1649,2950,0,ITF,ITF4,16,Puglia
2021-01-03,ABR,471,185,286,471,0,ITF,ITF1,13,Abruzzo
2021-04-12,PUG,29138,13721,15417,26312,2826,ITF,ITF4,16,Puglia
2020-12-30,LAZ,1630,629,1001,1630,0,ITI,ITI4,12,Lazio
2021-02-16,PAT,663,244,419,658,5,ITH,ITH2,4,Provincia Autonoma Trento
2021-03-09,CAM,14125,6870,7255,10340,3785,ITF,ITF3,15,Campania
2021-05-02,BAS,4179,2000,2179,3551,628,ITF,ITF5,17,Basilicata
2021-04-15,BAS,3386,1659,1727,2632,754,ITF,ITF5,17,Basilicata
2021-01-17,MOL,78,38,40,48,30,ITF,ITF2,14,Molise
2021-06-15,LIG,16874,8228,8646,10524,6350,ITC,ITC3,7,Liguria
2021-02-14,MAR,738,301,437,738,0,ITI,ITI3,11,Marche
2021-04-28,VEN,32386,15166,17220,23367,9019,ITH,ITH3,5,Veneto
2021-04-23,EMR,29557,13810,15747,14676,14881,ITH,ITH5,8,Emilia-Romagna
2021-04-23,PAT,3607,1752,1855,3553,54,ITH,ITH2,4,Provincia Autonoma Trento
2021-01-30,PAT,386,132,254,152,234,ITH,ITH2,4,Provincia Autonoma Trento
2021-04-21,FVG,7751,3456,4295,4072,3679,ITH,ITH4,6,Friuli-Venezia Giulia
2020-12-28,SIC,211,126,85,211,0,ITG,ITG1,19,Sicilia
2021-01-13,EMR,9078,2942,6136,9078,0,ITH,ITH5,8,Emilia-Romagna
2021-03-27,ABR,6121,2620,3501,3635,2486,ITF,ITF1,13,Abruzzo
2021-04-09,LAZ,27530,12470,15060,19281,8249,ITI,ITI4,12,Lazio
2021-01-11,FVG,1882,608,1274,1882,0,ITH,ITH4,6,Friuli-Venezia Giulia
2021-03-23,LAZ,25114,11689,13425,18524,6590,ITI,ITI4,12,Lazio
2021-04-10,MOL,2638,1261,1377,2486,152,ITF,ITF2,14,Molise
2021-05-10,PAT,3208,1646,1562,2703,505,ITH,ITH2,4,Provincia Autonoma Trento
2021-03-07,LIG,1915,1138,777,1614,301,ITC,ITC3,7,Liguria
2021-05-31,CAM,40650,20593,20057,30382,10268,ITF,ITF3,15,Campania
2021-01-03,BAS,901,344,557,901,0,ITF,ITF5,17,Basilicata
2021-01-01,UMB,274,105,169,274,0,ITI,ITI2,10,Umbria
2021-02-05,MOL,593,269,324,55,538,ITF,ITF2,14,Molise
2021-04-11,UMB,3102,1503,1599,3053,49,ITI,ITI2,10,Umbria
2021-04-30,SAR,11133,5300,5833,6923,4210,ITG,ITG2,20,Sardegna
2021-01-18,VEN,2762,776,1986,2563,199,ITH,ITH3,5,Veneto
2021-01-05,ABR,1615,604,1011,1615,0,ITF,ITF1,13,Abruzzo
2021-03-11,CAL,7278,3428,3850,6014,1264,ITF,ITF6,18,Calabria
2021-04-04,EMR,9885,4718,5167,7616,2269,ITH,ITH5,8,Emilia-Romagna
2021-04-04,PIE,9255,4060,5195,6541,2714,ITC,ITC1,1,Piemonte
2021-06-04,VDA,908,383,525,474,434,ITC,ITC2,2,Valle d'Aosta / Vallée d'Aoste
2021-01-18,UMB,614,219,395,529,85,ITI,ITI2,10,Umbria
2021-01-19,MOL,173,63,110,162,11,ITF,ITF2,14,Molise
2021-04-21,PIE,25754,11840,13914,20414,5340,ITC,ITC1,1,Piemonte
2021-05-17,SAR,12126,5694,6432,9236,2890,ITG,ITG2,20,Sardegna
2021-02-04,VEN,7385,2025,5360,552,6833,ITH,ITH3,5,Veneto
2021-04-15,ABR,7819,3679,4140,5979,1840,ITF,ITF1,13,Abruzzo
2021-04-16,LOM,53623,23905,29718,39285,14338,ITC,ITC4,3,Lombardia
2021-05-08,MAR,12268,5476,6792,5021,7247,ITI,ITI3,11,Marche
2021-01-17,TOS,2536,871,1665,2022,514,ITI,ITI1,9,Toscana
2021-02-10,LIG,2314,837,1477,1019,1295,ITC,ITC3,7,Liguria
2021-05-26,PUG,38207,18349,19858,26581,11626,ITF,ITF4,16,Puglia
2021-04-08,SAR,13439,5936,7503,8319,5120,ITG,ITG2,20,Sardegna
2020-12-29,SAR,57,32,25,57,0,ITG,ITG2,20,Sardegna
2021-03-11,PAB,1684,825,859,1146,538,ITH,ITH1,4,Provincia Autonoma Bolzano / Bozen
2021-01-11,MOL,557,194,363,557,0,ITF,ITF2,14,Molise
2021-02-25,PAB,1498,549,949,1497,1,ITH,ITH1,4,Provincia Autonoma Bolzano / Bozen
2021-05-11,LOM,86820,41408,45412,60645,26175,ITC,ITC4,3,Lombardia
2021-03-10,PIE,13635,5170,8465,11341,2294,ITC,ITC1,1,Piemonte
2021-05-25,CAM,46427,22313,24114,23063,23364,ITF,ITF3,15,Campania
2021-06-02,PAB,1444,809,635,987,457,ITH,ITH1,4,Provincia Autonoma Bolzano / Bozen
2021-03-27,PIE,18386,7826,10560,9559,8827,ITC,ITC1,1,Piemonte
2021-04-05,CAL,3414,1606,1808,2557,857,ITF,ITF6,18,Calabria
2021-04-22,SAR,10503,4659,5844,5584,4919,ITG,ITG2,20,Sardegna
2021-01-10,VEN,5032,1671,3361,5032,0,ITH,ITH3,5,Veneto
2021-03-21,ABR,2134,914,1220,844,1290,ITF,ITF1,13,Abruzzo
2021-01-05,LAZ,7375,2803,4572,7375,0,ITI,ITI4,12,Lazio
2021-01-12,SAR,865,408,457,865,0,ITG,ITG2,20,Sardegna
2021-02-05,EMR,9321,2967,6354,1638,7683,ITH,ITH5,8,Emilia-Romagna
2021-05-28,LOM,93399,44762,48637,42920,50479,ITC,ITC4,3,Lombardia
2021-06-12,VDA,1232,599,633,1066,166,ITC,ITC2,2,Valle d'Aosta / Vallée d'Aoste
2021-04-15,FVG,6490,2862,3628,5219,1271,ITH,ITH4,6,Friuli-Venezia Giulia
2021-02-17,LOM,11985,3755,8230,10596,1389,ITC,ITC4,3,Lombardia
2021-03-15,SIC,10609,4683,5926,5717,4892,ITG,ITG1,19,Sicilia
2021-06-12,ABR,11265,5832,5433,9914,1351,ITF,ITF1,13,Abruzzo
2021-06-11,LOM,100171,50994,49177,85853,14318,ITC,ITC4,3,Lombardia
2021-03-08,TOS,6704,2942,3762,1884,4820,ITI,ITI1,9,Toscana
2021-04-29,FVG,6697,2939,3758,4164,2533,ITH,ITH4,6,Friuli-Venezia Giulia
2021-02-20,MAR,4121,1705,2416,4010,111,ITI,ITI3,11,Marche
2021-01-24,LAZ,5694,2229,3465,612,5082,ITI,ITI4,12,Lazio
2021-06-16,TOS,31388,16055,15333,26395,4993,ITI,ITI1,9,Toscana
2021-01-27,PUG,4583,1932,2651,612,3971,ITF,ITF4,16,Puglia
2021-01-05,FVG,1678,551,1127,1678,0,ITH,ITH4,6,Friuli-Venezia Giulia
2021-02-07,LAZ,4944,2025,2919,387,4557,ITI,ITI4,12,Lazio
2021-03-27,PAT,1619,710,909,1363,256,ITH,ITH2,4,Provincia Autonoma Trento
2021-05-07,PUG,49839,22249,27590,26479,23360,ITF,ITF4,16,Puglia
2021-05-30,TOS,28670,13943,14727,21726,6944,ITI,ITI1,9,Toscana
2021-03-18,LIG,4986,2124,2862,2007,2979,ITC,ITC3,7,Liguria
2021-05-18,LAZ,44584,20405,24179,35086,9498,ITI,ITI4,12,Lazio
2021-03-21,BAS,1053,485,568,359,694,ITF,ITF5,17,Basilicata
2021-04-01,LIG,12415,5507,6908,9645,2770,ITC,ITC3,7,Liguria
2021-01-13,PUG,4543,1730,2813,4543,0,ITF,ITF4,16,Puglia
2021-02-08,PAB,2,1,1,1,1,ITH,ITH1,4,Provincia Autonoma Bolzano / Bozen
2021-04-22,CAM,33941,16532,17409,21538,12403,ITF,ITF3,15,Campania
2021-05-23,VEN,34475,16458,18017,11066,23409,ITH,ITH3,5,Veneto
2021-06-04,PAT,5811,2598,3213,1833,3978,ITH,ITH2,4,Provincia Autonoma Trento
2021-06-08,CAL,15855,7484,8371,13851,2004,ITF,ITF6,18,Calabria
2021-01-20,MAR,403,100,303,384,19,ITI,ITI3,11,Marche
2021-05-29,BAS,3059,1534,1525,834,2225,ITF,ITF5,17,Basilicata
2021-01-12,CAM,5215,2564,2651,5215,0,ITF,ITF3,15,Campania
2021-02-12,VEN,4314,1447,2867,3742,572,ITH,ITH3,5,Veneto
2021-03-19,VDA,322,85,237,287,35,ITC,ITC2,2,Valle d'Aosta / Vallée d'Aoste
2021-02-03,MAR,2124,741,1383,119,2005,ITI,ITI3,11,Marche
2021-03-17,CAL,4048,1804,2244,2138,1910,ITF,ITF6,18,Calabria
2021-04-06,PUG,13796,6218,7578,7045,6751,ITF,ITF4,16,Puglia
2021-05-11,SAR,8785,4065,4720,6437,2348,ITG,ITG2,20,Sardegna
2021-01-25,MOL,319,130,189,3,316,ITF,ITF2,14,Molise
2021-01-29,VEN,9021,2788,6233,367,8654,ITH,ITH3,5,Veneto
2021-01-31,SAR,2121,750,1371,48,2073,ITG,ITG2,20,Sardegna
2021-05-14,MAR,13493,6218,7275,6720,6773,ITI,ITI3,11,Marche
2021-02-05,FVG,2609,784,1825,89,2520,ITH,ITH4,6,Friuli-Venezia Giulia
2021-02-24,PAT,1324,525,799,926,398,ITH,ITH2,4,Provincia Autonoma Trento
2021-05-05,MOL,2413,1042,1371,2272,141,ITF,ITF2,14,Molise
2021-05-06,CAM,57265,27899,29366,42822,14443,ITF,ITF3,15,Campania
2021-05-19,PAB,3624,1847,1777,1840,1784,ITH,ITH1,4,Provincia Autonoma Bolzano / Bozen
2021-01-03,PAB,41,16,25,41,0,ITH,ITH1,4,Provincia Autonoma Bolzano / Bozen
2021-04-14,FVG,7216,3118,4098,5504,1712,ITH,ITH4,6,Friuli-Venezia Giulia
2021-01-13,ABR,1257,441,816,1257,0,ITF,ITF1,13,Abruzzo
2021-06-03,PAT,4762,2233,2529,1304,3458,ITH,ITH2,4,Provincia Autonoma Trento
2021-01-19,PIE,6466,2105,4361,6454,12,ITC,ITC1,1,Piemonte
2021-02-14,SAR,539,263,276,537,2,ITG,ITG2,20,Sardegna
2021-06-08,LIG,17805,8893,8912,11201,6604,ITC,ITC3,7,Liguria
2021-04-13,PAB,2391,1130,1261,2384,7,ITH,ITH1,4,Provincia Autonoma Bolzano / Bozen
2021-05-03,LAZ,39169,17684,21485,26588,12581,ITI,ITI4,12,Lazio
2021-05-07,VDA,564,245,319,533,31,ITC,ITC2,2,Valle d'Aosta / Vallée d'Aoste
2021-03-17,LIG,5552,2368,3184,2473,3079,ITC,ITC3,7,Liguria
2021-04-23,VDA,921,443,478,538,383,ITC,ITC2,2,Valle d'Aosta / Vallée d'Aoste
2021-05-04,MOL,2705,1181,1524,2577,128,ITF,ITF2,14,Molise
2021-05-08,VEN,41397,18722,22675,29590,11807,ITH,ITH3,5,Veneto
2021-01-13,VDA,337,110,227,337,0,ITC,ITC2,2,Valle d'Aosta / Vallée d'Aoste
2021-01-10,MOL,270,72,198,270,0,ITF,ITF2,14,Molise
2021-04-05,LOM,27377,11694,15683,19274,8103,ITC,ITC4,3,Lombardia
2021-04-06,VDA,741,381,360,629,112,ITC,ITC2,2,Valle d'Aosta / Vallée d'Aoste
2021-04-20,MOL,2318,1025,1293,1220,1098,ITF,ITF2,14,Molise
2021-06-09,MOL,993,549,444,493,500,ITF,ITF2,14,Molise
2021-01-13,BAS,916,387,529,916,0,ITF,ITF5,17,Basilicata
2020-12-31,TOS,803,202,601,803,0,ITI,ITI1,9,Toscana
2021-04-14,PIE,27711,12562,15149,23186,4525,ITC,ITC1,1,Piemonte
2021-04-23,BAS,4536,2185,2351,3536,1000,ITF,ITF5,17,Basilicata
2021-05-23,MOL,1699,863,836,1694,5,ITF,ITF2,14,Molise
2021-04-10,TOS,11719,5347,6372,10976,743,ITI,ITI1,9,Toscana
2021-04-14,EMR,27034,12836,14198,20929,6105,ITH,ITH5,8,Emilia-Romagna
2021-01-19,PAT,406,77,329,406,0,ITH,ITH2,4,Provincia Autonoma Trento
2021-01-30,BAS,705,228,477,129,576,ITF,ITF5,17,Basilicata
2021-03-01,PUG,15102,5868,9234,13732,1370,ITF,ITF4,16,Puglia
2021-02-13,ABR,853,385,468,438,415,ITF,ITF1,13,Abruzzo
2021-04-19,CAL,7846,3784,4062,6179,1667,ITF,ITF6,18,Calabria
2021-01-21,EMR,2165,729,1436,819,1346,ITH,ITH5,8,Emilia-Romagna
2021-02-11,UMB,842,349,493,837,5,ITI,ITI2,10,Umbria
2021-05-22,SIC,47981,22783,25198,28646,19335,ITG,ITG1,19,Sicilia
2021-05-22,UMB,6959,2751,4208,2641,4318,ITI,ITI2,10,Umbria
2021-02-28,SIC,7163,3062,4101,6533,630,ITG,ITG1,19,Sicilia
2021-02-28,CAM,10411,3206,7205,8511,1900,ITF,ITF3,15,Campania
2021-01-09,CAL,1928,1041,887,1928,0,ITF,ITF6,18,Calabria
2021-06-08,SIC,47468,22304,25164,40951,6517,ITG,ITG1,19,Sicilia
2021-03-18,VDA,136,43,93,99,37,ITC,ITC2,2,Valle d'Aosta / Vallée d'Aoste
2021-06-03,FVG,12219,6661,5558,10250,1969,ITH,ITH4,6,Friuli-Venezia Giulia
2021-03-04,ABR,5936,2360,3576,5014,922,ITF,ITF1,13,Abruzzo
2021-04-05,SAR,2036,784,1252,2035,1,ITG,ITG2,20,Sardegna
2021-01-31,LOM,9732,3760,5972,29,9703,ITC,ITC4,3,Lombardia
2021-02-14,CAM,3928,1923,2005,3894,34,ITF,ITF3,15,Campania
2021-02-22,PAB,526,143,383,514,12,ITH,ITH1,4,Provincia Autonoma Bolzano / Bozen
2021-03-14,LAZ,17194,6707,10487,12040,5154,ITI,ITI4,12,Lazio
2021-05-06,LIG,14469,6416,8053,6169,8300,ITC,ITC3,7,Liguria
2021-03-19,VEN,13790,5668,8122,7696,6094,ITH,ITH3,5,Veneto
2021-05-25,LOM,91057,43578,47479,44618,46439,ITC,ITC4,3,Lombardia
2021-03-04,VDA,291,139,152,42,249,ITC,ITC2,2,Valle d'Aosta / Vallée d'Aoste
2021-02-14,LOM,3578,1545,2033,2943,635,ITC,ITC4,3,Lombardia
2021-05-26,VDA,1209,587,622,576,633,ITC,ITC2,2,Valle d'Aosta / Vallée d'Aoste
2021-03-01,MOL,661,274,387,447,214,ITF,ITF2,14,Molise
2021-04-29,MAR,13247,6062,7185,7150,6097,ITI,ITI3,11,Marche
2021-01-26,LIG,2491,807,1684,20,2471,ITC,ITC3,7,Liguria
2021-01-12,LOM,20211,6695,13516,20211,0,ITC,ITC4,3,Lombardia
2021-01-26,CAM,7340,3726,3614,351,6989,ITF,ITF3,15,Campania
2021-03-10,PAT,2402,929,1473,1481,921,ITH,ITH2,4,Provincia Autonoma Trento
2021-01-19,FVG,6,2,4,6,0,ITH,ITH4,6,Friuli-Venezia Giulia
2021-03-04,BAS,1881,892,989,1085,796,ITF,ITF5,17,Basilicata
2021-04-03,MOL,1770,850,920,1735,35,ITF,ITF2,14,Molise
2021-01-09,SIC,7119,3350,3769,7119,0,ITG,ITG1,19,Sicilia
2021-02-19,TOS,8294,2953,5341,7781,513,ITI,ITI1,9,Toscana
2021-06-03,EMR,37834,18411,19423,30340,7494,ITH,ITH5,8,Emilia-Romagna
2021-06-03,PIE,34293,17620,16673,30053,4240,ITC,ITC1,1,Piemonte
2021-01-10,PUG,2348,1061,1287,2348,0,ITF,ITF4,16,Puglia
2021-02-23,EMR,8215,3219,4996,7829,386,ITH,ITH5,8,Emilia-Romagna
2021-04-20,PUG,21115,9801,11314,17652,3463,ITF,ITF4,16,Puglia
2021-05-03,SIC,23332,10801,12531,13545,9787,ITG,ITG1,19,Sicilia
2021-03-12,EMR,18300,7699,10601,11583,6717,ITH,ITH5,8,Emilia-Romagna
2020-12-27,PUG,509,252,257,509,0,ITF,ITF4,16,Puglia
2021-04-02,UMB,4308,1746,2562,3551,757,ITI,ITI2,10,Umbria
2021-04-19,CAM,30769,14829,15940,19199,11570,ITF,ITF3,15,Campania
2021-05-28,ABR,13985,6293,7692,7633,6352,ITF,ITF1,13,Abruzzo
2021-06-12,BAS,3674,1687,1987,2988,686,ITF,ITF5,17,Basilicata
2021-01-09,UMB,1745,499,1246,1745,0,ITI,ITI2,10,Umbria
2021-04-19,SIC,18242,8638,9604,12663,5579,ITG,ITG1,19,Sicilia
2021-01-09,CAM,10567,5024,5543,10567,0,ITF,ITF3,15,Campania
2021-02-28,CAL,2328,1055,1273,2175,153,ITF,ITF6,18,Calabria
2021-04-19,UMB,5019,2218,2801,2970,2049,ITI,ITI2,10,Umbria
2021-04-23,PAB,4542,2151,2391,3251,1291,ITH,ITH1,4,Provincia Autonoma Bolzano / Bozen
2021-05-17,VDA,809,417,392,375,434,ITC,ITC2,2,Valle d'Aosta / Vallée d'Aoste
2021-01-17,UMB,54,17,37,54,0,ITI,ITI2,10,Umbria
2021-03-27,LIG,3931,1548,2383,2536,1395,ITC,ITC3,7,Liguria
2021-05-23,TOS,28376,13646,14730,25811,2565,ITI,ITI1,9,Toscana
2021-01-25,MAR,1595,558,1037,96,1499,ITI,ITI3,11,Marche
2020-12-31,UMB,322,127,195,322,0,ITI,ITI2,10,Umbria
2021-04-10,SIC,20401,9958,10443,11438,8963,ITG,ITG1,19,Sicilia
2021-01-10,PAT,84,19,65,84,0,ITH,ITH2,4,Provincia Autonoma Trento
2021-04-13,LIG,13076,5866,7210,11052,2024,ITC,ITC3,7,Liguria
2021-04-15,LOM,49410,21843,27567,35591,13819,ITC,ITC4,3,Lombardia
2021-01-17,SIC,1303,590,713,1245,58,ITG,ITG1,19,Sicilia
2021-04-16,ABR,7537,3488,4049,5620,1917,ITF,ITF1,13,Abruzzo
2021-01-05,LOM,7821,2567,5254,7821,0,ITC,ITC4,3,Lombardia
2021-03-22,LAZ,22980,10233,12747,16308,6672,ITI,ITI4,12,Lazio
2021-03-27,CAM,21508,10240,11268,17643,3865,ITF,ITF3,15,Campania
2021-01-23,BAS,719,303,416,33,686,ITF,ITF5,17,Basilicata
2021-05-13,CAL,15905,7644,8261,11212,4693,ITF,ITF6,18,Calabria
2021-05-03,BAS,4514,2043,2471,3687,827,ITF,ITF5,17,Basilicata
2021-04-24,EMR,28612,13230,15382,14384,14228,ITH,ITH5,8,Emilia-Romagna
2020-12-29,LAZ,488,176,312,488,0,ITI,ITI4,12,Lazio
2021-01-08,MAR,1578,590,988,1578,0,ITI,ITI3,11,Marche
2021-01-11,PAB,1571,513,1058,1571,0,ITH,ITH1,4,Provincia Autonoma Bolzano / Bozen
2021-02-19,CAL,1508,681,827,1247,261,ITF,ITF6,18,Calabria
2021-05-15,VDA,1065,614,451,380,685,ITC,ITC2,2,Valle d'Aosta / Vallée d'Aoste
2021-06-06,SAR,10027,4996,5031,6375,3652,ITG,ITG2,20,Sardegna
2021-01-29,PAT,1353,331,1022,55,1298,ITH,ITH2,4,Provincia Autonoma Trento
2021-02-09,BAS,491,213,278,316,175,ITF,ITF5,17,Basilicata
2021-02-04,VDA,294,86,208,8,286,ITC,ITC2,2,Valle d'Aosta / Vallée d'Aoste
2021-03-27,LOM,32426,12370,20056,23722,8704,ITC,ITC4,3,Lombardia
2021-04-18,MAR,8820,4131,4689,7899,921,ITI,ITI3,11,Marche
2021-05-11,EMR,35770,16791,18979,28507,7263,ITH,ITH5,8,Emilia-Romagna
2021-05-30,CAL,10936,5249,5687,6783,4153,ITF,ITF6,18,Calabria
2021-04-28,VDA,1218,632,586,715,503,ITC,ITC2,2,Valle d'Aosta / Vallée d'Aoste
2021-06-01,CAM,41908,20792,21116,31483,10425,ITF,ITF3,15,Campania
2021-01-31,EMR,7698,2763,4935,241,7457,ITH,ITH5,8,Emilia-Romagna
2021-02-10,TOS,4263,1281,2982,3740,523,ITI,ITI1,9,Toscana
2021-04-03,FVG,3985,1970,2015,2656,1329,ITH,ITH4,6,Friuli-Venezia Giulia
2021-01-03,LOM,854,316,538,854,0,ITC,ITC4,3,Lombardia
2021-04-06,PAB,2250,1118,1132,2147,103,ITH,ITH1,4,Provincia Autonoma Bolzano / Bozen
2021-03-10,CAM,15608,7718,7890,8773,6835,ITF,ITF3,15,Campania
2021-04-22,PAT,3151,1470,1681,3104,47,ITH,ITH2,4,Provincia Autonoma Trento
2021-06-15,UMB,5918,2996,2922,3897,2021,ITI,ITI2,10,Umbria
2021-05-04,TOS,18302,8208,10094,12855,5447,ITI,ITI1,9,Toscana
2021-06-13,LAZ,52530,23260,29270,27720,24810,ITI,ITI4,12,Lazio
2021-03-07,LAZ,14131,5464,8667,10538,3593,ITI,ITI4,12,Lazio
2021-06-10,FVG,10343,5421,4922,9450,893,ITH,ITH4,6,Friuli-Venezia Giulia
2021-06-15,LAZ,64889,31228,33661,33335,31554,ITI,ITI4,12,Lazio
2021-02-28,PIE,10816,4060,6756,10576,240,ITC,ITC1,1,Piemonte
2021-05-15,CAM,62582,29014,33568,43898,18684,ITF,ITF3,15,Campania
2021-03-17,PIE,12518,5055,7463,5224,7294,ITC,ITC1,1,Piemonte
2020-12-31,VEN,3220,1042,2178,3220,0,ITH,ITH3,5,Veneto
2021-03-11,ABR,5493,2218,3275,4355,1138,ITF,ITF1,13,Abruzzo
2021-03-24,LAZ,27402,12680,14722,21162,6240,ITI,ITI4,12,Lazio
2021-03-25,MOL,1806,730,1076,1309,497,ITF,ITF2,14,Molise
2021-03-19,FVG,3248,1348,1900,1315,1933,ITH,ITH4,6,Friuli-Venezia Giulia
2021-03-08,MOL,1379,522,857,1239,140,ITF,ITF2,14,Molise
2021-03-05,SIC,15664,6769,8895,11429,4235,ITG,ITG1,19,Sicilia
2021-06-02,ABR,9684,4693,4991,6873,2811,ITF,ITF1,13,Abruzzo
2021-04-07,PAT,2606,1014,1592,1664,942,ITH,ITH2,4,Provincia Autonoma Trento
2021-06-16,MOL,1694,860,834,924,770,ITF,ITF2,14,Molise
2021-03-21,EMR,11956,5296,6660,7351,4605,ITH,ITH5,8,Emilia-Romagna
2021-05-13,LIG,13265,6070,7195,9052,4213,ITC,ITC3,7,Liguria
2021-02-16,SIC,4275,2258,2017,3732,543,ITG,ITG1,19,Sicilia
2021-05-29,LAZ,51569,23108,28461,40927,10642,ITI,ITI4,12,Lazio
2021-04-12,VEN,14901,6333,8568,6684,8217,ITH,ITH3,5,Veneto
2021-02-19,LIG,3218,1306,1912,3042,176,ITC,ITC3,7,Liguria
2021-01-02,VEN,5743,1766,3977,5743,0,ITH,ITH3,5,Veneto
2021-04-13,MOL,1630,718,912,1043,587,ITF,ITF2,14,Molise
2021-06-17,UMB,3308,1646,1662,2511,797,ITI,ITI2,10,Umbria
2021-05-30,LIG,3275,1603,1672,1364,1911,ITC,ITC3,7,Liguria
2021-03-13,ABR,4126,1421,2705,3083,1043,ITF,ITF1,13,Abruzzo
2021-03-28,BAS,2141,742,1399,2124,17,ITF,ITF5,17,Basilicata
2021-05-17,CAL,14890,7451,7439,10182,4708,ITF,ITF6,18,Calabria
2021-06-10,PIE,40042,20912,19130,37533,2509,ITC,ITC1,1,Piemonte
2021-03-26,UMB,4604,1716,2888,4432,172,ITI,ITI2,10,Umbria
2021-03-27,MOL,2743,1273,1470,1310,1433,ITF,ITF2,14,Molise
2021-02-12,TOS,7606,2683,4923,7393,213,ITI,ITI1,9,Toscana
2021-04-08,PAB,2765,1346,1419,2562,203,ITH,ITH1,4,Provincia Autonoma Bolzano / Bozen
2021-06-10,EMR,43779,22501,21278,38462,5317,ITH,ITH5,8,Emilia-Romagna
2021-03-11,BAS,1794,928,866,835,959,ITF,ITF5,17,Basilicata
2021-01-02,UMB,304,111,193,304,0,ITI,ITI2,10,Umbria
2021-03-02,EMR,12669,4272,8397,10580,2089,ITH,ITH5,8,Emilia-Romagna
2021-01-03,PUG,2007,943,1064,2007,0,ITF,ITF4,16,Puglia
2021-04-14,SAR,8252,3903,4349,7014,1238,ITG,ITG2,20,Sardegna
2021-01-10,MAR,1741,700,1041,1741,0,ITI,ITI3,11,Marche
2021-02-21,CAL,615,288,327,538,77,ITF,ITF6,18,Calabria
2021-03-19,EMR,15925,6973,8952,7956,7969,ITH,ITH5,8,Emilia-Romagna
2021-03-19,PIE,11021,4512,6509,4415,6606,ITC,ITC1,1,Piemonte
2021-03-27,PUG,12149,5706,6443,6981,5168,ITF,ITF4,16,Puglia
2021-04-05,PIE,14746,6233,8513,12189,2557,ITC,ITC1,1,Piemonte
2021-05-01,SAR,9908,4762,5146,5451,4457,ITG,ITG2,20,Sardegna
2021-01-19,VEN,1309,472,837,1159,150,ITH,ITH3,5,Veneto
2021-01-21,SAR,126,60,66,94,32,ITG,ITG2,20,Sardegna
2021-02-06,VDA,289,104,185,92,197,ITC,ITC2,2,Valle d'Aosta / Vallée d'Aoste
2021-03-12,CAM,14571,7408,7163,8488,6083,ITF,ITF3,15,Campania
2021-06-01,LIG,16147,8107,8040,10784,5363,ITC,ITC3,7,Liguria
2021-01-11,PIE,8744,2980,5764,8744,0,ITC,ITC1,1,Piemonte
2021-02-06,SAR,1970,697,1273,569,1401,ITG,ITG2,20,Sardegna
2021-04-29,MOL,2237,1144,1093,890,1347,ITF,ITF2,14,Molise
2021-05-03,LOM,83653,39737,43916,71531,12122,ITC,ITC4,3,Lombardia
2021-04-23,FVG,7462,3377,4085,3601,3861,ITH,ITH4,6,Friuli-Venezia Giulia
2021-01-11,EMR,9348,3274,6074,9348,0,ITH,ITH5,8,Emilia-Romagna
2021-01-23,LOM,1114,357,757,916,198,ITC,ITC4,3,Lombardia
2021-02-23,SAR,1537,1026,511,1285,252,ITG,ITG2,20,Sardegna
2021-04-12,MOL,1299,557,742,1048,251,ITF,ITF2,14,Molise
2021-06-10,TOS,26290,13477,12813,25779,511,ITI,ITI1,9,Toscana
2021-05-24,TOS,33708,16696,17012,24140,9568,ITI,ITI1,9,Toscana
2021-06-17,LIG,4940,2403,2537,3108,1832,ITC,ITC3,7,Liguria
2021-01-19,PUG,1221,452,769,1211,10,ITF,ITF4,16,Puglia
2021-02-15,LAZ,8026,3540,4486,7395,631,ITI,ITI4,12,Lazio
2021-01-25,TOS,5127,1896,3231,248,4879,ITI,ITI1,9,Toscana
2021-01-29,LAZ,8042,3079,4963,813,7229,ITI,ITI4,12,Lazio
2021-03-18,PAT,2319,957,1362,1239,1080,ITH,ITH2,4,Provincia Autonoma Trento
2021-03-21,PAB,768,285,483,14,754,ITH,ITH1,4,Provincia Autonoma Bolzano / Bozen
2021-01-09,MAR,1710,605,1105,1710,0,ITI,ITI3,11,Marche
2021-04-30,VEN,49978,23470,26508,34318,15660,ITH,ITH3,5,Veneto
2021-06-12,PAB,4887,2650,2237,1602,3285,ITH,ITH1,4,Provincia Autonoma Bolzano / Bozen
2021-04-06,PIE,20241,8810,11431,15045,5196,ITC,ITC1,1,Piemonte
2021-05-02,SAR,5886,2669,3217,5305,581,ITG,ITG2,20,Sardegna
2021-05-30,UMB,5981,2998,2983,5780,201,ITI,ITI2,10,Umbria
2021-01-20,VEN,1038,368,670,386,652,ITH,ITH3,5,Veneto
2021-04-18,TOS,8357,4090,4267,7342,1015,ITI,ITI1,9,Toscana
2020-12-27,PIE,913,369,544,913,0,ITC,ITC1,1,Piemonte
2021-04-02,MAR,6886,2983,3903,6147,739,ITI,ITI3,11,Marche
2021-05-14,CAL,19942,9587,10355,13068,6874,ITF,ITF6,18,Calabria
2021-03-08,UMB,3697,1824,1873,2334,1363,ITI,ITI2,10,Umbria
2021-06-09,PAT,6229,3074,3155,2160,4069,ITH,ITH2,4,Provincia Autonoma Trento
2021-06-16,SIC,39400,18355,21045,20990,18410,ITG,ITG1,19,Sicilia
2021-01-14,PAB,1946,575,1371,1946,0,ITH,ITH1,4,Provincia Autonoma Bolzano / Bozen
2021-02-08,SAR,1470,533,937,856,614,ITG,ITG2,20,Sardegna
2021-03-16,MAR,3471,1485,1986,290,3181,ITI,ITI3,11,Marche
2021-04-27,CAL,9949,4892,5057,8002,1947,ITF,ITF6,18,Calabria
2021-06-16,UMB,6271,3071,3200,3212,3059,ITI,ITI2,10,Umbria
2021-01-19,VDA,256,77,179,256,0,ITC,ITC2,2,Valle d'Aosta / Vallée d'Aoste
2021-03-25,SIC,20334,9450,10884,14869,5465,ITG,ITG1,19,Sicilia
2021-04-07,PAB,1798,823,975,1258,540,ITH,ITH1,4,Provincia Autonoma Bolzano / Bozen
2021-02-03,CAL,2771,1431,1340,578,2193,ITF,ITF6,18,Calabria
2021-03-25,UMB,3904,1699,2205,2840,1064,ITI,ITI2,10,Umbria
2021-06-02,LIG,8530,4342,4188,5363,3167,ITC,ITC3,7,Liguria
2021-01-04,PUG,4508,2016,2492,4508,0,ITF,ITF4,16,Puglia
2021-04-12,VDA,486,186,300,323,163,ITC,ITC2,2,Valle d'Aosta / Vallée d'Aoste
2021-04-29,VDA,1291,634,657,757,534,ITC,ITC2,2,Valle d'Aosta / Vallée d'Aoste
2021-06-02,CAM,42737,20106,22631,38107,4630,ITF,ITF3,15,Campania
2021-02-17,LAZ,9184,4605,4579,8310,874,ITI,ITI4,12,Lazio
2021-02-22,CAM,10680,3294,7386,10417,263,ITF,ITF3,15,Campania
2021-03-02,PAB,695,200,495,693,2,ITH,ITH1,4,Provincia Autonoma Bolzano / Bozen
2021-03-07,MOL,1132,501,631,1130,2,ITF,ITF2,14,Molise
2021-04-06,PAT,2260,950,1310,1495,765,ITH,ITH2,4,Provincia Autonoma Trento
2021-04-17,BAS,3461,1655,1806,2199,1262,ITF,ITF5,17,Basilicata
2021-05-28,LAZ,56623,26197,30426,43634,12989,ITI,ITI4,12,Lazio
2021-06-15,MOL,1974,925,1049,631,1343,ITF,ITF2,14,Molise
2021-03-11,CAM,17993,9053,8940,10714,7279,ITF,ITF3,15,Campania
2021-03-19,PAB,1906,773,1133,799,1107,ITH,ITH1,4,Provincia Autonoma Bolzano / Bozen
2021-06-02,LOM,84621,43570,41051,78294,6327,ITC,ITC4,3,Lombardia
2021-03-06,SIC,12638,5058,7580,9856,2782,ITG,ITG1,19,Sicilia
2021-06-09,FVG,10689,5579,5110,9455,1234,ITH,ITH4,6,Friuli-Venezia Giulia
2021-03-11,LOM,36204,13472,22732,26299,9905,ITC,ITC4,3,Lombardia
2021-05-16,CAM,51144,23226,27918,33572,17572,ITF,ITF3,15,Campania
2021-06-11,EMR,44533,23126,21407,38081,6452,ITH,ITH5,8,Emilia-Romagna
2021-02-20,CAM,8573,3080,5493,8270,303,ITF,ITF3,15,Campania
2021-03-29,BAS,2434,880,1554,2147,287,ITF,ITF5,17,Basilicata
2021-03-27,UMB,4253,1512,2741,3913,340,ITI,ITI2,10,Umbria
2021-06-17,MOL,1038,441,597,480,558,ITF,ITF2,14,Molise
2021-06-14,SIC,42293,20117,22176,27617,14676,ITG,ITG1,19,Sicilia
2021-01-05,BAS,946,409,537,946,0,ITF,ITF5,17,Basilicata
2021-03-01,FVG,2957,1041,1916,2905,52,ITH,ITH4,6,Friuli-Venezia Giulia
2021-03-20,EMR,16088,6831,9257,9124,6964,ITH,ITH5,8,Emilia-Romagna
2021-03-18,FVG,3372,1421,1951,1691,1681,ITH,ITH4,6,Friuli-Venezia Giulia
2021-03-26,PUG,11914,5759,6155,7270,4644,ITF,ITF4,16,Puglia
2021-05-28,SIC,51186,22949,28237,24717,26469,ITG,ITG1,19,Sicilia
2021-06-16,VEN,46490,22921,23569,25627,20863,ITH,ITH3,5,Veneto
2021-03-09,PUG,13583,6059,7524,11574,2009,ITF,ITF4,16,Puglia
2021-04-06,EMR,24786,11195,13591,20045,4741,ITH,ITH5,8,Emilia-Romagna
2021-01-01,VEN,1528,471,1057,1528,0,ITH,ITH3,5,Veneto
2021-01-13,PAT,421,123,298,421,0,ITH,ITH2,4,Provincia Autonoma Trento
2020-12-27,EMR,971,373,598,971,0,ITH,ITH5,8,Emilia-Romagna
2021-02-18,LIG,2765,1126,1639,2431,334,ITC,ITC3,7,Liguria
2021-03-06,LAZ,18355,7083,11272,14098,4257,ITI,ITI4,12,Lazio
2021-03-25,VEN,25939,11050,14889,19834,6105,ITH,ITH3,5,Veneto
2021-06-09,PIE,38450,20284,18166,35774,2676,ITC,ITC1,1,Piemonte
2021-02-03,CAM,8903,4003,4900,878,8025,ITF,ITF3,15,Campania
2021-04-11,VEN,21007,8875,12132,14700,6307,ITH,ITH3,5,Veneto
2021-01-11,MAR,1176,411,765,1176,0,ITI,ITI3,11,Marche
2021-02-22,CAL,2041,1034,1007,1483,558,ITF,ITF6,18,Calabria
2021-03-18,PIE,11759,4805,6954,4029,7730,ITC,ITC1,1,Piemonte
2021-04-14,PUG,31873,15047,16826,28567,3306,ITF,ITF4,16,Puglia
2021-05-07,TOS,32111,14687,17424,12002,20109,ITI,ITI1,9,Toscana
2021-03-28,PUG,3528,1650,1878,1203,2325,ITF,ITF4,16,Puglia
2021-03-29,ABR,5707,2599,3108,3068,2639,ITF,ITF1,13,Abruzzo
2021-03-30,LOM,39538,15543,23995,24765,14773,ITC,ITC4,3,Lombardia
2021-04-21,MAR,10781,4967,5814,9587,1194,ITI,ITI3,11,Marche
2021-06-02,CAL,12079,5795,6284,8814,3265,ITF,ITF6,18,Calabria
2021-03-20,FVG,3399,1408,1991,1308,2091,ITH,ITH4,6,Friuli-Venezia Giulia
2021-05-26,CAM,52593,25778,26815,21546,31047,ITF,ITF3,15,Campania
2021-01-23,PAB,197,117,80,0,197,ITH,ITH1,4,Provincia Autonoma Bolzano / Bozen
2021-01-25,LIG,2726,889,1837,478,2248,ITC,ITC3,7,Liguria
2021-04-03,UMB,2112,717,1395,1059,1053,ITI,ITI2,10,Umbria
2021-03-18,VEN,12611,5137,7474,7385,5226,ITH,ITH3,5,Veneto
2021-05-05,LIG,13718,6136,7582,5297,8421,ITC,ITC3,7,Liguria
2021-06-14,SAR,13736,6635,7101,10127,3609,ITG,ITG2,20,Sardegna
2021-03-06,SAR,2638,1079,1559,858,1780,ITG,ITG2,20,Sardegna
2021-02-27,SIC,12238,5502,6736,11034,1204,ITG,ITG1,19,Sicilia
2021-03-11,FVG,3473,1514,1959,1722,1751,ITH,ITH4,6,Friuli-Venezia Giulia
2021-05-27,ABR,12975,5913,7062,8294,4681,ITF,ITF1,13,Abruzzo
2021-05-03,PAB,1830,847,983,417,1413,ITH,ITH1,4,Provincia Autonoma Bolzano / Bozen
2021-03-05,BAS,1855,857,998,1109,746,ITF,ITF5,17,Basilicata
2021-06-02,PIE,26522,12997,13525,22056,4466,ITC,ITC1,1,Piemonte
2021-02-23,PAB,769,324,445,763,6,ITH,ITH1,4,Provincia Autonoma Bolzano / Bozen
2021-02-04,MAR,2383,841,1542,112,2271,ITI,ITI3,11,Marche
2021-02-22,PIE,8483,3472,5011,7893,590,ITC,ITC1,1,Piemonte
2021-06-13,BAS,3011,1438,1573,2703,308,ITF,ITF5,17,Basilicata
2021-04-13,PAT,2554,1058,1496,2047,507,ITH,ITH2,4,Provincia Autonoma Trento
2021-01-20,PAT,291,73,218,279,12,ITH,ITH2,4,Provincia Autonoma Trento
2021-05-17,PAB,3134,1516,1618,2440,694,ITH,ITH1,4,Provincia Autonoma Bolzano / Bozen
2021-03-02,PUG,16377,6088,10289,15076,1301,ITF,ITF4,16,Puglia
2021-04-06,SAR,7457,3122,4335,5028,2429,ITG,ITG2,20,Sardegna
2021-04-25,LOM,51491,23611,27880,46750,4741,ITC,ITC4,3,Lombardia
2021-03-13,LAZ,21692,8636,13056,15798,5894,ITI,ITI4,12,Lazio
2021-03-17,VDA,433,185,248,273,160,ITC,ITC2,2,Valle d'Aosta / Vallée d'Aoste
2021-04-30,PAT,4925,2401,2524,4774,151,ITH,ITH2,4,Provincia Autonoma Trento
2020-12-27,SAR,65,34,31,65,0,ITG,ITG2,20,Sardegna
2021-03-11,PIE,13773,5074,8699,10676,3097,ITC,ITC1,1,Piemonte
2021-06-03,PAB,4721,2565,2156,3775,946,ITH,ITH1,4,Provincia Autonoma Bolzano / Bozen
2021-06-10,PUG,46256,22715,23541,29541,16715,ITF,ITF4,16,Puglia
2021-03-03,VDA,255,118,137,187,68,ITC,ITC2,2,Valle d'Aosta / Vallée d'Aoste
2021-04-06,CAM,24524,11568,12956,20000,4524,ITF,ITF3,15,Campania
2021-05-19,PAT,5096,2454,2642,3842,1254,ITH,ITH2,4,Provincia Autonoma Trento
2021-04-04,PUG,5959,2961,2998,5954,5,ITF,ITF4,16,Puglia
2020-12-27,CAM,720,422,298,720,0,ITF,ITF3,15,Campania
2021-03-19,ABR,5795,2584,3211,2775,3020,ITF,ITF1,13,Abruzzo
2021-05-23,CAL,11385,5550,5835,7034,4351,ITF,ITF6,18,Calabria
2021-02-08,SIC,3882,1678,2204,2129,1753,ITG,ITG1,19,Sicilia
2021-01-18,MAR,696,237,459,547,149,ITI,ITI3,11,Marche
2021-03-01,CAL,2724,1546,1178,2269,455,ITF,ITF6,18,Calabria
2021-03-25,PIE,17062,7203,9859,8423,8639,ITC,ITC1,1,Piemonte
2021-05-27,BAS,3604,1856,1748,1072,2532,ITF,ITF5,17,Basilicata
2021-01-08,UMB,1190,345,845,1190,0,ITI,ITI2,10,Umbria
2021-01-09,MOL,450,152,298,450,0,ITF,ITF2,14,Molise
2021-04-20,CAM,32038,15501,16537,20728,11310,ITF,ITF3,15,Campania
2021-03-21,PUG,2693,1227,1466,589,2104,ITF,ITF4,16,Puglia
2021-04-06,LOM,43052,17581,25471,25118,17934,ITC,ITC4,3,Lombardia
2021-04-28,MAR,10735,4891,5844,6003,4732,ITI,ITI3,11,Marche
2021-06-09,CAL,17497,8213,9284,15268,2229,ITF,ITF6,18,Calabria
2021-03-05,ABR,5349,1959,3390,4652,697,ITF,ITF1,13,Abruzzo
2021-04-19,MOL,1827,842,985,1049,778,ITF,ITF2,14,Molise
2021-02-20,TOS,4640,1789,2851,4127,513,ITI,ITI1,9,Toscana
2021-04-13,FVG,7366,3290,4076,5762,1604,ITH,ITH4,6,Friuli-Venezia Giulia
2021-01-03,FVG,312,122,190,312,0,ITH,ITH4,6,Friuli-Venezia Giulia
2021-05-31,TOS,30255,14593,15662,19444,10811,ITI,ITI1,9,Toscana
2021-03-20,CAM,13984,6523,7461,10245,3739,ITF,ITF3,15,Campania
2021-06-04,EMR,45428,22886,22542,37357,8071,ITH,ITH5,8,Emilia-Romagna
2021-01-22,SIC,1252,631,621,243,1009,ITG,ITG1,19,Sicilia
2021-05-14,TOS,33293,15392,17901,20643,12650,ITI,ITI1,9,Toscana
2021-05-07,VEN,48395,23195,25200,39731,8664,ITH,ITH3,5,Veneto
2021-03-16,LIG,6082,2731,3351,2349,3733,ITC,ITC3,7,Liguria
2021-05-23,UMB,5068,1855,3213,652,4416,ITI,ITI2,10,Umbria
2021-01-27,VEN,7141,2064,5077,241,6900,ITH,ITH3,5,Veneto
2021-02-08,LAZ,9740,4153,5587,4508,5232,ITI,ITI4,12,Lazio
2021-04-25,SAR,4497,2269,2228,3718,779,ITG,ITG2,20,Sardegna
2021-01-08,SIC,8104,3775,4329,8104,0,ITG,ITG1,19,Sicilia
2021-01-20,FVG,748,320,428,13,735,ITH,ITH4,6,Friuli-Venezia Giulia
2021-04-07,ABR,7225,3333,3892,4438,2787,ITF,ITF1,13,Abruzzo
2021-01-15,SAR,1563,573,990,1563,0,ITG,ITG2,20,Sardegna
2021-04-18,SIC,19706,9849,9857,15346,4360,ITG,ITG1,19,Sicilia
2021-03-14,PAB,758,336,422,25,733,ITH,ITH1,4,Provincia Autonoma Bolzano / Bozen
2021-02-01,SAR,1524,605,919,225,1299,ITG,ITG2,20,Sardegna
2021-04-14,PAB,3593,1645,1948,3502,91,ITH,ITH1,4,Provincia Autonoma Bolzano / Bozen
2021-01-26,VDA,139,48,91,0,139,ITC,ITC2,2,Valle d'Aosta / Vallée d'Aoste
2021-04-24,BAS,4544,2197,2347,3531,1013,ITF,ITF5,17,Basilicata
2021-05-02,LAZ,32631,14336,18295,23270,9361,ITI,ITI4,12,Lazio
2021-05-09,SAR,6129,2874,3255,5203,926,ITG,ITG2,20,Sardegna
2021-01-04,PAB,508,201,307,508,0,ITH,ITH1,4,Provincia Autonoma Bolzano / Bozen
2021-01-11,PUG,3754,1588,2166,3754,0,ITF,ITF4,16,Puglia
2021-02-12,VDA,263,96,167,217,46,ITC,ITC2,2,Valle d'Aosta / Vallée d'Aoste
2021-06-02,PAT,2838,1359,1479,944,1894,ITH,ITH2,4,Provincia Autonoma Trento
2021-06-14,LOM,94054,47804,46250,49660,44394,ITC,ITC4,3,Lombardia
2021-03-26,MAR,6332,2606,3726,3524,2808,ITI,ITI3,11,Marche
2021-04-13,PIE,25929,11608,14321,22469,3460,ITC,ITC1,1,Piemonte
2021-04-21,PUG,23078,10651,12427,19344,3734,ITF,ITF4,16,Puglia
2021-05-26,SAR,14912,7653,7259,9874,5038,ITG,ITG2,20,Sardegna
2021-02-13,VEN,3266,1473,1793,3246,20,ITH,ITH3,5,Veneto
2021-01-20,PIE,6617,2089,4528,5899,718,ITC,ITC1,1,Piemonte
2021-02-15,SAR,958,349,609,927,31,ITG,ITG2,20,Sardegna
2021-01-22,LAZ,4004,1635,2369,489,3515,ITI,ITI4,12,Lazio
2021-03-11,PAT,2298,851,1447,1474,824,ITH,ITH2,4,Provincia Autonoma Trento
2021-01-20,EMR,1325,270,1055,1324,1,ITH,ITH5,8,Emilia-Romagna
2021-05-24,PUG,35822,16919,18903,24853,10969,ITF,ITF4,16,Puglia
2021-06-17,MAR,5175,2573,2602,2688,2487,ITI,ITI3,11,Marche
2021-02-15,CAM,5470,2516,2954,5297,173,ITF,ITF3,15,Campania
2021-01-12,VDA,302,72,230,302,0,ITC,ITC2,2,Valle d'Aosta / Vallée d'Aoste
2021-05-14,LIG,13107,5832,7275,8782,4325,ITC,ITC3,7,Liguria
2021-01-20,SAR,210,77,133,208,2,ITG,ITG2,20,Sardegna
2021-01-28,MAR,2086,725,1361,165,1921,ITI,ITI3,11,Marche
2021-05-18,VDA,970,484,486,353,617,ITC,ITC2,2,Valle d'Aosta / Vallée d'Aoste
2021-01-06,LOM,7058,2491,4567,7058,0,ITC,ITC4,3,Lombardia
2021-05-31,LIG,14634,7324,7310,9119,5515,ITC,ITC3,7,Liguria
2021-02-07,VDA,292,120,172,190,102,ITC,ITC2,2,Valle d'Aosta / Vallée d'Aoste
2021-04-13,VEN,14022,6321,7701,8536,5486,ITH,ITH3,5,Veneto
2021-06-03,ABR,13041,6216,6825,9269,3772,ITF,ITF1,13,Abruzzo
2021-01-13,FVG,2650,834,1816,2650,0,ITH,ITH4,6,Friuli-Venezia Giulia
2021-02-13,TOS,7785,2360,5425,7558,227,ITI,ITI1,9,Toscana
2021-03-09,LIG,5930,2753,3177,4499,1431,ITC,ITC3,7,Liguria
2021-04-06,FVG,6641,3102,3539,5491,1150,ITH,ITH4,6,Friuli-Venezia Giulia
2021-03-12,ABR,6015,1987,4028,4433,1582,ITF,ITF1,13,Abruzzo
2021-04-04,MAR,3824,1792,2032,2655,1169,ITI,ITI3,11,Marche
2021-05-16,CAL,13769,6723,7046,9960,3809,ITF,ITF6,18,Calabria
2020-12-27,FVG,262,149,113,262,0,ITH,ITH4,6,Friuli-Venezia Giulia
2021-03-26,MOL,2575,1045,1530,1933,642,ITF,ITF2,14,Molise
2021-02-20,LIG,1335,637,698,1334,1,ITC,ITC3,7,Liguria
2021-05-01,VDA,940,563,377,456,484,ITC,ITC2,2,Valle d'Aosta / Vallée d'Aoste
2021-03-03,PIE,12120,4644,7476,11301,819,ITC,ITC1,1,Piemonte
2021-03-29,SAR,4716,1823,2893,4127,589,ITG,ITG2,20,Sardegna
2021-05-13,UMB,5918,2665,3253,3841,2077,ITI,ITI2,10,Umbria
2021-03-14,ABR,1874,731,1143,1208,666,ITF,ITF1,13,Abruzzo
2021-04-14,VDA,941,430,511,717,224,ITC,ITC2,2,Valle d'Aosta / Vallée d'Aoste
2021-05-18,CAM,52127,23192,28935,32509,19618,ITF,ITF3,15,Campania
2021-04-15,SAR,11844,5538,6306,6887,4957,ITG,ITG2,20,Sardegna
2021-01-03,VEN,5157,1562,3595,5157,0,ITH,ITH3,5,Veneto
2021-02-19,UMB,743,293,450,526,217,ITI,ITI2,10,Umbria
2021-01-05,SAR,1327,446,881,1327,0,ITG,ITG2,20,Sardegna
2021-01-08,TOS,5947,1643,4304,5947,0,ITI,ITI1,9,Toscana
2021-03-20,PIE,11922,4899,7023,6024,5898,ITC,ITC1,1,Piemonte
2021-06-09,MAR,14044,7304,6740,12174,1870,ITI,ITI3,11,Marche
2021-03-04,PAB,1715,1005,710,1486,229,ITH,ITH1,4,Provincia Autonoma Bolzano / Bozen
2021-01-22,SAR,83,47,36,55,28,ITG,ITG2,20,Sardegna
2021-02-12,PAT,1010,340,670,589,421,ITH,ITH2,4,Provincia Autonoma Trento
2021-01-17,CAL,896,430,466,801,95,ITF,ITF6,18,Calabria
2021-05-16,LIG,3704,1860,1844,2144,1560,ITC,ITC3,7,Liguria
2021-05-18,LOM,88132,42132,46000,32601,55531,ITC,ITC4,3,Lombardia
2021-02-19,SIC,4908,2648,2260,4343,565,ITG,ITG1,19,Sicilia
2021-06-04,LOM,104329,54166,50163,94764,9565,ITC,ITC4,3,Lombardia
2021-02-22,LIG,3343,1476,1867,3201,142,ITC,ITC3,7,Liguria
2021-02-24,LOM,14665,5925,8740,13733,932,ITC,ITC4,3,Lombardia
2021-02-25,ABR,3043,1331,1712,2514,529,ITF,ITF1,13,Abruzzo
2021-03-01,PAT,1237,454,783,942,295,ITH,ITH2,4,Provincia Autonoma Trento
2021-03-08,SIC,13387,5859,7528,10774,2613,ITG,ITG1,19,Sicilia
2021-06-05,ABR,14605,6860,7745,10554,4051,ITF,ITF1,13,Abruzzo
2021-06-07,MAR,13157,6496,6661,10708,2449,ITI,ITI3,11,Marche
2021-01-31,LAZ,4460,1854,2606,477,3983,ITI,ITI4,12,Lazio
2021-02-05,CAM,7259,3463,3796,2132,5127,ITF,ITF3,15,Campania
2021-03-20,PAT,874,403,471,671,203,ITH,ITH2,4,Provincia Autonoma Trento
2021-03-24,CAL,7635,3485,4150,4379,3256,ITF,ITF6,18,Calabria
2021-03-03,PAT,1659,622,1037,1141,518,ITH,ITH2,4,Provincia Autonoma Trento
2021-03-14,BAS,1010,477,533,541,469,ITF,ITF5,17,Basilicata
2021-01-02,VDA,6,5,1,6,0,ITC,ITC2,2,Valle d'Aosta / Vallée d'Aoste
2021-05-11,LAZ,48191,22126,26065,31722,16469,ITI,ITI4,12,Lazio
2021-06-13,EMR,27238,14229,13009,22985,4253,ITH,ITH5,8,Emilia-Romagna
2021-03-26,VDA,498,204,294,491,7,ITC,ITC2,2,Valle d'Aosta / Vallée d'Aoste
2021-05-16,LOM,68655,32494,36161,36484,32171,ITC,ITC4,3,Lombardia
2021-05-30,SIC,35766,16169,19597,17719,18047,ITG,ITG1,19,Sicilia
2021-03-05,EMR,17849,5840,12009,14395,3454,ITH,ITH5,8,Emilia-Romagna
2021-02-05,LOM,25683,7454,18229,2415,23268,ITC,ITC4,3,Lombardia
2021-02-27,MAR,3356,1435,1921,3147,209,ITI,ITI3,11,Marche
2021-04-10,CAL,11362,5125,6237,6574,4788,ITF,ITF6,18,Calabria
2021-04-17,SAR,10082,4502,5580,5483,4599,ITG,ITG2,20,Sardegna
2021-02-18,MOL,319,74,245,306,13,ITF,ITF2,14,Molise
2021-03-31,BAS,3095,1258,1837,2313,782,ITF,ITF5,17,Basilicata
2021-05-13,SIC,47224,22145,25079,30728,16496,ITG,ITG1,19,Sicilia
2021-02-12,FVG,1193,428,765,1146,47,ITH,ITH4,6,Friuli-Venezia Giulia
2021-03-22,EMR,17646,7810,9836,10782,6864,ITH,ITH5,8,Emilia-Romagna
2021-06-17,VDA,113,55,58,1,112,ITC,ITC2,2,Valle d'Aosta / Vallée d'Aoste
2021-04-01,TOS,27024,11205,15819,16392,10632,ITI,ITI1,9,Toscana
2021-05-26,PAB,4935,2491,2444,2962,1973,ITH,ITH1,4,Provincia Autonoma Bolzano / Bozen
2021-02-22,LOM,11894,4807,7087,11589,305,ITC,ITC4,3,Lombardia
2021-04-24,LAZ,33389,15057,18332,20618,12771,ITI,ITI4,12,Lazio
2021-04-29,CAM,41321,20033,21288,24844,16477,ITF,ITF3,15,Campania
2021-06-11,PAT,7159,3405,3754,1557,5602,ITH,ITH2,4,Provincia Autonoma Trento
2021-03-15,TOS,8690,3638,5052,4247,4443,ITI,ITI1,9,Toscana
2021-01-19,CAM,1095,474,621,1092,3,ITF,ITF3,15,Campania
2021-06-05,BAS,4796,2206,2590,3853,943,ITF,ITF5,17,Basilicata
2021-01-31,SIC,4031,1926,2105,112,3919,ITG,ITG1,19,Sicilia
2021-03-08,VEN,13628,6270,7358,9559,4069,ITH,ITH3,5,Veneto
2021-03-09,MOL,1329,579,750,1177,152,ITF,ITF2,14,Molise
2021-03-03,EMR,15842,5254,10588,13365,2477,ITH,ITH5,8,Emilia-Romagna
2021-05-11,SIC,32273,15358,16915,19799,12474,ITG,ITG1,19,Sicilia
2021-06-13,PAT,3682,2033,1649,295,3387,ITH,ITH2,4,Provincia Autonoma Trento
2021-02-20,MOL,1018,441,577,998,20,ITF,ITF2,14,Molise
2021-02-17,SIC,5215,3202,2013,4546,669,ITG,ITG1,19,Sicilia
2021-05-17,ABR,11033,5037,5996,6179,4854,ITF,ITF1,13,Abruzzo
2021-05-30,LAZ,41111,17567,23544,33819,7292,ITI,ITI4,12,Lazio
2021-05-13,LAZ,49814,22371,27443,32085,17729,ITI,ITI4,12,Lazio
2021-05-31,MOL,2313,1102,1211,1924,389,ITF,ITF2,14,Molise
2021-05-06,PIE,33431,15754,17677,19883,13548,ITC,ITC1,1,Piemonte
2021-02-23,BAS,1901,771,1130,1763,138,ITF,ITF5,17,Basilicata
2021-05-23,PIE,28700,13130,15570,15750,12950,ITC,ITC1,1,Piemonte
2021-05-14,MOL,2644,1215,1429,1926,718,ITF,ITF2,14,Molise
2020-12-27,PAT,103,40,63,103,0,ITH,ITH2,4,Provincia Autonoma Trento
2021-02-12,PIE,6891,2215,4676,3930,2961,ITC,ITC1,1,Piemonte
2021-06-03,BAS,4918,2255,2663,3737,1181,ITF,ITF5,17,Basilicata
2021-05-25,FVG,12864,6360,6504,9553,3311,ITH,ITH4,6,Friuli-Venezia Giulia
2021-03-12,BAS,1905,980,925,805,1100,ITF,ITF5,17,Basilicata
2021-04-24,SIC,31111,14689,16422,23500,7611,ITG,ITG1,19,Sicilia
2021-03-01,PIE,12043,4846,7197,11234,809,ITC,ITC1,1,Piemonte
2021-06-14,PAB,2315,1235,1080,538,1777,ITH,ITH1,4,Provincia Autonoma Bolzano / Bozen
2021-03-13,LOM,27165,9767,17398,21076,6089,ITC,ITC4,3,Lombardia
2021-01-03,SAR,90,36,54,90,0,ITG,ITG2,20,Sardegna
2021-01-10,TOS,3001,1104,1897,3001,0,ITI,ITI1,9,Toscana
2021-02-05,CAL,3804,1714,2090,488,3316,ITF,ITF6,18,Calabria
2021-06-02,MOL,2805,1355,1450,2706,99,ITF,ITF2,14,Molise
2021-04-20,TOS,18157,8110,10047,12601,5556,ITI,ITI1,9,Toscana
2021-06-11,FVG,10295,5634,4661,9597,698,ITH,ITH4,6,Friuli-Venezia Giulia
2021-05-17,BAS,5539,2733,2806,3405,2134,ITF,ITF5,17,Basilicata
2021-03-03,FVG,3643,1631,2012,2370,1273,ITH,ITH4,6,Friuli-Venezia Giulia
2021-03-11,PUG,14762,6535,8227,11615,3147,ITF,ITF4,16,Puglia
2021-04-03,TOS,15012,6646,8366,13886,1126,ITI,ITI1,9,Toscana
2021-04-27,LIG,14748,6677,8071,7168,7580,ITC,ITC3,7,Liguria
2021-02-23,ABR,2782,1275,1507,2771,11,ITF,ITF1,13,Abruzzo
2021-03-18,MAR,3389,1475,1914,162,3227,ITI,ITI3,11,Marche
2021-04-29,CAL,11948,5812,6136,8389,3559,ITF,ITF6,18,Calabria
2021-01-21,VDA,33,12,21,33,0,ITC,ITC2,2,Valle d'Aosta / Vallée d'Aoste
2021-02-03,LIG,2314,790,1524,55,2259,ITC,ITC3,7,Liguria
2021-06-02,PUG,26906,13166,13740,22098,4808,ITF,ITF4,16,Puglia
2021-02-06,ABR,1610,743,867,602,1008,ITF,ITF1,13,Abruzzo
2021-04-12,CAL,6907,3355,3552,5254,1653,ITF,ITF6,18,Calabria
2021-06-01,UMB,4380,2089,2291,4225,155,ITI,ITI2,10,Umbria
2021-01-04,VDA,142,59,83,142,0,ITC,ITC2,2,Valle d'Aosta / Vallée d'Aoste
2021-05-25,EMR,25014,11176,13838,11708,13306,ITH,ITH5,8,Emilia-Romagna
2021-05-25,PIE,31121,14441,16680,15986,15135,ITC,ITC1,1,Piemonte
2021-01-19,CAL,1115,491,624,1104,11,ITF,ITF6,18,Calabria
2021-03-10,UMB,4032,1945,2087,2776,1256,ITI,ITI2,10,Umbria
2021-06-11,PIE,42439,22406,20033,39663,2776,ITC,ITC1,1,Piemonte
2021-01-27,TOS,4835,1573,3262,206,4629,ITI,ITI1,9,Toscana
2021-02-14,EMR,1403,378,1025,1283,120,ITH,ITH5,8,Emilia-Romagna
2021-03-27,VEN,32081,14018,18063,26275,5806,ITH,ITH3,5,Veneto
2021-05-23,MAR,9208,4282,4926,7537,1671,ITI,ITI3,11,Marche
2021-01-21,CAM,2092,1115,977,676,1416,ITF,ITF3,15,Campania
2021-03-28,VDA,522,212,310,521,1,ITC,ITC2,2,Valle d'Aosta / Vallée d'Aoste
2021-01-16,UMB,221,73,148,221,0,ITI,ITI2,10,Umbria
2021-03-13,PUG,10466,4134,6332,8658,1808,ITF,ITF4,16,Puglia
2021-06-03,VEN,54169,27874,26295,42241,11928,ITH,ITH3,5,Veneto
2021-05-06,MAR,12657,5822,6835,5585,7072,ITI,ITI3,11,Marche
2021-06-17,CAL,5150,2315,2835,3013,2137,ITF,ITF6,18,Calabria
2021-02-15,PAB,72,42,30,26,46,ITH,ITH1,4,Provincia Autonoma Bolzano / Bozen
2021-03-11,VDA,197,76,121,66,131,ITC,ITC2,2,Valle d'Aosta / Vallée d'Aoste
2021-04-29,LIG,15553,6974,8579,6736,8817,ITC,ITC3,7,Liguria
2021-05-01,LOM,95961,43669,52292,66755,29206,ITC,ITC4,3,Lombardia
2021-05-27,FVG,12785,6119,6666,7570,5215,ITH,ITH4,6,Friuli-Venezia Giulia
2021-01-21,LOM,5317,1563,3754,4629,688,ITC,ITC4,3,Lombardia
2021-02-12,MAR,1582,618,964,1430,152,ITI,ITI3,11,Marche
2021-03-26,CAL,7970,3769,4201,4849,3121,ITF,ITF6,18,Calabria
2021-02-02,UMB,944,274,670,32,912,ITI,ITI2,10,Umbria
2021-02-24,PUG,10037,4704,5333,9447,590,ITF,ITF4,16,Puglia
2021-04-12,LIG,12382,5475,6907,10363,2019,ITC,ITC3,7,Liguria
2021-02-08,ABR,1196,395,801,486,710,ITF,ITF1,13,Abruzzo
2021-06-02,VDA,1215,688,527,814,401,ITC,ITC2,2,Valle d'Aosta / Vallée d'Aoste
2021-06-04,PUG,51992,25156,26836,34529,17463,ITF,ITF4,16,Puglia
2021-01-19,LIG,1371,438,933,1281,90,ITC,ITC3,7,Liguria
2021-03-17,TOS,11420,4586,6834,6892,4528,ITI,ITI1,9,Toscana
2021-05-11,PAB,2843,1334,1509,1320,1523,ITH,ITH1,4,Provincia Autonoma Bolzano / Bozen
2021-05-18,PUG,28732,13369,15363,16007,12725,ITF,ITF4,16,Puglia
2021-05-19,ABR,10695,5110,5585,7656,3039,ITF,ITF1,13,Abruzzo
2021-02-07,LOM,7308,2822,4486,338,6970,ITC,ITC4,3,Lombardia
2021-04-14,CAM,27640,13333,14307,19071,8569,ITF,ITF3,15,Campania
2021-02-05,LIG,2675,987,1688,305,2370,ITC,ITC3,7,Liguria
2021-05-01,CAM,46336,22660,23676,30234,16102,ITF,ITF3,15,Campania
2021-06-08,TOS,32462,16614,15848,32030,432,ITI,ITI1,9,Toscana
2021-02-26,TOS,10080,3834,6246,8874,1206,ITI,ITI1,9,Toscana
2021-05-27,EMR,42063,18650,23413,14007,28056,ITH,ITH5,8,Emilia-Romagna
2021-02-10,MAR,1439,452,987,1080,359,ITI,ITI3,11,Marche
2021-01-14,LAZ,5487,2145,3342,5487,0,ITI,ITI4,12,Lazio
2021-02-16,EMR,5772,2446,3326,5241,531,ITH,ITH5,8,Emilia-Romagna
2021-04-26,SIC,21724,10282,11442,13655,8069,ITG,ITG1,19,Sicilia
2021-06-06,TOS,28287,13648,14639,22932,5355,ITI,ITI1,9,Toscana
2021-03-31,SAR,10271,4163,6108,7823,2448,ITG,ITG2,20,Sardegna
2021-01-19,LOM,8051,2329,5722,7583,468,ITC,ITC4,3,Lombardia
2021-02-02,SIC,5272,2472,2800,629,4643,ITG,ITG1,19,Sicilia
2021-02-08,BAS,557,193,364,151,406,ITF,ITF5,17,Basilicata
2021-01-29,PAB,1497,510,987,24,1473,ITH,ITH1,4,Provincia Autonoma Bolzano / Bozen
2021-04-07,LAZ,25629,11850,13779,18322,7307,ITI,ITI4,12,Lazio
2021-04-12,CAM,23301,10918,12383,20265,3036,ITF,ITF3,15,Campania
2021-05-25,PAT,4762,2266,2496,1865,2897,ITH,ITH2,4,Provincia Autonoma Trento
2021-05-08,PAT,3160,1724,1436,2738,422,ITH,ITH2,4,Provincia Autonoma Trento
2021-05-19,BAS,2869,1497,1372,1193,1676,ITF,ITF5,17,Basilicata
2021-01-02,CAM,3672,1962,1710,3672,0,ITF,ITF3,15,Campania
2021-03-09,VDA,206,96,110,174,32,ITC,ITC2,2,Valle d'Aosta / Vallée d'Aoste
2021-04-22,PAB,2923,1500,1423,1981,942,ITH,ITH1,4,Provincia Autonoma Bolzano / Bozen
2021-04-26,UMB,5377,2329,3048,3125,2252,ITI,ITI2,10,Umbria
2021-02-25,BAS,1787,736,1051,1741,46,ITF,ITF5,17,Basilicata
2021-02-20,VDA,251,210,41,241,10,ITC,ITC2,2,Valle d'Aosta / Vallée d'Aoste
2020-12-28,LAZ,959,412,547,959,0,ITI,ITI4,12,Lazio
2021-02-14,PAT,246,186,60,11,235,ITH,ITH2,4,Provincia Autonoma Trento
2021-04-09,UMB,6799,3164,3635,6580,219,ITI,ITI2,10,Umbria
2021-05-09,PAB,4240,2408,1832,3087,1153,ITH,ITH1,4,Provincia Autonoma Bolzano / Bozen
2021-04-29,PUG,26064,12072,13992,19408,6656,ITF,ITF4,16,Puglia
2021-04-30,ABR,12392,5804,6588,6695,5697,ITF,ITF1,13,Abruzzo
2021-01-16,LAZ,5647,2282,3365,5647,0,ITI,ITI4,12,Lazio
2021-06-17,CAM,19937,9589,10348,9150,10787,ITF,ITF3,15,Campania
2021-04-19,PIE,22542,10767,11775,18178,4364,ITC,ITC1,1,Piemonte
2021-01-14,SIC,5027,2384,2643,5027,0,ITG,ITG1,19,Sicilia
2021-04-13,ABR,5879,2752,3127,4679,1200,ITF,ITF1,13,Abruzzo
2021-04-26,LAZ,29229,13456,15773,20027,9202,ITI,ITI4,12,Lazio
2021-01-09,PIE,6184,2185,3999,6184,0,ITC,ITC1,1,Piemonte
2021-02-02,LAZ,5910,2213,3697,638,5272,ITI,ITI4,12,Lazio
2021-01-20,ABR,447,156,291,445,2,ITF,ITF1,13,Abruzzo
2021-02-19,VEN,7322,3140,4182,7118,204,ITH,ITH3,5,Veneto
2021-03-26,CAM,19851,9310,10541,16036,3815,ITF,ITF3,15,Campania
2021-02-03,MOL,731,249,482,338,393,ITF,ITF2,14,Molise
2021-01-28,FVG,2239,794,1445,354,1885,ITH,ITH4,6,Friuli-Venezia Giulia
2021-01-26,PIE,6332,1880,4452,735,5597,ITC,ITC1,1,Piemonte
2021-06-11,MAR,13691,7000,6691,11430,2261,ITI,ITI3,11,Marche
2021-02-06,BAS,903,367,536,146,757,ITF,ITF5,17,Basilicata
2021-04-27,MOL,1593,767,826,465,1128,ITF,ITF2,14,Molise
2021-05-27,PAT,4282,1988,2294,1253,3029,ITH,ITH2,4,Provincia Autonoma Trento
2021-03-24,LIG,9174,4028,5146,5887,3287,ITC,ITC3,7,Liguria
2021-05-10,EMR,33840,16125,17715,26595,7245,ITH,ITH5,8,Emilia-Romagna
2021-05-08,FVG,10265,4640,5625,5486,4779,ITH,ITH4,6,Friuli-Venezia Giulia
2020-12-31,LIG,990,353,637,990,0,ITC,ITC3,7,Liguria
2021-04-30,BAS,5284,2373,2911,4122,1162,ITF,ITF5,17,Basilicata
2021-02-21,VEN,4634,1209,3425,4629,5,ITH,ITH3,5,Veneto
2021-04-28,UMB,5349,2317,3032,2966,2383,ITI,ITI2,10,Umbria
2021-03-06,PAB,3973,2081,1892,3762,211,ITH,ITH1,4,Provincia Autonoma Bolzano / Bozen
2021-04-10,LIG,7882,3556,4326,6968,914,ITC,ITC3,7,Liguria
2021-02-04,UMB,733,226,507,25,708,ITI,ITI2,10,Umbria
2021-05-15,VEN,36174,17487,18687,26185,9989,ITH,ITH3,5,Veneto
2021-01-17,LIG,862,300,562,862,0,ITC,ITC3,7,Liguria
2021-05-02,ABR,10424,5088,5336,5214,5210,ITF,ITF1,13,Abruzzo
2021-05-25,MAR,11647,5745,5902,8717,2930,ITI,ITI3,11,Marche
2021-05-28,PAB,5680,2895,2785,3790,1890,ITH,ITH1,4,Provincia Autonoma Bolzano / Bozen
2021-01-20,BAS,84,22,62,84,0,ITF,ITF5,17,Basilicata
2021-05-15,UMB,4991,1881,3110,1826,3165,ITI,ITI2,10,Umbria
2021-05-16,MOL,1247,571,676,1065,182,ITF,ITF2,14,Molise
2021-02-17,PAB,156,51,105,139,17,ITH,ITH1,4,Provincia Autonoma Bolzano / Bozen
2021-04-21,EMR,23953,10962,12991,14207,9746,ITH,ITH5,8,Emilia-Romagna
2021-06-01,VEN,26892,13534,13358,16400,10492,ITH,ITH3,5,Veneto
2021-02-22,PUG,9630,4537,5093,9298,332,ITF,ITF4,16,Puglia
2021-05-08,PIE,34245,16248,17997,18609,15636,ITC,ITC1,1,Piemonte
2021-06-03,SAR,16345,7608,8737,10700,5645,ITG,ITG2,20,Sardegna
2021-01-02,CAL,166,94,72,166,0,ITF,ITF6,18,Calabria
2021-01-28,PIE,5591,1809,3782,384,5207,ITC,ITC1,1,Piemonte
2021-05-08,EMR,32332,15090,17242,20911,11421,ITH,ITH5,8,Emilia-Romagna
2021-05-20,LOM,94339,45602,48737,31832,62507,ITC,ITC4,3,Lombardia
2021-03-01,MAR,3724,1487,2237,3476,248,ITI,ITI3,11,Marche
2021-05-10,FVG,7937,3526,4411,6396,1541,ITH,ITH4,6,Friuli-Venezia Giulia
2021-01-28,EMR,10254,3339,6915,349,9905,ITH,ITH5,8,Emilia-Romagna
2021-03-10,VEN,19029,8720,10309,13348,5681,ITH,ITH3,5,Veneto
2021-02-05,PUG,5635,2273,3362,1333,4302,ITF,ITF4,16,Puglia
2021-03-12,SAR,5978,2620,3358,4670,1308,ITG,ITG2,20,Sardegna
2021-02-14,PIE,1476,498,978,876,600,ITC,ITC1,1,Piemonte
2021-05-16,PUG,24453,11022,13431,12643,11810,ITF,ITF4,16,Puglia
2021-02-16,PUG,3380,1453,1927,2735,645,ITF,ITF4,16,Puglia
2021-05-08,ABR,10293,4871,5422,6459,3834,ITF,ITF1,13,Abruzzo
2021-01-10,CAL,931,525,406,931,0,ITF,ITF6,18,Calabria
2021-01-30,PUG,5527,2514,3013,410,5117,ITF,ITF4,16,Puglia
2021-02-03,PIE,10202,3304,6898,611,9591,ITC,ITC1,1,Piemonte
2021-02-27,LAZ,11425,4267,7158,10470,955,ITI,ITI4,12,Lazio
2021-05-26,LOM,93380,44537,48843,43564,49816,ITC,ITC4,3,Lombardia
2021-06-09,CAM,52377,25727,26650,41513,10864,ITF,ITF3,15,Campania
2021-02-15,LOM,8940,3130,5810,8523,417,ITC,ITC4,3,Lombardia
2021-03-09,MAR,5427,2290,3137,4547,880,ITI,ITI3,11,Marche
2021-04-20,CAL,7839,3953,3886,6120,1719,ITF,ITF6,18,Calabria
2021-05-10,PUG,37613,16615,20998,19702,17911,ITF,ITF4,16,Puglia
2021-02-28,MOL,832,334,498,790,42,ITF,ITF2,14,Molise
2021-03-01,CAM,12130,4247,7883,8017,4113,ITF,ITF3,15,Campania
2021-01-01,TOS,2369,787,1582,2369,0,ITI,ITI1,9,Toscana
2021-02-22,FVG,2485,1193,1292,2067,418,ITH,ITH4,6,Friuli-Venezia Giulia
2021-04-24,ABR,8718,3973,4745,7188,1530,ITF,ITF1,13,Abruzzo
2021-04-11,TOS,3645,1680,1965,3490,155,ITI,ITI1,9,Toscana
2021-03-30,SIC,14507,6746,7761,9743,4764,ITG,ITG1,19,Sicilia
2021-05-09,CAM,43192,20281,22911,32098,11094,ITF,ITF3,15,Campania
2021-01-11,LIG,2654,989,1665,2654,0,ITC,ITC3,7,Liguria
2021-04-15,EMR,29334,13978,15356,19658,9676,ITH,ITH5,8,Emilia-Romagna
2021-06-02,FVG,9398,4947,4451,9122,276,ITH,ITH4,6,Friuli-Venezia Giulia
2021-01-14,ABR,530,189,341,530,0,ITF,ITF1,13,Abruzzo
2021-03-13,SIC,12208,5386,6822,7717,4491,ITG,ITG1,19,Sicilia
2021-02-27,MOL,1366,568,798,1347,19,ITF,ITF2,14,Molise
2021-03-19,BAS,2292,994,1298,264,2028,ITF,ITF5,17,Basilicata
2021-03-06,TOS,7107,2851,4256,2914,4193,ITI,ITI1,9,Toscana
2021-03-17,UMB,3331,1313,2018,1859,1472,ITI,ITI2,10,Umbria
2021-05-24,VDA,1135,516,619,688,447,ITC,ITC2,2,Valle d'Aosta / Vallée d'Aoste
2021-06-07,MOL,1947,857,1090,1128,819,ITF,ITF2,14,Molise
2021-03-10,EMR,18796,7740,11056,13152,5644,ITH,ITH5,8,Emilia-Romagna
2021-05-10,VDA,782,381,401,547,235,ITC,ITC2,2,Valle d'Aosta / Vallée d'Aoste
2021-05-20,LAZ,51160,24614,26546,37489,13671,ITI,ITI4,12,Lazio
2021-02-13,MOL,132,80,52,132,0,ITF,ITF2,14,Molise
2021-04-13,MAR,9838,4259,5579,9605,233,ITI,ITI3,11,Marche
2021-01-07,UMB,1301,387,914,1301,0,ITI,ITI2,10,Umbria
2021-01-10,CAM,8165,3736,4429,8165,0,ITF,ITF3,15,Campania
2021-02-07,FVG,1562,482,1080,385,1177,ITH,ITH4,6,Friuli-Venezia Giulia
2021-04-17,SIC,26035,13154,12881,18969,7066,ITG,ITG1,19,Sicilia
2021-01-03,PAT,492,160,332,492,0,ITH,ITH2,4,Provincia Autonoma Trento
2021-05-24,MOL,1960,852,1108,1294,666,ITF,ITF2,14,Molise
2021-03-20,SAR,5194,2074,3120,2917,2277,ITG,ITG2,20,Sardegna
2021-02-16,BAS,906,377,529,808,98,ITF,ITF5,17,Basilicata
2021-05-07,MOL,2642,1227,1415,2045,597,ITF,ITF2,14,Molise
2021-02-06,PAB,2626,1171,1455,19,2607,ITH,ITH1,4,Provincia Autonoma Bolzano / Bozen
2021-02-13,PUG,3727,1456,2271,3031,696,ITF,ITF4,16,Puglia
2021-05-18,FVG,10729,5374,5355,8657,2072,ITH,ITH4,6,Friuli-Venezia Giulia
2021-01-10,LIG,648,262,386,648,0,ITC,ITC3,7,Liguria
2021-02-12,CAL,1710,668,1042,947,763,ITF,ITF6,18,Calabria
2021-03-03,VEN,12094,4646,7448,8595,3499,ITH,ITH3,5,Veneto
2021-03-17,SIC,14876,7351,7525,9185,5691,ITG,ITG1,19,Sicilia
2021-03-20,LOM,32501,12145,20356,22654,9847,ITC,ITC4,3,Lombardia
2021-04-20,LIG,14215,6505,7710,9867,4348,ITC,ITC3,7,Liguria
2021-04-03,CAM,21114,10314,10800,18733,2381,ITF,ITF3,15,Campania
2021-06-01,FVG,10067,5096,4971,7948,2119,ITH,ITH4,6,Friuli-Venezia Giulia
2021-06-11,VEN,46541,24227,22314,35635,10906,ITH,ITH3,5,Veneto
2021-05-18,PIE,32026,14759,17267,19383,12643,ITC,ITC1,1,Piemonte
2021-06-06,LAZ,57855,27877,29978,35406,22449,ITI,ITI4,12,Lazio
2021-06-13,SAR,9324,4578,4746,6121,3203,ITG,ITG2,20,Sardegna
2020-12-27,LOM,717,413,304,717,0,ITC,ITC4,3,Lombardia
2021-05-18,EMR,29071,13240,15831,18568,10503,ITH,ITH5,8,Emilia-Romagna
2021-06-16,MAR,13521,6794,6727,9156,4365,ITI,ITI3,11,Marche
2021-02-16,ABR,1917,842,1075,1905,12,ITF,ITF1,13,Abruzzo
2021-02-03,TOS,4221,1452,2769,241,3980,ITI,ITI1,9,Toscana
2021-02-07,EMR,4794,1538,3256,1733,3061,ITH,ITH5,8,Emilia-Romagna
2021-03-02,ABR,3962,1675,2287,3278,684,ITF,ITF1,13,Abruzzo
2021-02-26,LAZ,13084,5707,7377,11722,1362,ITI,ITI4,12,Lazio
2021-02-24,EMR,9351,3566,5785,8467,884,ITH,ITH5,8,Emilia-Romagna
2021-04-21,VDA,868,410,458,620,248,ITC,ITC2,2,Valle d'Aosta / Vallée d'Aoste
2021-06-10,ABR,12366,6159,6207,10205,2161,ITF,ITF1,13,Abruzzo
2021-01-05,EMR,9361,3170,6191,9361,0,ITH,ITH5,8,Emilia-Romagna
2021-06-02,MAR,11898,5937,5961,11221,677,ITI,ITI3,11,Marche
2021-01-28,BAS,904,402,502,119,785,ITF,ITF5,17,Basilicata
2021-01-15,TOS,3878,1347,2531,3878,0,ITI,ITI1,9,Toscana
2021-01-26,UMB,816,390,426,18,798,ITI,ITI2,10,Umbria
2021-04-18,MOL,1083,483,600,149,934,ITF,ITF2,14,Molise
2021-03-21,VDA,355,165,190,355,0,ITC,ITC2,2,Valle d'Aosta / Vallée d'Aoste
2021-04-29,EMR,44948,21133,23815,27400,17548,ITH,ITH5,8,Emilia-Romagna
2021-01-19,EMR,2045,505,1540,2028,17,ITH,ITH5,8,Emilia-Romagna
2021-02-22,MAR,3413,1499,1914,3338,75,ITI,ITI3,11,Marche
2021-02-12,UMB,671,224,447,665,6,ITI,ITI2,10,Umbria
2021-02-22,PAT,745,259,486,661,84,ITH,ITH2,4,Provincia Autonoma Trento
2021-04-04,MOL,253,141,112,238,15,ITF,ITF2,14,Molise
2021-02-26,UMB,660,253,407,652,8,ITI,ITI2,10,Umbria
2021-03-29,FVG,6983,3107,3876,5402,1581,ITH,ITH4,6,Friuli-Venezia Giulia
2021-06-06,SIC,49488,23902,25586,41668,7820,ITG,ITG1,19,Sicilia
2021-01-29,SAR,2955,1069,1886,48,2907,ITG,ITG2,20,Sardegna
2021-03-18,MOL,1156,476,680,692,464,ITF,ITF2,14,Molise
2021-01-03,PIE,3063,967,2096,3063,0,ITC,ITC1,1,Piemonte
2021-03-28,PAB,569,212,357,11,558,ITH,ITH1,4,Provincia Autonoma Bolzano / Bozen
2021-05-23,LIG,2305,1119,1186,1182,1123,ITC,ITC3,7,Liguria
2021-01-14,BAS,969,413,556,969,0,ITF,ITF5,17,Basilicata
2021-02-26,SIC,11883,5811,6072,10202,1681,ITG,ITG1,19,Sicilia
2021-04-22,VEN,31976,13910,18066,16233,15743,ITH,ITH3,5,Veneto
2021-01-28,ABR,1434,495,939,12,1422,ITF,ITF1,13,Abruzzo
2021-03-01,LIG,3526,1444,2082,3404,122,ITC,ITC3,7,Liguria
2021-04-03,CAL,8897,3814,5083,4288,4609,ITF,ITF6,18,Calabria
2021-05-06,SIC,29219,13925,15294,18505,10714,ITG,ITG1,19,Sicilia
2021-05-23,CAM,58737,28633,30104,37842,20895,ITF,ITF3,15,Campania
2021-05-01,LAZ,37949,17082,20867,25988,11961,ITI,ITI4,12,Lazio
2021-05-09,LOM,69662,32871,36791,56428,13234,ITC,ITC4,3,Lombardia
2021-06-09,LIG,18641,9356,9285,12085,6556,ITC,ITC3,7,Liguria
2021-02-12,CAM,6529,2861,3668,6343,186,ITF,ITF3,15,Campania
2021-04-07,BAS,1211,550,661,1173,38,ITF,ITF5,17,Basilicata
2021-01-29,LOM,13475,4125,9350,685,12790,ITC,ITC4,3,Lombardia
2021-04-17,LAZ,32340,14196,18144,20370,11970,ITI,ITI4,12,Lazio
2021-05-18,PAT,4247,2009,2238,3405,842,ITH,ITH2,4,Provincia Autonoma Trento
2021-03-29,EMR,21405,9600,11805,16755,4650,ITH,ITH5,8,Emilia-Romagna
2021-03-29,PIE,15161,6385,8776,8549,6612,ITC,ITC1,1,Piemonte
2021-01-11,ABR,1551,557,994,1551,0,ITF,ITF1,13,Abruzzo
2021-05-06,UMB,9474,4322,5152,6158,3316,ITI,ITI2,10,Umbria
2021-06-10,VDA,1002,558,444,960,42,ITC,ITC2,2,Valle d'Aosta / Vallée d'Aoste
2021-03-25,TOS,23886,10372,13514,15536,8350,ITI,ITI1,9,Toscana
2021-01-29,CAM,10052,4812,5240,47,10005,ITF,ITF3,15,Campania
2021-03-02,VDA,339,166,173,336,3,ITC,ITC2,2,Valle d'Aosta / Vallée d'Aoste
2021-04-21,ABR,6388,3100,3288,4714,1674,ITF,ITF1,13,Abruzzo
2021-01-28,CAL,2236,1110,1126,83,2153,ITF,ITF6,18,Calabria
2021-04-25,BAS,2985,1457,1528,2933,52,ITF,ITF5,17,Basilicata
2021-05-09,PUG,30621,12546,18075,15033,15588,ITF,ITF4,16,Puglia
2021-06-13,LOM,75195,40157,35038,73107,2088,ITC,ITC4,3,Lombardia
2021-01-28,SAR,2971,1045,1926,69,2902,ITG,ITG2,20,Sardegna
2021-04-12,PIE,22944,10363,12581,19954,2990,ITC,ITC1,1,Piemonte
2021-04-12,TOS,2612,1183,1429,1958,654,ITI,ITI1,9,Toscana
2021-02-21,EMR,4450,1708,2742,4010,440,ITH,ITH5,8,Emilia-Romagna
2021-03-05,LOM,28899,11918,16981,20497,8402,ITC,ITC4,3,Lombardia
2021-03-27,MAR,7380,3074,4306,5022,2358,ITI,ITI3,11,Marche
2021-05-08,CAL,18423,8382,10041,10608,7815,ITF,ITF6,18,Calabria
2021-01-02,PIE,3545,1134,2411,3545,0,ITC,ITC1,1,Piemonte
2021-03-19,CAM,11141,4972,6169,7269,3872,ITF,ITF3,15,Campania
2021-02-10,MOL,151,79,72,131,20,ITF,ITF2,14,Molise
2021-03-12,PAT,2511,938,1573,1705,806,ITH,ITH2,4,Provincia Autonoma Trento
2021-04-10,MAR,10915,4620,6295,10602,313,ITI,ITI3,11,Marche
2021-05-22,CAL,22157,10550,11607,14319,7838,ITF,ITF6,18,Calabria
2021-01-03,MAR,907,354,553,907,0,ITI,ITI3,11,Marche
2021-04-22,PUG,22999,10528,12471,18080,4919,ITF,ITF4,16,Puglia
2021-05-12,BAS,4728,2330,2398,2845,1883,ITF,ITF5,17,Basilicata
2021-05-21,MOL,2096,1050,1046,1774,322,ITF,ITF2,14,Molise
2021-03-19,LOM,32414,12912,19502,19219,13195,ITC,ITC4,3,Lombardia
2021-05-13,TOS,35002,15432,19570,13831,21171,ITI,ITI1,9,Toscana
2021-01-27,MOL,674,251,423,8,666,ITF,ITF2,14,Molise
2021-03-31,SIC,14399,6673,7726,9467,4932,ITG,ITG1,19,Sicilia
2021-05-15,FVG,12627,6088,6539,7943,4684,ITH,ITH4,6,Friuli-Venezia Giulia
2021-04-03,LIG,5404,2497,2907,4461,943,ITC,ITC3,7,Liguria
2021-04-21,CAL,11565,5807,5758,8630,2935,ITF,ITF6,18,Calabria
2021-05-01,FVG,7189,3244,3945,6146,1043,ITH,ITH4,6,Friuli-Venezia Giulia
2021-06-10,UMB,7436,3710,3726,6672,764,ITI,ITI2,10,Umbria
2021-01-07,SIC,8905,4121,4784,8905,0,ITG,ITG1,19,Sicilia
2021-04-06,ABR,7681,3581,4100,5362,2319,ITF,ITF1,13,Abruzzo
2021-04-29,TOS,39315,17706,21609,19246,20069,ITI,ITI1,9,Toscana
2021-06-10,CAM,73304,35371,37933,66294,7010,ITF,ITF3,15,Campania
2021-01-21,FVG,896,345,551,1,895,ITH,ITH4,6,Friuli-Venezia Giulia
2021-03-12,LAZ,23746,10870,12876,17429,6317,ITI,ITI4,12,Lazio
2021-06-04,PAB,6457,3237,3220,4928,1529,ITH,ITH1,4,Provincia Autonoma Bolzano / Bozen
2021-02-24,PAB,1367,406,961,1355,12,ITH,ITH1,4,Provincia Autonoma Bolzano / Bozen
2021-06-08,VEN,43330,22421,20909,37272,6058,ITH,ITH3,5,Veneto
2021-01-02,PAT,502,143,359,502,0,ITH,ITH2,4,Provincia Autonoma Trento
2021-05-25,VEN,27708,13377,14331,11706,16002,ITH,ITH3,5,Veneto
2021-05-27,SAR,17457,8973,8484,12253,5204,ITG,ITG2,20,Sardegna
2021-02-14,VEN,125,56,69,112,13,ITH,ITH3,5,Veneto
2021-02-21,FVG,801,281,520,423,378,ITH,ITH4,6,Friuli-Venezia Giulia
2021-02-16,SAR,700,289,411,673,27,ITG,ITG2,20,Sardegna
2021-03-24,TOS,20008,8299,11709,10552,9456,ITI,ITI1,9,Toscana
2021-05-01,PIE,28532,12996,15536,16734,11798,ITC,ITC1,1,Piemonte
2021-02-12,PUG,4212,1672,2540,3120,1092,ITF,ITF4,16,Puglia
2021-03-08,MAR,6263,2743,3520,5261,1002,ITI,ITI3,11,Marche
2021-01-11,VDA,325,112,213,325,0,ITC,ITC2,2,Valle d'Aosta / Vallée d'Aoste
2021-01-21,PIE,6923,2318,4605,3427,3496,ITC,ITC1,1,Piemonte
2021-01-24,LIG,756,237,519,113,643,ITC,ITC3,7,Liguria
2021-03-05,SAR,5207,2602,2605,2853,2354,ITG,ITG2,20,Sardegna
2021-02-09,LAZ,8799,3769,5030,4580,4219,ITI,ITI4,12,Lazio
2021-03-27,PAB,3050,1553,1497,1543,1507,ITH,ITH1,4,Provincia Autonoma Bolzano / Bozen
2021-03-29,PAT,2468,960,1508,1733,735,ITH,ITH2,4,Provincia Autonoma Trento
2021-04-02,CAL,8255,3762,4493,4383,3872,ITF,ITF6,18,Calabria
2021-02-28,VEN,4136,1389,2747,3299,837,ITH,ITH3,5,Veneto
2021-02-23,LAZ,11090,4783,6307,10328,762,ITI,ITI4,12,Lazio
2021-03-13,PAB,2885,1459,1426,2784,101,ITH,ITH1,4,Provincia Autonoma Bolzano / Bozen
2021-04-12,PAT,3093,1409,1684,2597,496,ITH,ITH2,4,Provincia Autonoma Trento
2021-05-15,PIE,33737,15729,18008,20039,13698,ITC,ITC1,1,Piemonte
2021-01-29,PUG,6199,2662,3537,437,5762,ITF,ITF4,16,Puglia
2021-04-06,BAS,1267,461,806,1082,185,ITF,ITF5,17,Basilicata
2021-06-01,PIE,29177,14624,14553,24806,4371,ITC,ITC1,1,Piemonte
2021-03-17,VEN,14645,5992,8653,7849,6796,ITH,ITH3,5,Veneto
2021-05-27,LOM,94682,45381,49301,41356,53326,ITC,ITC4,3,Lombardia
2021-01-08,MOL,429,141,288,429,0,ITF,ITF2,14,Molise
2021-02-21,PIE,5090,2083,3007,4988,102,ITC,ITC1,1,Piemonte
2021-02-21,TOS,5105,2089,3016,4935,170,ITI,ITI1,9,Toscana
2021-03-19,SAR,7271,3051,4220,5056,2215,ITG,ITG2,20,Sardegna
2021-02-05,MAR,2154,653,1501,439,1715,ITI,ITI3,11,Marche
2021-03-19,CAL,4190,1950,2240,1900,2290,ITF,ITF6,18,Calabria
2021-03-20,PUG,8413,3877,4536,3819,4594,ITF,ITF4,16,Puglia
2021-06-14,BAS,4809,2150,2659,2105,2704,ITF,ITF5,17,Basilicata
2021-03-03,PUG,16763,6790,9973,14849,1914,ITF,ITF4,16,Puglia
2021-04-04,VDA,572,253,319,571,1,ITC,ITC2,2,Valle d'Aosta / Vallée d'Aoste
2021-05-08,CAM,56412,27128,29284,40585,15827,ITF,ITF3,15,Campania
2021-06-01,TOS,26877,13353,13524,23076,3801,ITI,ITI1,9,Toscana
2021-01-02,EMR,2374,915,1459,2374,0,ITH,ITH5,8,Emilia-Romagna
2021-04-24,LOM,75742,33569,42173,54624,21118,ITC,ITC4,3,Lombardia
2021-05-16,MAR,10898,4957,5941,6670,4228,ITI,ITI3,11,Marche
2021-01-28,CAM,8832,4121,4711,134,8698,ITF,ITF3,15,Campania
2021-02-05,PAB,3195,1181,2014,8,3187,ITH,ITH1,4,Provincia Autonoma Bolzano / Bozen
2021-03-23,BAS,1590,610,980,1420,170,ITF,ITF5,17,Basilicata
2021-06-11,PUG,46587,22808,23779,32983,13604,ITF,ITF4,16,Puglia
2021-01-14,LOM,26862,7788,19074,26862,0,ITC,ITC4,3,Lombardia
2021-01-21,PAT,352,95,257,228,124,ITH,ITH2,4,Provincia Autonoma Trento
2021-04-01,MOL,1469,667,802,743,726,ITF,ITF2,14,Molise
2021-05-30,MAR,9733,4690,5043,6744,2989,ITI,ITI3,11,Marche
2021-06-05,EMR,43965,22230,21735,37112,6853,ITH,ITH5,8,Emilia-Romagna
2021-05-01,PAT,4846,2467,2379,4811,35,ITH,ITH2,4,Provincia Autonoma Trento
2021-05-08,LOM,87678,40745,46933,65668,22010,ITC,ITC4,3,Lombardia
2021-02-09,SIC,4350,1801,2549,3315,1035,ITG,ITG1,19,Sicilia
2021-03-26,FVG,5986,2593,3393,3971,2015,ITH,ITH4,6,Friuli-Venezia Giulia
2021-05-09,ABR,9152,4087,5065,4283,4869,ITF,ITF1,13,Abruzzo
2021-02-12,LIG,1928,689,1239,896,1032,ITC,ITC3,7,Liguria
2021-03-12,FVG,4097,1692,2405,2716,1381,ITH,ITH4,6,Friuli-Venezia Giulia
2021-04-21,UMB,5316,2312,3004,3090,2226,ITI,ITI2,10,Umbria
2021-06-15,TOS,31085,15997,15088,26570,4515,ITI,ITI1,9,Toscana
2021-02-15,ABR,1794,831,963,1752,42,ITF,ITF1,13,Abruzzo
2021-03-10,TOS,18365,7401,10964,14347,4018,ITI,ITI1,9,Toscana
2021-06-10,CAL,15313,7037,8276,12538,2775,ITF,ITF6,18,Calabria
2021-04-21,CAM,30222,14722,15500,17996,12226,ITF,ITF3,15,Campania
2021-05-26,ABR,13384,5943,7441,8388,4996,ITF,ITF1,13,Abruzzo
2021-05-17,EMR,32371,15386,16985,22892,9479,ITH,ITH5,8,Emilia-Romagna
2021-01-02,FVG,1216,470,746,1216,0,ITH,ITH4,6,Friuli-Venezia Giulia
2021-01-21,LAZ,5603,2349,3254,550,5053,ITI,ITI4,12,Lazio
2021-04-15,PAB,4399,2307,2092,4136,263,ITH,ITH1,4,Provincia Autonoma Bolzano / Bozen
2021-06-14,ABR,10860,5371,5489,7490,3370,ITF,ITF1,13,Abruzzo
2021-01-12,VEN,5230,1516,3714,5230,0,ITH,ITH3,5,Veneto
2021-02-21,PAT,155,92,63,43,112,ITH,ITH2,4,Provincia Autonoma Trento
2021-03-02,UMB,3642,1346,2296,3638,4,ITI,ITI2,10,Umbria
2021-04-19,VEN,21535,8918,12617,5125,16410,ITH,ITH3,5,Veneto
2021-05-20,SIC,43469,20793,22676,27616,15853,ITG,ITG1,19,Sicilia
2021-04-05,VEN,19141,8367,10774,13701,5440,ITH,ITH3,5,Veneto
2021-02-02,TOS,3743,1475,2268,196,3547,ITI,ITI1,9,Toscana
2021-03-12,PIE,13950,5184,8766,11015,2935,ITC,ITC1,1,Piemonte
2021-04-07,SAR,13544,6052,7492,7896,5648,ITG,ITG2,20,Sardegna
2021-04-12,FVG,7255,3181,4074,6124,1131,ITH,ITH4,6,Friuli-Venezia Giulia
2021-01-26,VEN,6918,2091,4827,152,6766,ITH,ITH3,5,Veneto
2021-04-24,SAR,10366,4851,5515,8030,2336,ITG,ITG2,20,Sardegna
2021-04-27,MAR,9399,4309,5090,5413,3986,ITI,ITI3,11,Marche
2021-05-15,PAT,1567,815,752,679,888,ITH,ITH2,4,Provincia Autonoma Trento
2021-03-31,LAZ,27431,13179,14252,20335,7096,ITI,ITI4,12,Lazio
2021-01-14,SAR,1105,426,679,1105,0,ITG,ITG2,20,Sardegna
2021-02-01,BAS,242,91,151,46,196,ITF,ITF5,17,Basilicata
2021-03-15,LIG,7246,3097,4149,4540,2706,ITC,ITC3,7,Liguria
2021-04-03,PUG,10549,4636,5913,6995,3554,ITF,ITF4,16,Puglia
2021-03-26,PIE,17748,6981,10767,8841,8907,ITC,ITC1,1,Piemonte
2021-05-02,PAB,2457,1288,1169,1536,921,ITH,ITH1,4,Provincia Autonoma Bolzano / Bozen
2021-06-01,PAT,4008,1873,2135,1157,2851,ITH,ITH2,4,Provincia Autonoma Trento
2021-02-13,VDA,216,196,20,215,1,ITC,ITC2,2,Valle d'Aosta / Vallée d'Aoste
2021-01-22,PAB,248,143,105,124,124,ITH,ITH1,4,Provincia Autonoma Bolzano / Bozen
2021-04-07,LOM,50540,20903,29637,34734,15806,ITC,ITC4,3,Lombardia
2021-05-06,VEN,46895,21999,24896,38420,8475,ITH,ITH3,5,Veneto
2021-01-07,LAZ,7749,2904,4845,7749,0,ITI,ITI4,12,Lazio
2021-01-17,MAR,1610,689,921,1550,60,ITI,ITI3,11,Marche
2021-05-26,BAS,4489,2260,2229,1707,2782,ITF,ITF5,17,Basilicata
2021-04-19,BAS,4166,1913,2253,2528,1638,ITF,ITF5,17,Basilicata
2021-05-14,SAR,14025,6497,7528,10738,3287,ITG,ITG2,20,Sardegna
2021-01-01,PAT,213,50,163,213,0,ITH,ITH2,4,Provincia Autonoma Trento
2021-06-07,PAT,5788,2880,2908,2805,2983,ITH,ITH2,4,Provincia Autonoma Trento
2021-02-03,SAR,1119,419,700,426,693,ITG,ITG2,20,Sardegna
2021-03-21,MAR,4504,1873,2631,1629,2875,ITI,ITI3,11,Marche
2021-04-18,PIE,22969,10821,12148,20213,2756,ITC,ITC1,1,Piemonte
2021-03-30,VEN,35925,15275,20650,30674,5251,ITH,ITH3,5,Veneto
2021-05-22,PAB,6821,3552,3269,4654,2167,ITH,ITH1,4,Provincia Autonoma Bolzano / Bozen
2021-01-08,PIE,5532,1762,3770,5532,0,ITC,ITC1,1,Piemonte
2021-02-25,PUG,11970,5062,6908,10800,1170,ITF,ITF4,16,Puglia
2021-03-25,LAZ,28745,13134,15611,22139,6606,ITI,ITI4,12,Lazio
2021-04-01,SAR,10152,4061,6091,7138,3014,ITG,ITG2,20,Sardegna
2021-06-14,PIE,37631,19383,18248,30600,7031,ITC,ITC1,1,Piemonte
2021-02-11,PAB,1094,432,662,239,855,ITH,ITH1,4,Provincia Autonoma Bolzano / Bozen
2021-03-22,VDA,560,205,355,333,227,ITC,ITC2,2,Valle d'Aosta / Vallée d'Aoste
2021-04-25,PAT,1970,939,1031,1963,7,ITH,ITH2,4,Provincia Autonoma Trento
2021-01-27,LAZ,6114,2387,3727,997,5117,ITI,ITI4,12,Lazio
2021-02-06,MAR,2463,902,1561,522,1941,ITI,ITI3,11,Marche
2021-03-06,PIE,13994,5211,8783,11205,2789,ITC,ITC1,1,Piemonte
2021-06-05,PUG,41764,20478,21286,29442,12322,ITF,ITF4,16,Puglia
2021-06-15,BAS,3207,1406,1801,2230,977,ITF,ITF5,17,Basilicata
2021-06-11,LIG,17267,8823,8444,11293,5974,ITC,ITC3,7,Liguria
2021-04-15,LIG,11819,5219,6600,9967,1852,ITC,ITC3,7,Liguria
2021-01-22,PIE,3867,1249,2618,2526,1341,ITC,ITC1,1,Piemonte
2021-01-05,CAL,1504,703,801,1504,0,ITF,ITF6,18,Calabria
2021-02-07,SIC,2327,984,1343,674,1653,ITG,ITG1,19,Sicilia
2021-04-10,VEN,27443,11969,15474,18964,8479,ITH,ITH3,5,Veneto
2021-02-10,LOM,14393,4503,9890,7576,6817,ITC,ITC4,3,Lombardia
2021-02-24,CAM,11785,4149,7636,11097,688,ITF,ITF3,15,Campania
2021-05-18,SIC,36087,17344,18743,23562,12525,ITG,ITG1,19,Sicilia
2021-06-06,VEN,37277,19097,18180,32558,4719,ITH,ITH3,5,Veneto
2020-12-27,TOS,620,267,353,620,0,ITI,ITI1,9,Toscana
2021-06-01,LAZ,48498,23362,25136,30240,18258,ITI,ITI4,12,Lazio
2021-04-05,LAZ,19841,9061,10780,13661,6180,ITI,ITI4,12,Lazio
2021-01-16,ABR,933,430,503,933,0,ITF,ITF1,13,Abruzzo
2021-02-12,EMR,5324,1679,3645,3921,1403,ITH,ITH5,8,Emilia-Romagna
2021-06-05,VDA,925,476,449,737,188,ITC,ITC2,2,Valle d'Aosta / Vallée d'Aoste
2021-04-10,EMR,20921,9300,11621,16776,4145,ITH,ITH5,8,Emilia-Romagna
2021-02-11,VDA,231,107,124,222,9,ITC,ITC2,2,Valle d'Aosta / Vallée d'Aoste
2021-03-29,UMB,3888,1729,2159,2409,1479,ITI,ITI2,10,Umbria
2021-04-17,EMR,27307,13078,14229,17956,9351,ITH,ITH5,8,Emilia-Romagna
2021-01-31,UMB,1058,276,782,25,1033,ITI,ITI2,10,Umbria
2021-04-09,VDA,237,111,126,204,33,ITC,ITC2,2,Valle d'Aosta / Vallée d'Aoste
2021-01-07,EMR,10273,3406,6867,10273,0,ITH,ITH5,8,Emilia-Romagna
2021-05-21,MAR,12951,6113,6838,6695,6256,ITI,ITI3,11,Marche
2021-01-03,TOS,3335,1051,2284,3335,0,ITI,ITI1,9,Toscana
2021-05-25,LAZ,47208,22111,25097,35621,11587,ITI,ITI4,12,Lazio
2021-05-22,VDA,940,494,446,540,400,ITC,ITC2,2,Valle d'Aosta / Vallée d'Aoste
2021-05-25,UMB,8811,4298,4513,7748,1063,ITI,ITI2,10,Umbria
2021-05-26,MOL,1548,697,851,794,754,ITF,ITF2,14,Molise
2021-01-05,CAM,7237,3637,3600,7237,0,ITF,ITF3,15,Campania
2021-02-28,BAS,804,343,461,775,29,ITF,ITF5,17,Basilicata
2021-03-30,MOL,2003,857,1146,1491,512,ITF,ITF2,14,Molise
2020-12-27,VEN,880,395,485,880,0,ITH,ITH3,5,Veneto
2021-01-12,CAL,2069,1022,1047,2069,0,ITF,ITF6,18,Calabria
2021-02-18,PAB,1839,457,1382,1832,7,ITH,ITH1,4,Provincia Autonoma Bolzano / Bozen
2021-01-02,BAS,949,380,569,949,0,ITF,ITF5,17,Basilicata
2021-01-06,PUG,3947,1670,2277,3947,0,ITF,ITF4,16,Puglia
2021-02-01,MOL,562,201,361,14,548,ITF,ITF2,14,Molise
2021-01-16,BAS,722,304,418,722,0,ITF,ITF5,17,Basilicata
2021-05-12,MOL,2849,1292,1557,2753,96,ITF,ITF2,14,Molise
2021-04-08,LIG,13723,6156,7567,11680,2043,ITC,ITC3,7,Liguria
2021-05-06,FVG,11875,5516,6359,7918,3957,ITH,ITH4,6,Friuli-Venezia Giulia
2021-02-10,SAR,1959,765,1194,1441,518,ITG,ITG2,20,Sardegna
2021-04-26,BAS,4465,2164,2301,4245,220,ITF,ITF5,17,Basilicata
2021-06-04,LIG,14709,7232,7477,9243,5466,ITC,ITC3,7,Liguria
2021-02-17,CAM,7388,3210,4178,6328,1060,ITF,ITF3,15,Campania
2021-05-25,SIC,33401,15282,18119,14102,19299,ITG,ITG1,19,Sicilia
2021-05-30,VEN,22533,11263,11270,15843,6690,ITH,ITH3,5,Veneto
2021-02-03,LOM,25634,7914,17720,1080,24554,ITC,ITC4,3,Lombardia
2021-02-24,CAL,1915,976,939,1437,478,ITF,ITF6,18,Calabria
2021-03-29,SIC,14979,7059,7920,10482,4497,ITG,ITG1,19,Sicilia
2021-04-15,CAM,34338,16659,17679,24440,9898,ITF,ITF3,15,Campania
2021-04-01,LOM,42943,17221,25722,26745,16198,ITC,ITC4,3,Lombardia
2021-02-15,TOS,8771,3376,5395,7945,826,ITI,ITI1,9,Toscana
2021-04-12,LAZ,23818,10733,13085,16920,6898,ITI,ITI4,12,Lazio
2021-04-03,EMR,19939,8766,11173,16199,3740,ITH,ITH5,8,Emilia-Romagna
2021-03-07,ABR,2522,630,1892,2522,0,ITF,ITF1,13,Abruzzo
2021-05-30,EMR,27063,12784,14279,13372,13691,ITH,ITH5,8,Emilia-Romagna
2021-01-09,ABR,1483,565,918,1483,0,ITF,ITF1,13,Abruzzo
2021-02-19,EMR,7327,3010,4317,6813,514,ITH,ITH5,8,Emilia-Romagna
2021-04-16,VDA,599,261,338,597,2,ITC,ITC2,2,Valle d'Aosta / Vallée d'Aoste
2021-06-08,LAZ,65874,31277,34597,36422,29452,ITI,ITI4,12,Lazio
2020-12-31,EMR,2215,780,1435,2215,0,ITH,ITH5,8,Emilia-Romagna
2021-05-28,MAR,13956,6734,7222,9097,4859,ITI,ITI3,11,Marche
2021-06-06,EMR,36403,18910,17493,31997,4406,ITH,ITH5,8,Emilia-Romagna
2021-04-02,VDA,873,344,529,648,225,ITC,ITC2,2,Valle d'Aosta / Vallée d'Aoste
2021-05-18,UMB,7731,3345,4386,3889,3842,ITI,ITI2,10,Umbria
2021-02-26,EMR,9634,3673,5961,8586,1048,ITH,ITH5,8,Emilia-Romagna
2021-04-01,MAR,7576,3182,4394,4160,3416,ITI,ITI3,11,Marche
2021-03-22,UMB,3560,1655,1905,2314,1246,ITI,ITI2,10,Umbria
2021-05-29,VDA,798,434,364,561,237,ITC,ITC2,2,Valle d'Aosta / Vallée d'Aoste
2021-06-16,PUG,38939,19191,19748,25363,13576,ITF,ITF4,16,Puglia
2021-04-05,UMB,4250,1728,2522,2195,2055,ITI,ITI2,10,Umbria
2021-04-06,MOL,1494,701,793,1151,343,ITF,ITF2,14,Molise
2021-02-22,TOS,9817,4253,5564,9540,277,ITI,ITI1,9,Toscana
2021-02-08,MOL,334,141,193,216,118,ITF,ITF2,14,Molise
2021-02-07,UMB,54,17,37,1,53,ITI,ITI2,10,Umbria
2021-05-19,MOL,2340,1205,1135,1915,425,ITF,ITF2,14,Molise
2021-06-01,SIC,38717,17618,21099,24953,13764,ITG,ITG1,19,Sicilia
2020-12-30,PAB,388,182,206,388,0,ITH,ITH1,4,Provincia Autonoma Bolzano / Bozen
2021-03-03,CAL,5037,2752,2285,3957,1080,ITF,ITF6,18,Calabria
2021-02-21,BAS,284,113,171,284,0,ITF,ITF5,17,Basilicata
2021-03-23,MOL,1642,694,948,1435,207,ITF,ITF2,14,Molise
2021-04-05,SIC,8023,3958,4065,6583,1440,ITG,ITG1,19,Sicilia
2021-01-15,PAT,595,132,463,595,0,ITH,ITH2,4,Provincia Autonoma Trento
2021-02-17,LIG,2689,1182,1507,2263,426,ITC,ITC3,7,Liguria
2021-03-17,FVG,3235,1266,1969,745,2490,ITH,ITH4,6,Friuli-Venezia Giulia
2021-03-07,BAS,889,309,580,851,38,ITF,ITF5,17,Basilicata
2021-05-13,FVG,11114,5356,5758,9061,2053,ITH,ITH4,6,Friuli-Venezia Giulia
2021-05-28,LIG,16278,8125,8153,11745,4533,ITC,ITC3,7,Liguria
2020-12-30,PUG,1,0,1,1,0,ITF,ITF4,16,Puglia
2021-01-09,BAS,557,160,397,557,0,ITF,ITF5,17,Basilicata
2021-01-05,LIG,2879,896,1983,2879,0,ITC,ITC3,7,Liguria
2021-06-09,PAB,3779,1878,1901,1305,2474,ITH,ITH1,4,Provincia Autonoma Bolzano / Bozen
2021-02-26,VEN,8295,3270,5025,7038,1257,ITH,ITH3,5,Veneto
2021-01-09,LAZ,6297,2562,3735,6297,0,ITI,ITI4,12,Lazio
2021-03-01,PAB,922,221,701,921,1,ITH,ITH1,4,Provincia Autonoma Bolzano / Bozen
2021-04-24,VEN,24747,10823,13924,15668,9079,ITH,ITH3,5,Veneto
2021-05-07,ABR,12193,5706,6487,7775,4418,ITF,ITF1,13,Abruzzo
2021-02-16,FVG,2516,1135,1381,2400,116,ITH,ITH4,6,Friuli-Venezia Giulia
2021-03-03,LIG,4580,1847,2733,3554,1026,ITC,ITC3,7,Liguria
2021-04-12,SAR,6990,3179,3811,5276,1714,ITG,ITG2,20,Sardegna
2021-01-02,SAR,60,21,39,60,0,ITG,ITG2,20,Sardegna
2021-03-15,PAB,1192,451,741,710,482,ITH,ITH1,4,Provincia Autonoma Bolzano / Bozen
2021-05-13,PIE,35633,17506,18127,20540,15093,ITC,ITC1,1,Piemonte
2021-06-08,SAR,14812,7065,7747,11321,3491,ITG,ITG2,20,Sardegna
2021-04-22,MAR,10796,4931,5865,9218,1578,ITI,ITI3,11,Marche
2021-05-20,PAT,5010,2355,2655,3375,1635,ITH,ITH2,4,Provincia Autonoma Trento
2021-02-02,PIE,10242,3509,6733,816,9426,ITC,ITC1,1,Piemonte
2021-02-28,SAR,368,169,199,142,226,ITG,ITG2,20,Sardegna
2021-02-24,MAR,3486,1515,1971,3408,78,ITI,ITI3,11,Marche
2021-03-24,PAT,2376,940,1436,1556,820,ITH,ITH2,4,Provincia Autonoma Trento
2021-03-22,PUG,9853,5032,4821,4207,5646,ITF,ITF4,16,Puglia
2021-03-31,PIE,19109,8104,11005,10415,8694,ITC,ITC1,1,Piemonte
2021-04-19,LAZ,30092,13675,16417,19413,10679,ITI,ITI4,12,Lazio
2021-04-26,SAR,6823,3265,3558,5947,876,ITG,ITG2,20,Sardegna
2021-04-27,PAB,2226,1013,1213,1150,1076,ITH,ITH1,4,Provincia Autonoma Bolzano / Bozen
2021-01-14,VEN,7063,1924,5139,7063,0,ITH,ITH3,5,Veneto
2021-01-17,PAB,2328,1044,1284,2317,11,ITH,ITH1,4,Provincia Autonoma Bolzano / Bozen
2021-01-24,PUG,1669,749,920,153,1516,ITF,ITF4,16,Puglia
2021-02-21,LAZ,6989,3180,3809,6526,463,ITI,ITI4,12,Lazio
2021-02-25,VDA,201,101,100,194,7,ITC,ITC2,2,Valle d'Aosta / Vallée d'Aoste
2021-05-27,PIE,37112,17214,19898,19125,17987,ITC,ITC1,1,Piemonte
2021-02-09,PAT,917,287,630,442,475,ITH,ITH2,4,Provincia Autonoma Trento
2021-03-12,VEN,18645,8189,10456,11902,6743,ITH,ITH3,5,Veneto
2021-06-01,LOM,93841,46048,47793,76833,17008,ITC,ITC4,3,Lombardia
2021-01-02,LOM,199,72,127,199,0,ITC,ITC4,3,Lombardia
2021-02-16,PIE,3967,1756,2211,3209,758,ITC,ITC1,1,Piemonte
2021-06-08,LOM,102244,51991,50253,88252,13992,ITC,ITC4,3,Lombardia
2021-03-15,PUG,12226,6049,6177,5722,6504,ITF,ITF4,16,Puglia
2021-02-28,LOM,7882,3253,4629,7672,210,ITC,ITC4,3,Lombardia
2021-05-03,CAL,14751,6762,7989,10542,4209,ITF,ITF6,18,Calabria
2021-01-17,PUG,1308,590,718,1239,69,ITF,ITF4,16,Puglia
2021-03-14,CAM,8617,3827,4790,4477,4140,ITF,ITF3,15,Campania
2021-02-15,MOL,144,70,74,141,3,ITF,ITF2,14,Molise
2021-03-17,PAT,2070,792,1278,1200,870,ITH,ITH2,4,Provincia Autonoma Trento
2021-04-26,LOM,87926,40918,47008,68769,19157,ITC,ITC4,3,Lombardia
2021-04-27,PUG,26638,12057,14581,21050,5588,ITF,ITF4,16,Puglia
2021-05-07,BAS,4649,2284,2365,3295,1354,ITF,ITF5,17,Basilicata
2021-05-10,CAM,35437,16378,19059,25518,9919,ITF,ITF3,15,Campania
2021-06-04,MAR,14335,7290,7045,11897,2438,ITI,ITI3,11,Marche
2021-03-21,CAL,4458,1926,2532,2736,1722,ITF,ITF6,18,Calabria
2021-04-08,MAR,7521,3285,4236,7194,327,ITI,ITI3,11,Marche
2021-04-12,SIC,18786,9123,9663,11535,7251,ITG,ITG1,19,Sicilia
2021-05-08,TOS,29149,13115,16034,13693,15456,ITI,ITI1,9,Toscana
2021-03-24,FVG,3966,1710,2256,2485,1481,ITH,ITH4,6,Friuli-Venezia Giulia
2021-03-25,ABR,5791,2660,3131,3175,2616,ITF,ITF1,13,Abruzzo
2021-02-14,SIC,1055,402,653,915,140,ITG,ITG1,19,Sicilia
2021-03-12,TOS,16969,6608,10361,13441,3528,ITI,ITI1,9,Toscana
2021-04-28,EMR,33712,15585,18127,20824,12888,ITH,ITH5,8,Emilia-Romagna
2021-01-27,ABR,1364,515,849,39,1325,ITF,ITF1,13,Abruzzo
2021-05-20,FVG,12644,6279,6365,10133,2511,ITH,ITH4,6,Friuli-Venezia Giulia
2021-06-08,CAM,51456,25033,26423,44487,6969,ITF,ITF3,15,Campania
2021-01-14,TOS,3256,1180,2076,3256,0,ITI,ITI1,9,Toscana
2021-03-07,CAL,3338,1703,1635,3247,91,ITF,ITF6,18,Calabria
2021-06-05,UMB,8209,3769,4440,5558,2651,ITI,ITI2,10,Umbria
2021-01-02,SIC,4838,2517,2321,4838,0,ITG,ITG1,19,Sicilia
2021-04-24,TOS,13437,6167,7270,5990,7447,ITI,ITI1,9,Toscana
2021-06-15,CAL,9561,4425,5136,6260,3301,ITF,ITF6,18,Calabria
2021-01-26,FVG,1977,647,1330,217,1760,ITH,ITH4,6,Friuli-Venezia Giulia
2021-04-26,CAM,34028,16647,17381,28405,5623,ITF,ITF3,15,Campania
2021-05-21,ABR,13013,6327,6686,8033,4980,ITF,ITF1,13,Abruzzo
2021-04-17,VEN,22414,9083,13331,15134,7280,ITH,ITH3,5,Veneto
2021-02-24,LIG,3764,1560,2204,3506,258,ITC,ITC3,7,Liguria
2021-04-20,PAB,1561,784,777,1560,1,ITH,ITH1,4,Provincia Autonoma Bolzano / Bozen
2021-01-07,VEN,8359,2317,6042,8359,0,ITH,ITH3,5,Veneto
2021-06-13,VEN,36872,19033,17839,29913,6959,ITH,ITH3,5,Veneto
2020-12-29,LIG,125,33,92,125,0,ITC,ITC3,7,Liguria
2021-01-10,PAB,2,2,0,2,0,ITH,ITH1,4,Provincia Autonoma Bolzano / Bozen
2021-06-16,PAB,3229,1758,1471,7,3222,ITH,ITH1,4,Provincia Autonoma Bolzano / Bozen
2021-03-18,ABR,3896,1651,2245,2065,1831,ITF,ITF1,13,Abruzzo
2021-01-12,LIG,2459,885,1574,2459,0,ITC,ITC3,7,Liguria
2021-06-03,LOM,96836,49585,47251,86177,10659,ITC,ITC4,3,Lombardia
2021-06-17,SIC,16211,7421,8790,6302,9909,ITG,ITG1,19,Sicilia
2021-02-07,SAR,1117,395,722,228,889,ITG,ITG2,20,Sardegna
2021-04-28,CAL,12519,6058,6461,9662,2857,ITF,ITF6,18,Calabria
2021-03-07,UMB,845,180,665,838,7,ITI,ITI2,10,Umbria
2021-01-05,PUG,5107,2251,2856,5107,0,ITF,ITF4,16,Puglia
2020-12-27,PAB,144,65,79,144,0,ITH,ITH1,4,Provincia Autonoma Bolzano / Bozen
2021-02-04,CAL,3555,1694,1861,653,2902,ITF,ITF6,18,Calabria
2021-04-30,VDA,831,355,476,485,346,ITC,ITC2,2,Valle d'Aosta / Vallée d'Aoste
2021-05-10,LAZ,44389,20281,24108,31010,13379,ITI,ITI4,12,Lazio
2021-04-15,PUG,32473,15154,17319,28950,3523,ITF,ITF4,16,Puglia
2021-01-20,VDA,23,8,15,23,0,ITC,ITC2,2,Valle d'Aosta / Vallée d'Aoste
2021-03-12,LOM,35259,12963,22296,25060,10199,ITC,ITC4,3,Lombardia
2021-04-03,MAR,7574,3205,4369,6904,670,ITI,ITI3,11,Marche
2021-04-07,FVG,7778,3584,4194,6996,782,ITH,ITH4,6,Friuli-Venezia Giulia
2021-05-15,CAL,27115,12982,14133,20339,6776,ITF,ITF6,18,Calabria
2021-03-29,LOM,40034,15537,24497,25204,14830,ITC,ITC4,3,Lombardia
2020-12-31,SIC,882,471,411,882,0,ITG,ITG1,19,Sicilia
2021-01-26,TOS,5393,1792,3601,220,5173,ITI,ITI1,9,Toscana
2021-03-30,ABR,5126,2260,2866,3302,1824,ITF,ITF1,13,Abruzzo
2021-03-10,LIG,5897,2859,3038,3991,1906,ITC,ITC3,7,Liguria
2021-05-06,TOS,31326,13616,17710,14174,17152,ITI,ITI1,9,Toscana
2021-06-03,CAM,72488,35133,37355,61874,10614,ITF,ITF3,15,Campania
2021-01-06,ABR,1831,664,1167,1831,0,ITF,ITF1,13,Abruzzo
2021-02-23,CAM,11003,3388,7615,10477,526,ITF,ITF3,15,Campania
2021-04-19,TOS,9090,4504,4586,8062,1028,ITI,ITI1,9,Toscana
2021-05-01,VEN,38842,18234,20608,29898,8944,ITH,ITH3,5,Veneto
2021-05-03,SAR,8184,3819,4365,6588,1596,ITG,ITG2,20,Sardegna
2021-02-02,CAL,2340,1145,1195,177,2163,ITF,ITF6,18,Calabria
2021-05-30,MOL,1828,908,920,1543,285,ITF,ITF2,14,Molise
2021-03-07,SIC,9261,3454,5807,8178,1083,ITG,ITG1,19,Sicilia
2021-04-07,EMR,26109,11889,14220,20097,6012,ITH,ITH5,8,Emilia-Romagna
2021-04-17,TOS,20532,9206,11326,18410,2122,ITI,ITI1,9,Toscana
2021-05-20,SAR,15925,7564,8361,11307,4618,ITG,ITG2,20,Sardegna
2021-01-12,PAT,505,158,347,505,0,ITH,ITH2,4,Provincia Autonoma Trento
2021-01-16,CAL,2395,1120,1275,2395,0,ITF,ITF6,18,Calabria
2021-06-11,PAB,5682,2913,2769,2213,3469,ITH,ITH1,4,Provincia Autonoma Bolzano / Bozen
2021-06-15,SIC,44815,21148,23667,27753,17062,ITG,ITG1,19,Sicilia
2021-02-09,SAR,2287,837,1450,1290,997,ITG,ITG2,20,Sardegna
2021-01-14,EMR,8130,2593,5537,8130,0,ITH,ITH5,8,Emilia-Romagna
2021-03-24,SIC,20864,9798,11066,15203,5661,ITG,ITG1,19,Sicilia
2021-02-26,SAR,2801,1109,1692,2495,306,ITG,ITG2,20,Sardegna
2021-03-20,PAB,1758,849,909,1133,625,ITH,ITH1,4,Provincia Autonoma Bolzano / Bozen
2021-05-27,LAZ,57755,26765,30990,44209,13546,ITI,ITI4,12,Lazio
2021-05-29,UMB,7845,3606,4239,6283,1562,ITI,ITI2,10,Umbria
2021-03-30,BAS,2740,1157,1583,2395,345,ITF,ITF5,17,Basilicata
2021-01-18,VDA,213,74,139,213,0,ITC,ITC2,2,Valle d'Aosta / Vallée d'Aoste
2021-02-21,CAM,5836,2241,3595,5611,225,ITF,ITF3,15,Campania
2021-03-19,PAT,2423,915,1508,1571,852,ITH,ITH2,4,Provincia Autonoma Trento
2021-01-06,BAS,294,129,165,294,0,ITF,ITF5,17,Basilicata
2021-01-24,TOS,3349,1073,2276,201,3148,ITI,ITI1,9,Toscana
2021-03-05,LAZ,19559,8659,10900,14826,4733,ITI,ITI4,12,Lazio
2021-02-16,LAZ,8359,4034,4325,7753,606,ITI,ITI4,12,Lazio
2021-04-05,PAT,35,17,18,33,2,ITH,ITH2,4,Provincia Autonoma Trento
2021-04-16,BAS,3319,1632,1687,2421,898,ITF,ITF5,17,Basilicata
2021-05-29,SIC,47148,21454,25694,23958,23190,ITG,ITG1,19,Sicilia
2021-01-07,TOS,6018,1751,4267,6018,0,ITI,ITI1,9,Toscana
2021-04-11,VDA,479,208,271,479,0,ITC,ITC2,2,Valle d'Aosta / Vallée d'Aoste
2021-02-09,FVG,1842,555,1287,1556,286,ITH,ITH4,6,Friuli-Venezia Giulia
2021-06-01,SAR,14317,6653,7664,9729,4588,ITG,ITG2,20,Sardegna
2021-02-21,SAR,1589,710,879,1559,30,ITG,ITG2,20,Sardegna
2021-04-22,LIG,13817,6195,7622,8747,5070,ITC,ITC3,7,Liguria
2021-01-21,VEN,2293,719,1574,21,2272,ITH,ITH3,5,Veneto
2021-02-02,PAT,908,240,668,191,717,ITH,ITH2,4,Provincia Autonoma Trento
2021-03-03,MAR,6645,3046,3599,5761,884,ITI,ITI3,11,Marche
2021-01-06,VDA,65,33,32,65,0,ITC,ITC2,2,Valle d'Aosta / Vallée d'Aoste
2021-04-19,SAR,10192,4620,5572,8762,1430,ITG,ITG2,20,Sardegna
2021-01-05,MAR,1571,589,982,1571,0,ITI,ITI3,11,Marche
2021-05-13,PAT,3406,1579,1827,2305,1101,ITH,ITH2,4,Provincia Autonoma Trento
2021-05-14,BAS,5907,2798,3109,3374,2533,ITF,ITF5,17,Basilicata
2021-01-09,SAR,4026,1417,2609,4026,0,ITG,ITG2,20,Sardegna
2021-02-14,LAZ,5777,2372,3405,5306,471,ITI,ITI4,12,Lazio
2021-03-24,PIE,15506,6342,9164,6379,9127,ITC,ITC1,1,Piemonte
2021-06-15,SAR,10504,4871,5633,7317,3187,ITG,ITG2,20,Sardegna
2021-03-05,VEN,13336,5020,8316,9666,3670,ITH,ITH3,5,Veneto
2021-02-18,VDA,349,153,196,261,88,ITC,ITC2,2,Valle d'Aosta / Vallée d'Aoste
2021-02-28,LAZ,10257,4012,6245,9743,514,ITI,ITI4,12,Lazio
2021-03-07,SAR,1657,750,907,1117,540,ITG,ITG2,20,Sardegna
2021-03-08,PAB,1210,534,676,1183,27,ITH,ITH1,4,Provincia Autonoma Bolzano / Bozen
2021-05-20,PIE,38491,17844,20647,13615,24876,ITC,ITC1,1,Piemonte
2021-03-31,PAT,2569,983,1586,1712,857,ITH,ITH2,4,Provincia Autonoma Trento
2021-04-12,LOM,47218,20572,26646,32884,14334,ITC,ITC4,3,Lombardia
2021-01-02,LAZ,6707,2631,4076,6707,0,ITI,ITI4,12,Lazio
2021-02-09,PIE,7392,2316,5076,722,6670,ITC,ITC1,1,Piemonte
2021-05-04,PAB,3448,1843,1605,2411,1037,ITH,ITH1,4,Provincia Autonoma Bolzano / Bozen
2021-05-11,PUG,32465,14321,18144,14072,18393,ITF,ITF4,16,Puglia
2021-03-07,CAM,11973,5404,6569,8130,3843,ITF,ITF3,15,Campania
2021-05-04,PUG,35001,14801,20200,18573,16428,ITF,ITF4,16,Puglia
2021-02-21,LOM,5050,1861,3189,5033,17,ITC,ITC4,3,Lombardia
2021-02-22,MOL,265,129,136,250,15,ITF,ITF2,14,Molise
2021-03-14,CAL,2702,1052,1650,2283,419,ITF,ITF6,18,Calabria
2021-04-07,PIE,23608,9997,13611,18145,5463,ITC,ITC1,1,Piemonte
2021-03-08,PUG,14973,6424,8549,12574,2399,ITF,ITF4,16,Puglia
2021-05-03,CAM,40761,19889,20872,28911,11850,ITF,ITF3,15,Campania
2020-12-27,MOL,50,20,30,50,0,ITF,ITF2,14,Molise
2021-04-19,LOM,60088,27338,32750,50684,9404,ITC,ITC4,3,Lombardia
2021-03-18,BAS,1350,564,786,25,1325,ITF,ITF5,17,Basilicata
2021-04-15,MAR,10376,4674,5702,9811,565,ITI,ITI3,11,Marche
2021-01-26,PAT,542,154,388,27,515,ITH,ITH2,4,Provincia Autonoma Trento
2021-06-15,LOM,95321,48538,46783,49535,45786,ITC,ITC4,3,Lombardia
2021-02-17,MAR,1785,662,1123,1668,117,ITI,ITI3,11,Marche
2021-05-06,PAT,5524,2737,2787,4745,779,ITH,ITH2,4,Provincia Autonoma Trento
2021-05-10,CAL,13110,6085,7025,7715,5395,ITF,ITF6,18,Calabria
2021-02-02,FVG,2467,806,1661,217,2250,ITH,ITH4,6,Friuli-Venezia Giulia
2021-06-17,EMR,10051,5123,4928,5180,4871,ITH,ITH5,8,Emilia-Romagna
2021-03-31,FVG,8091,3550,4541,7245,846,ITH,ITH4,6,Friuli-Venezia Giulia
2021-05-14,ABR,10603,5077,5526,5446,5157,ITF,ITF1,13,Abruzzo
2021-05-01,TOS,23314,10063,13251,14138,9176,ITI,ITI1,9,Toscana
2021-03-05,TOS,16873,6685,10188,12131,4742,ITI,ITI1,9,Toscana
2021-04-26,CAL,10193,5062,5131,7772,2421,ITF,ITF6,18,Calabria
2021-04-01,ABR,5593,2505,3088,3506,2087,ITF,ITF1,13,Abruzzo
2021-06-15,CAM,17910,8719,9191,10607,7303,ITF,ITF3,15,Campania
2021-02-21,SIC,5168,2501,2667,5062,106,ITG,ITG1,19,Sicilia
2021-06-13,TOS,24436,12259,12177,22788,1648,ITI,ITI1,9,Toscana
2021-04-06,MAR,8879,3693,5186,8066,813,ITI,ITI3,11,Marche
2021-02-24,TOS,10367,4465,5902,10170,197,ITI,ITI1,9,Toscana
2021-03-15,FVG,3950,1808,2142,1629,2321,ITH,ITH4,6,Friuli-Venezia Giulia
2021-06-08,EMR,44521,22799,21722,37118,7403,ITH,ITH5,8,Emilia-Romagna
2021-03-22,PAT,2307,973,1334,1432,875,ITH,ITH2,4,Provincia Autonoma Trento
2021-06-04,TOS,28228,13370,14858,20477,7751,ITI,ITI1,9,Toscana
2021-01-24,PAT,547,276,271,224,323,ITH,ITH2,4,Provincia Autonoma Trento
2021-05-20,UMB,9843,4590,5253,6197,3646,ITI,ITI2,10,Umbria
2021-02-09,VDA,251,84,167,68,183,ITC,ITC2,2,Valle d'Aosta / Vallée d'Aoste
2021-03-06,PUG,16141,6122,10019,14053,2088,ITF,ITF4,16,Puglia
2021-04-03,LAZ,24779,11178,13601,18079,6700,ITI,ITI4,12,Lazio
2021-04-08,TOS,29681,12555,17126,23294,6387,ITI,ITI1,9,Toscana
2020-12-31,CAM,1490,811,679,1490,0,ITF,ITF3,15,Campania
2021-02-10,VEN,4751,1588,3163,3697,1054,ITH,ITH3,5,Veneto
2021-03-23,MAR,5789,2529,3260,2262,3527,ITI,ITI3,11,Marche
2021-06-06,CAM,62317,30977,31340,61671,646,ITF,ITF3,15,Campania
2021-01-07,CAL,2187,1067,1120,2187,0,ITF,ITF6,18,Calabria
2021-01-08,PUG,5632,2362,3270,5632,0,ITF,ITF4,16,Puglia
2021-02-13,PAB,318,79,239,312,6,ITH,ITH1,4,Provincia Autonoma Bolzano / Bozen
2021-06-13,CAL,6591,3240,3351,5562,1029,ITF,ITF6,18,Calabria
2021-06-14,PUG,40807,19972,20835,28787,12020,ITF,ITF4,16,Puglia
2021-02-06,MOL,429,179,250,29,400,ITF,ITF2,14,Molise
2021-02-26,CAM,13336,4228,9108,12001,1335,ITF,ITF3,15,Campania
2021-04-08,VEN,32321,14347,17974,24443,7878,ITH,ITH3,5,Veneto
2021-04-11,PAB,2720,1291,1429,2543,177,ITH,ITH1,4,Provincia Autonoma Bolzano / Bozen
2021-04-17,CAL,10825,5076,5749,9046,1779,ITF,ITF6,18,Calabria
2021-04-18,PUG,22558,10784,11774,21495,1063,ITF,ITF4,16,Puglia
2021-02-08,MAR,833,258,575,371,462,ITI,ITI3,11,Marche
2021-04-24,CAM,36354,17525,18829,25107,11247,ITF,ITF3,15,Campania
2021-06-17,BAS,1989,899,1090,808,1181,ITF,ITF5,17,Basilicata
2021-02-20,PUG,2971,1080,1891,2714,257,ITF,ITF4,16,Puglia
2021-03-27,SAR,5735,2192,3543,5313,422,ITG,ITG2,20,Sardegna
2021-05-01,CAL,16627,7934,8693,12432,4195,ITF,ITF6,18,Calabria
2021-05-11,FVG,9018,4326,4692,7216,1802,ITH,ITH4,6,Friuli-Venezia Giulia
2021-04-21,BAS,3922,1835,2087,2272,1650,ITF,ITF5,17,Basilicata
2021-05-19,MAR,11469,5272,6197,8561,2908,ITI,ITI3,11,Marche
2021-01-31,FVG,2716,837,1879,385,2331,ITH,ITH4,6,Friuli-Venezia Giulia
2021-02-15,LIG,2262,839,1423,1865,397,ITC,ITC3,7,Liguria
2021-03-05,CAL,6232,3615,2617,5659,573,ITF,ITF6,18,Calabria
2021-05-23,SAR,9966,4806,5160,7721,2245,ITG,ITG2,20,Sardegna
2021-05-24,PAB,1444,762,682,1110,334,ITH,ITH1,4,Provincia Autonoma Bolzano / Bozen
2021-05-05,ABR,11657,5586,6071,6450,5207,ITF,ITF1,13,Abruzzo
2021-02-12,SAR,2237,933,1304,2178,59,ITG,ITG2,20,Sardegna
2021-03-27,SIC,15588,7352,8236,10736,4852,ITG,ITG1,19,Sicilia
2021-04-27,PIE,22596,10212,12384,17451,5145,ITC,ITC1,1,Piemonte
2021-03-09,ABR,5167,1795,3372,4229,938,ITF,ITF1,13,Abruzzo
2021-01-03,LIG,734,230,504,734,0,ITC,ITC3,7,Liguria
2021-01-17,PIE,3518,1168,2350,2870,648,ITC,ITC1,1,Piemonte
2021-01-29,SIC,9122,4228,4894,425,8697,ITG,ITG1,19,Sicilia
2021-04-10,SAR,10491,4748,5743,8555,1936,ITG,ITG2,20,Sardegna
2021-02-20,PAB,1802,540,1262,1784,18,ITH,ITH1,4,Provincia Autonoma Bolzano / Bozen
2021-06-04,VEN,49323,25686,23637,41279,8044,ITH,ITH3,5,Veneto
2021-02-12,SIC,4585,1810,2775,4319,266,ITG,ITG1,19,Sicilia
2021-03-15,PIE,10661,4164,6497,5041,5620,ITC,ITC1,1,Piemonte
2021-02-24,VEN,8614,3678,4936,8128,486,ITH,ITH3,5,Veneto
2021-04-10,CAM,28350,13492,14858,23437,4913,ITF,ITF3,15,Campania
2021-04-18,PAB,3110,1607,1503,2100,1010,ITH,ITH1,4,Provincia Autonoma Bolzano / Bozen
2021-05-11,PIE,32045,15452,16593,18847,13198,ITC,ITC1,1,Piemonte
2021-05-23,SIC,34098,16595,17503,20071,14027,ITG,ITG1,19,Sicilia
2021-01-31,PIE,4113,1753,2360,112,4001,ITC,ITC1,1,Piemonte
2021-05-23,LOM,60743,28919,31824,26793,33950,ITC,ITC4,3,Lombardia
2021-02-12,LOM,13954,4360,9594,9023,4931,ITC,ITC4,3,Lombardia
2021-02-19,LAZ,10045,5080,4965,9214,831,ITI,ITI4,12,Lazio
2021-06-17,ABR,3530,1763,1767,2295,1235,ITF,ITF1,13,Abruzzo
2021-04-10,LOM,52686,21823,30863,40732,11954,ITC,ITC4,3,Lombardia
2021-06-06,LOM,89777,46166,43611,80601,9176,ITC,ITC4,3,Lombardia
2021-01-07,LOM,11754,3634,8120,11754,0,ITC,ITC4,3,Lombardia
2021-03-03,TOS,18227,6537,11690,14621,3606,ITI,ITI1,9,Toscana
2021-06-04,MOL,3010,1477,1533,2568,442,ITF,ITF2,14,Molise
2021-01-18,BAS,463,157,306,364,99,ITF,ITF5,17,Basilicata
2021-01-05,TOS,5249,1755,3494,5249,0,ITI,ITI1,9,Toscana
2021-04-08,MOL,1766,903,863,1564,202,ITF,ITF2,14,Molise
2021-06-10,SIC,50868,23887,26981,43815,7053,ITG,ITG1,19,Sicilia
2021-01-15,PUG,4552,1866,2686,4552,0,ITF,ITF4,16,Puglia
2021-04-19,EMR,20897,9796,11101,14624,6273,ITH,ITH5,8,Emilia-Romagna
2021-01-31,PAT,75,15,60,1,74,ITH,ITH2,4,Provincia Autonoma Trento
2021-03-31,UMB,3903,1733,2170,2216,1687,ITI,ITI2,10,Umbria
2021-01-09,EMR,9986,3451,6535,9986,0,ITH,ITH5,8,Emilia-Romagna
2021-06-15,EMR,42425,21794,20631,27636,14789,ITH,ITH5,8,Emilia-Romagna
2021-03-16,BAS,1905,801,1104,229,1676,ITF,ITF5,17,Basilicata
2021-03-07,EMR,7842,2958,4884,6322,1520,ITH,ITH5,8,Emilia-Romagna
2021-02-16,UMB,1308,655,653,1299,9,ITI,ITI2,10,Umbria
2021-05-27,SIC,47415,21766,25649,24857,22558,ITG,ITG1,19,Sicilia
2021-05-03,EMR,28693,13553,15140,17816,10877,ITH,ITH5,8,Emilia-Romagna
2021-01-07,CAM,8911,4167,4744,8911,0,ITF,ITF3,15,Campania
2021-05-27,UMB,9970,4863,5107,8651,1319,ITI,ITI2,10,Umbria
2021-01-19,TOS,1104,531,573,1104,0,ITI,ITI1,9,Toscana
2021-03-12,CAL,5156,2469,2687,4090,1066,ITF,ITF6,18,Calabria
2021-01-04,UMB,810,398,412,810,0,ITI,ITI2,10,Umbria
2021-03-05,CAM,16809,6662,10147,10146,6663,ITF,ITF3,15,Campania
2021-04-14,SIC,20116,9724,10392,11420,8696,ITG,ITG1,19,Sicilia
2021-01-14,CAL,2636,1249,1387,2636,0,ITF,ITF6,18,Calabria
2021-04-14,UMB,8156,3677,4479,6177,1979,ITI,ITI2,10,Umbria
2021-05-29,FVG,12008,5841,6167,7021,4987,ITH,ITH4,6,Friuli-Venezia Giulia
2021-06-17,LAZ,27152,13156,13996,13009,14143,ITI,ITI4,12,Lazio
2021-01-15,PAB,3282,1228,2054,3282,0,ITH,ITH1,4,Provincia Autonoma Bolzano / Bozen
2021-04-21,LAZ,33022,15005,18017,20654,12368,ITI,ITI4,12,Lazio
2021-01-07,LIG,3229,1095,2134,3229,0,ITC,ITC3,7,Liguria
2021-06-13,LIG,5616,2695,2921,5163,453,ITC,ITC3,7,Liguria
2021-04-17,LIG,7384,3217,4167,6634,750,ITC,ITC3,7,Liguria
2021-01-07,SAR,3112,1077,2035,3112,0,ITG,ITG2,20,Sardegna
2021-04-18,VDA,522,254,268,518,4,ITC,ITC2,2,Valle d'Aosta / Vallée d'Aoste
2021-04-17,MAR,11700,5315,6385,10627,1073,ITI,ITI3,11,Marche
2021-05-01,LIG,7142,3256,3886,1342,5800,ITC,ITC3,7,Liguria
2021-02-07,PIE,3088,974,2114,445,2643,ITC,ITC1,1,Piemonte
2021-06-14,VDA,306,163,143,12,294,ITC,ITC2,2,Valle d'Aosta / Vallée d'Aoste
2021-03-05,LIG,4869,2150,2719,3737,1132,ITC,ITC3,7,Liguria
2021-06-10,SAR,17810,8479,9331,11775,6035,ITG,ITG2,20,Sardegna
2021-02-19,LOM,14194,5393,8801,13483,711,ITC,ITC4,3,Lombardia
2021-04-22,MOL,1844,863,981,1065,779,ITF,ITF2,14,Molise
2021-05-31,VDA,879,395,484,500,379,ITC,ITC2,2,Valle d'Aosta / Vallée d'Aoste
2021-04-17,LOM,48405,21260,27145,37637,10768,ITC,ITC4,3,Lombardia
2021-04-26,VEN,20714,9452,11262,15575,5139,ITH,ITH3,5,Veneto
2021-06-03,LAZ,56036,28305,27731,38559,17477,ITI,ITI4,12,Lazio
2021-06-13,MAR,10438,5416,5022,9201,1237,ITI,ITI3,11,Marche
2020-12-27,MAR,202,98,104,202,0,ITI,ITI3,11,Marche
2021-05-05,BAS,4334,2048,2286,3444,890,ITF,ITF5,17,Basilicata
2021-02-17,MOL,72,32,40,57,15,ITF,ITF2,14,Molise
2021-02-26,LOM,18363,7547,10816,16509,1854,ITC,ITC4,3,Lombardia
2021-03-09,BAS,1400,713,687,794,606,ITF,ITF5,17,Basilicata
2021-04-21,SIC,22387,10742,11645,16279,6108,ITG,ITG1,19,Sicilia
2021-01-21,CAL,962,447,515,932,30,ITF,ITF6,18,Calabria
2021-01-22,PUG,1409,578,831,991,418,ITF,ITF4,16,Puglia
2021-05-28,MOL,2644,1362,1282,2097,547,ITF,ITF2,14,Molise
2021-02-28,EMR,6823,2527,4296,4977,1846,ITH,ITH5,8,Emilia-Romagna
2021-01-25,BAS,1023,429,594,74,949,ITF,ITF5,17,Basilicata
2021-04-26,EMR,27884,12929,14955,18575,9309,ITH,ITH5,8,Emilia-Romagna
2021-04-07,SIC,15412,7597,7815,8302,7110,ITG,ITG1,19,Sicilia
2021-06-03,UMB,9039,4469,4570,8761,278,ITI,ITI2,10,Umbria
2021-01-16,EMR,5628,1718,3910,5628,0,ITH,ITH5,8,Emilia-Romagna
2021-04-07,UMB,5573,2292,3281,3567,2006,ITI,ITI2,10,Umbria
2021-02-01,ABR,1632,573,1059,271,1361,ITF,ITF1,13,Abruzzo
2021-03-14,EMR,8794,3835,4959,4997,3797,ITH,ITH5,8,Emilia-Romagna
2021-01-11,BAS,183,66,117,183,0,ITF,ITF5,17,Basilicata
2021-01-14,CAM,7074,2978,4096,7074,0,ITF,ITF3,15,Campania
2021-02-23,UMB,1693,658,1035,1651,42,ITI,ITI2,10,Umbria
2021-06-03,SIC,45743,20972,24771,34248,11495,ITG,ITG1,19,Sicilia
2021-01-12,TOS,3581,1398,2183,3581,0,ITI,ITI1,9,Toscana
2021-01-08,PAB,1521,479,1042,1521,0,ITH,ITH1,4,Provincia Autonoma Bolzano / Bozen
2021-06-06,LIG,3808,2032,1776,2947,861,ITC,ITC3,7,Liguria
2021-06-10,LAZ,70835,33297,37538,37555,33280,ITI,ITI4,12,Lazio
2021-03-23,ABR,4829,2186,2643,2263,2566,ITF,ITF1,13,Abruzzo
2021-04-24,LIG,8207,3793,4414,5056,3151,ITC,ITC3,7,Liguria
2021-05-22,FVG,11538,5181,6357,7307,4231,ITH,ITH4,6,Friuli-Venezia Giulia
2020-12-31,SAR,32,16,16,32,0,ITG,ITG2,20,Sardegna
2021-04-25,VDA,849,408,441,710,139,ITC,ITC2,2,Valle d'Aosta / Vallée d'Aoste
2021-01-25,ABR,1604,632,972,17,1587,ITF,ITF1,13,Abruzzo
2021-02-26,LIG,3764,1523,2241,3436,328,ITC,ITC3,7,Liguria
2021-06-07,VDA,710,347,363,649,61,ITC,ITC2,2,Valle d'Aosta / Vallée d'Aoste
2021-06-06,MAR,12299,6074,6225,10810,1489,ITI,ITI3,11,Marche
2021-02-27,VDA,231,85,146,124,107,ITC,ITC2,2,Valle d'Aosta / Vallée d'Aoste
2021-04-14,LAZ,29289,13273,16016,19166,10123,ITI,ITI4,12,Lazio
2021-06-11,MOL,3298,1585,1713,2001,1297,ITF,ITF2,14,Molise
2021-06-15,VEN,47255,24002,23253,29942,17313,ITH,ITH3,5,Veneto
2021-05-22,PIE,33378,15080,18298,17246,16132,ITC,ITC1,1,Piemonte
2020-12-31,LOM,713,301,412,713,0,ITC,ITC4,3,Lombardia
2021-04-15,MOL,1925,793,1132,1080,845,ITF,ITF2,14,Molise
2021-02-12,PAB,730,217,513,482,248,ITH,ITH1,4,Provincia Autonoma Bolzano / Bozen
2021-03-23,PIE,13077,5451,7626,6832,6245,ITC,ITC1,1,Piemonte
2021-04-19,PUG,27613,12824,14789,24569,3044,ITF,ITF4,16,Puglia
2021-04-10,PAB,5391,2664,2727,4803,588,ITH,ITH1,4,Provincia Autonoma Bolzano / Bozen
2021-06-07,CAM,55690,26766,28924,51692,3998,ITF,ITF3,15,Campania
2021-04-06,UMB,5293,2170,3123,2904,2389,ITI,ITI2,10,Umbria
2021-05-20,MAR,12363,5812,6551,7666,4697,ITI,ITI3,11,Marche
2021-01-10,ABR,1139,409,730,1139,0,ITF,ITF1,13,Abruzzo
2021-05-30,VDA,865,429,436,694,171,ITC,ITC2,2,Valle d'Aosta / Vallée d'Aoste
2021-06-14,CAL,13998,6338,7660,9359,4639,ITF,ITF6,18,Calabria
2021-01-16,PIE,7771,2630,5141,7771,0,ITC,ITC1,1,Piemonte
2021-02-11,SAR,1315,490,825,1204,111,ITG,ITG2,20,Sardegna
2021-01-23,PAT,577,334,243,388,189,ITH,ITH2,4,Provincia Autonoma Trento
2021-01-30,SIC,7626,3496,4130,167,7459,ITG,ITG1,19,Sicilia
2021-03-28,UMB,1096,442,654,1072,24,ITI,ITI2,10,Umbria
2021-04-28,FVG,7266,3204,4062,3796,3470,ITH,ITH4,6,Friuli-Venezia Giulia
2021-04-29,ABR,12669,5851,6818,9573,3096,ITF,ITF1,13,Abruzzo
2021-06-05,LIG,8090,4115,3975,4938,3152,ITC,ITC3,7,Liguria
2021-01-30,UMB,1590,490,1100,44,1546,ITI,ITI2,10,Umbria
2021-04-09,LIG,12420,5553,6867,10681,1739,ITC,ITC3,7,Liguria
2021-05-03,PAT,4255,2194,2061,4101,154,ITH,ITH2,4,Provincia Autonoma Trento
2021-06-05,TOS,28406,13588,14818,20797,7609,ITI,ITI1,9,Toscana
2020-12-31,PAB,913,519,394,913,0,ITH,ITH1,4,Provincia Autonoma Bolzano / Bozen
2021-02-04,LOM,27749,8085,19664,1997,25752,ITC,ITC4,3,Lombardia
2021-03-28,SIC,10955,5138,5817,6945,4010,ITG,ITG1,19,Sicilia
2021-03-04,CAL,5486,3192,2294,4689,797,ITF,ITF6,18,Calabria
2021-02-20,LAZ,9207,4275,4932,8439,768,ITI,ITI4,12,Lazio
2021-02-25,CAM,12425,4478,7947,11237,1188,ITF,ITF3,15,Campania
2021-03-31,LIG,11918,5269,6649,9148,2770,ITC,ITC3,7,Liguria
2021-04-24,PUG,29313,13348,15965,25368,3945,ITF,ITF4,16,Puglia
2021-04-09,LOM,52300,22339,29961,36310,15990,ITC,ITC4,3,Lombardia
2021-06-12,CAL,12882,6134,6748,10488,2394,ITF,ITF6,18,Calabria
2021-05-31,LAZ,51237,22702,28535,31757,19480,ITI,ITI4,12,Lazio
2021-01-10,BAS,77,24,53,77,0,ITF,ITF5,17,Basilicata
2021-01-15,ABR,379,149,230,379,0,ITF,ITF1,13,Abruzzo
2021-02-07,MAR,1870,734,1136,344,1526,ITI,ITI3,11,Marche
2021-04-20,BAS,4033,1920,2113,2202,1831,ITF,ITF5,17,Basilicata
2021-01-11,TOS,5094,1691,3403,5094,0,ITI,ITI1,9,Toscana
2021-04-11,EMR,15277,6934,8343,12229,3048,ITH,ITH5,8,Emilia-Romagna
2021-04-19,PAB,1871,858,1013,1689,182,ITH,ITH1,4,Provincia Autonoma Bolzano / Bozen
2021-05-28,VDA,975,414,561,563,412,ITC,ITC2,2,Valle d'Aosta / Vallée d'Aoste
2021-05-24,SAR,13857,6722,7135,8480,5377,ITG,ITG2,20,Sardegna
2021-02-17,VDA,327,144,183,227,100,ITC,ITC2,2,Valle d'Aosta / Vallée d'Aoste
2021-04-21,TOS,29603,12665,16938,17518,12085,ITI,ITI1,9,Toscana
2021-04-23,VEN,31177,13810,17367,22475,8702,ITH,ITH3,5,Veneto
2021-06-15,PAB,1393,812,581,460,933,ITH,ITH1,4,Provincia Autonoma Bolzano / Bozen
2021-01-23,FVG,816,324,492,4,812,ITH,ITH4,6,Friuli-Venezia Giulia
2021-02-13,SAR,1456,565,891,1454,2,ITG,ITG2,20,Sardegna
2021-02-23,TOS,7721,3324,4397,7560,161,ITI,ITI1,9,Toscana
2021-04-04,LAZ,17533,8105,9428,12267,5266,ITI,ITI4,12,Lazio
2021-04-09,CAM,30033,14144,15889,23904,6129,ITF,ITF3,15,Campania
2021-04-05,MOL,391,189,202,292,99,ITF,ITF2,14,Molise
2021-05-05,PAT,4984,2578,2406,4693,291,ITH,ITH2,4,Provincia Autonoma Trento
2021-06-03,TOS,31963,15401,16562,27426,4537,ITI,ITI1,9,Toscana
2021-06-05,CAM,76981,37252,39729,70967,6014,ITF,ITF3,15,Campania
2021-01-08,BAS,554,219,335,554,0,ITF,ITF5,17,Basilicata
2021-03-29,MOL,2033,835,1198,1547,486,ITF,ITF2,14,Molise
2021-02-16,VEN,6642,2871,3771,6465,177,ITH,ITH3,5,Veneto
2021-04-04,LOM,7611,3230,4381,3716,3895,ITC,ITC4,3,Lombardia
2021-01-31,MOL,268,70,198,6,262,ITF,ITF2,14,Molise
2021-02-11,EMR,4255,1415,2840,3414,841,ITH,ITH5,8,Emilia-Romagna
2021-04-27,ABR,9084,4369,4715,6617,2467,ITF,ITF1,13,Abruzzo
2021-06-14,CAM,36661,17698,18963,18709,17952,ITF,ITF3,15,Campania
2021-03-15,BAS,2356,983,1373,524,1832,ITF,ITF5,17,Basilicata
2021-05-29,SAR,17988,8644,9344,13396,4592,ITG,ITG2,20,Sardegna
2021-01-16,PAT,319,148,171,319,0,ITH,ITH2,4,Provincia Autonoma Trento
2021-01-17,BAS,328,133,195,327,1,ITF,ITF5,17,Basilicata
2021-05-05,FVG,9748,4258,5490,6282,3466,ITH,ITH4,6,Friuli-Venezia Giulia
2021-02-18,SAR,1878,732,1146,1814,64,ITG,ITG2,20,Sardegna
2021-04-04,SIC,6824,3325,3499,5532,1292,ITG,ITG1,19,Sicilia
2021-01-23,PIE,4257,1325,2932,879,3378,ITC,ITC1,1,Piemonte
2021-04-17,PAB,5233,2599,2634,5189,44,ITH,ITH1,4,Provincia Autonoma Bolzano / Bozen
2021-01-07,PAB,918,327,591,918,0,ITH,ITH1,4,Provincia Autonoma Bolzano / Bozen
2021-01-14,PUG,4072,1590,2482,4072,0,ITF,ITF4,16,Puglia
2021-03-21,PIE,10727,4741,5986,4194,6533,ITC,ITC1,1,Piemonte
2021-01-07,PUG,5717,2458,3259,5717,0,ITF,ITF4,16,Puglia
2021-01-31,MAR,1918,769,1149,103,1815,ITI,ITI3,11,Marche
2021-04-02,LOM,41161,16841,24320,26713,14448,ITC,ITC4,3,Lombardia
2021-04-17,PUG,39892,18904,20988,36324,3568,ITF,ITF4,16,Puglia
2021-02-25,CAL,2883,1552,1331,2288,595,ITF,ITF6,18,Calabria
2021-05-29,VEN,32910,16629,16281,25305,7605,ITH,ITH3,5,Veneto
2020-12-28,LIG,80,30,50,80,0,ITC,ITC3,7,Liguria
2021-01-25,FVG,1583,567,1016,194,1389,ITH,ITH4,6,Friuli-Venezia Giulia
2021-02-19,PUG,4731,2010,2721,4339,392,ITF,ITF4,16,Puglia
2021-04-27,BAS,4727,2242,2485,4402,325,ITF,ITF5,17,Basilicata
2021-06-03,LIG,15460,7665,7795,9122,6338,ITC,ITC3,7,Liguria
2021-03-23,FVG,3883,1679,2204,1742,2141,ITH,ITH4,6,Friuli-Venezia Giulia
2021-04-07,LIG,13634,6071,7563,11344,2290,ITC,ITC3,7,Liguria
2021-03-15,ABR,3682,1446,2236,1874,1808,ITF,ITF1,13,Abruzzo
2021-04-07,MAR,7810,3435,4375,7475,335,ITI,ITI3,11,Marche
2021-02-10,VDA,248,77,171,141,107,ITC,ITC2,2,Valle d'Aosta / Vallée d'Aoste
2021-01-17,ABR,188,59,129,181,7,ITF,ITF1,13,Abruzzo
2021-02-09,MAR,124,42,82,46,78,ITI,ITI3,11,Marche
2021-02-23,LIG,3806,1559,2247,3697,109,ITC,ITC3,7,Liguria
2021-05-12,UMB,6492,3024,3468,4347,2145,ITI,ITI2,10,Umbria
2021-04-18,EMR,17510,8401,9109,12582,4928,ITH,ITH5,8,Emilia-Romagna
2021-04-28,PAT,4247,1974,2273,4109,138,ITH,ITH2,4,Provincia Autonoma Trento
2021-04-26,PUG,26233,12016,14217,23000,3233,ITF,ITF4,16,Puglia
2021-05-05,PIE,32195,15097,17098,19177,13018,ITC,ITC1,1,Piemonte
2021-05-31,SAR,11360,5405,5955,8253,3107,ITG,ITG2,20,Sardegna
2021-02-18,VEN,5828,2455,3373,5764,64,ITH,ITH3,5,Veneto
2021-03-25,VDA,389,154,235,379,10,ITC,ITC2,2,Valle d'Aosta / Vallée d'Aoste
2021-04-12,PAB,2105,946,1159,2098,7,ITH,ITH1,4,Provincia Autonoma Bolzano / Bozen
2021-06-14,EMR,40196,20740,19456,27234,12962,ITH,ITH5,8,Emilia-Romagna
2021-01-16,FVG,1230,360,870,1230,0,ITH,ITH4,6,Friuli-Venezia Giulia
2021-03-28,LAZ,18897,7596,11301,13587,5310,ITI,ITI4,12,Lazio
2021-03-30,UMB,3970,1725,2245,2438,1532,ITI,ITI2,10,Umbria
2021-02-16,TOS,9280,3340,5940,8559,721,ITI,ITI1,9,Toscana
2021-04-16,VEN,24435,10486,13949,12555,11880,ITH,ITH3,5,Veneto
2021-05-21,VDA,917,433,484,531,386,ITC,ITC2,2,Valle d'Aosta / Vallée d'Aoste
2021-04-18,SAR,5127,2225,2902,2258,2869,ITG,ITG2,20,Sardegna
2021-06-12,MAR,13407,7132,6275,12132,1275,ITI,ITI3,11,Marche
2020-12-27,UMB,86,45,41,86,0,ITI,ITI2,10,Umbria
2021-04-17,VDA,638,407,231,636,2,ITC,ITC2,2,Valle d'Aosta / Vallée d'Aoste
2021-05-02,TOS,11167,4931,6236,9204,1963,ITI,ITI1,9,Toscana
2021-01-08,SAR,3258,1184,2074,3258,0,ITG,ITG2,20,Sardegna
2021-04-16,MAR,10082,4702,5380,9557,525,ITI,ITI3,11,Marche
2021-01-07,VDA,276,111,165,276,0,ITC,ITC2,2,Valle d'Aosta / Vallée d'Aoste
2021-03-25,FVG,5439,2379,3060,3305,2134,ITH,ITH4,6,Friuli-Venezia Giulia
2021-06-14,LIG,14543,7056,7487,9196,5347,ITC,ITC3,7,Liguria
2021-02-27,CAM,13949,4473,9476,12307,1642,ITF,ITF3,15,Campania
2021-03-07,PAB,114,13,101,9,105,ITH,ITH1,4,Provincia Autonoma Bolzano / Bozen
2021-04-01,PAT,2896,1229,1667,1802,1094,ITH,ITH2,4,Provincia Autonoma Trento
2021-06-04,SIC,57578,26619,30959,45775,11803,ITG,ITG1,19,Sicilia
2021-03-06,CAL,8427,4340,4087,7635,792,ITF,ITF6,18,Calabria
2021-06-09,LAZ,69585,32768,36817,36288,33297,ITI,ITI4,12,Lazio
2021-02-19,VDA,292,102,190,268,24,ITC,ITC2,2,Valle d'Aosta / Vallée d'Aoste
2021-02-22,UMB,1889,807,1082,1803,86,ITI,ITI2,10,Umbria
2021-03-16,PUG,9871,4687,5184,3511,6360,ITF,ITF4,16,Puglia
2021-04-11,LOM,32195,13935,18260,24806,7389,ITC,ITC4,3,Lombardia
2021-06-16,CAM,30235,14298,15937,19559,10676,ITF,ITF3,15,Campania
2021-01-01,LOM,24,7,17,24,0,ITC,ITC4,3,Lombardia
2021-02-25,TOS,10633,4306,6327,9635,998,ITI,ITI1,9,Toscana
2021-06-07,LOM,98471,50171,48300,85187,13284,ITC,ITC4,3,Lombardia
2021-04-18,VEN,17514,7253,10261,9947,7567,ITH,ITH3,5,Veneto
2021-02-27,LOM,13944,5869,8075,13303,641,ITC,ITC4,3,Lombardia
2021-04-21,PAB,3012,1468,1544,2164,848,ITH,ITH1,4,Provincia Autonoma Bolzano / Bozen
2021-04-28,PUG,19765,8857,10908,15012,4753,ITF,ITF4,16,Puglia
2021-03-17,ABR,4539,1873,2666,2799,1740,ITF,ITF1,13,Abruzzo
2021-03-31,MOL,2193,919,1274,1374,819,ITF,ITF2,14,Molise
2021-02-25,LIG,3456,1349,2107,3326,130,ITC,ITC3,7,Liguria
2021-06-02,SAR,9784,4690,5094,8143,1641,ITG,ITG2,20,Sardegna
2021-01-10,EMR,7171,2684,4487,7171,0,ITH,ITH5,8,Emilia-Romagna
2021-06-16,EMR,39195,20114,19081,22902,16293,ITH,ITH5,8,Emilia-Romagna
2021-04-06,SIC,17680,8461,9219,13398,4282,ITG,ITG1,19,Sicilia
2021-01-20,TOS,1331,637,694,1083,248,ITI,ITI1,9,Toscana
2021-03-08,EMR,12222,5097,7125,9546,2676,ITH,ITH5,8,Emilia-Romagna
2021-03-23,PAT,2446,944,1502,1706,740,ITH,ITH2,4,Provincia Autonoma Trento
2021-01-04,MAR,1509,570,939,1509,0,ITI,ITI3,11,Marche
2021-03-30,FVG,7188,3225,3963,6265,923,ITH,ITH4,6,Friuli-Venezia Giulia
2021-04-20,SAR,10993,4993,6000,7779,3214,ITG,ITG2,20,Sardegna
2020-12-30,LOM,114,42,72,114,0,ITC,ITC4,3,Lombardia
2021-01-08,VEN,9406,2835,6571,9406,0,ITH,ITH3,5,Veneto
2021-04-30,TOS,40186,17778,22408,20333,19853,ITI,ITI1,9,Toscana
2021-02-22,SIC,7888,4091,3797,7398,490,ITG,ITG1,19,Sicilia
2021-01-05,VDA,150,54,96,150,0,ITC,ITC2,2,Valle d'Aosta / Vallée d'Aoste
2020-12-27,SIC,92,55,37,92,0,ITG,ITG1,19,Sicilia
2021-06-02,SIC,35247,16288,18959,27476,7771,ITG,ITG1,19,Sicilia
2021-05-09,CAL,9616,4481,5135,6086,3530,ITF,ITF6,18,Calabria
2021-04-27,LAZ,30696,13856,16840,19850,10846,ITI,ITI4,12,Lazio
2021-04-29,BAS,4831,2385,2446,4410,421,ITF,ITF5,17,Basilicata
2021-05-02,CAM,43492,21540,21952,32137,11355,ITF,ITF3,15,Campania
2021-01-09,PAB,612,326,286,612,0,ITH,ITH1,4,Provincia Autonoma Bolzano / Bozen
2021-05-28,PAT,3709,1734,1975,1497,2212,ITH,ITH2,4,Provincia Autonoma Trento
2021-01-22,CAM,1525,776,749,673,852,ITF,ITF3,15,Campania
2021-03-01,LAZ,17110,7363,9747,13225,3885,ITI,ITI4,12,Lazio
2021-06-11,UMB,6895,3460,3435,6130,765,ITI,ITI2,10,Umbria
2021-01-14,VDA,237,69,168,237,0,ITC,ITC2,2,Valle d'Aosta / Vallée d'Aoste
2021-01-25,PAT,818,215,603,24,794,ITH,ITH2,4,Provincia Autonoma Trento
2021-03-17,BAS,1453,609,844,28,1425,ITF,ITF5,17,Basilicata
2021-04-14,MAR,10215,4564,5651,9843,372,ITI,ITI3,11,Marche
2021-01-29,CAL,2050,989,1061,230,1820,ITF,ITF6,18,Calabria
2021-01-09,PUG,4885,2249,2636,4885,0,ITF,ITF4,16,Puglia
2021-01-19,BAS,199,84,115,199,0,ITF,ITF5,17,Basilicata
2021-06-16,LOM,98134,49894,48240,50540,47594,ITC,ITC4,3,Lombardia
2021-03-25,PAT,2874,1104,1770,1825,1049,ITH,ITH2,4,Provincia Autonoma Trento
2021-03-24,ABR,6386,2784,3602,4134,2252,ITF,ITF1,13,Abruzzo
2021-04-24,VDA,722,400,322,555,167,ITC,ITC2,2,Valle d'Aosta / Vallée d'Aoste
2020-12-30,MAR,17,5,12,17,0,ITI,ITI3,11,Marche
2021-01-13,VEN,5986,1607,4379,5986,0,ITH,ITH3,5,Veneto
2021-02-22,LAZ,11458,4992,6466,10956,502,ITI,ITI4,12,Lazio
2021-04-25,TOS,11054,5248,5806,8917,2137,ITI,ITI1,9,Toscana
2021-03-30,PIE,16894,7035,9859,9021,7873,ITC,ITC1,1,Piemonte
2021-02-09,ABR,909,312,597,500,409,ITF,ITF1,13,Abruzzo
2021-06-02,LAZ,43194,21447,21747,31735,11459,ITI,ITI4,12,Lazio
2021-02-23,MOL,582,223,359,363,219,ITF,ITF2,14,Molise
2021-03-06,CAM,16371,6814,9557,10702,5669,ITF,ITF3,15,Campania
2021-05-04,CAL,16355,7530,8825,11718,4637,ITF,ITF6,18,Calabria
2021-06-11,LAZ,68573,32082,36491,36673,31900,ITI,ITI4,12,Lazio
2021-06-03,MOL,3290,1565,1725,2736,554,ITF,ITF2,14,Molise
2021-03-01,SIC,12691,6012,6679,11037,1654,ITG,ITG1,19,Sicilia
2021-04-07,MOL,1688,847,841,1413,275,ITF,ITF2,14,Molise
2021-03-04,LIG,4738,2118,2620,3891,847,ITC,ITC3,7,Liguria
2021-03-06,LOM,21317,9092,12225,16805,4512,ITC,ITC4,3,Lombardia
2021-04-01,FVG,6374,3043,3331,5359,1015,ITH,ITH4,6,Friuli-Venezia Giulia
2021-04-09,MAR,9560,4189,5371,9360,200,ITI,ITI3,11,Marche
2021-04-20,EMR,22617,10401,12216,14264,8353,ITH,ITH5,8,Emilia-Romagna
2021-05-28,FVG,10452,5007,5445,6353,4099,ITH,ITH4,6,Friuli-Venezia Giulia
2021-06-12,LIG,10007,4876,5131,7875,2132,ITC,ITC3,7,Liguria
2021-04-08,UMB,5892,2524,3368,4097,1795,ITI,ITI2,10,Umbria
2021-03-30,PAT,2387,973,1414,1750,637,ITH,ITH2,4,Provincia Autonoma Trento
2021-03-24,BAS,1879,721,1158,1481,398,ITF,ITF5,17,Basilicata
2021-04-19,VDA,751,325,426,542,209,ITC,ITC2,2,Valle d'Aosta / Vallée d'Aoste
2021-04-30,LIG,14421,6442,7979,5853,8568,ITC,ITC3,7,Liguria
2021-06-09,SIC,48997,23317,25680,41919,7078,ITG,ITG1,19,Sicilia
2021-01-13,TOS,4062,1398,2664,4062,0,ITI,ITI1,9,Toscana
2021-04-25,VEN,18318,8149,10169,13482,4836,ITH,ITH3,5,Veneto
2021-06-17,PAB,320,183,137,221,99,ITH,ITH1,4,Provincia Autonoma Bolzano / Bozen
2021-04-01,PIE,19331,8073,11258,11211,8120,ITC,ITC1,1,Piemonte
2021-06-04,UMB,8895,4397,4498,7711,1184,ITI,ITI2,10,Umbria
2021-06-05,MOL,2876,1455,1421,2722,154,ITF,ITF2,14,Molise
2021-04-23,TOS,25681,11431,14250,9364,16317,ITI,ITI1,9,Toscana
2021-03-14,PUG,3322,1430,1892,2511,811,ITF,ITF4,16,Puglia
2021-05-28,PIE,34902,16512,18390,19016,15886,ITC,ITC1,1,Piemonte
2021-01-06,VEN,8135,2387,5748,8135,0,ITH,ITH3,5,Veneto
2021-01-22,CAL,658,274,384,656,2,ITF,ITF6,18,Calabria
2021-01-16,PUG,2506,1033,1473,2506,0,ITF,ITF4,16,Puglia
2021-06-09,LOM,102497,51664,50833,88259,14238,ITC,ITC4,3,Lombardia
2021-05-02,CAL,12506,5836,6670,10665,1841,ITF,ITF6,18,Calabria
2021-01-08,EMR,10865,3580,7285,10865,0,ITH,ITH5,8,Emilia-Romagna
2021-01-25,PIE,6215,1938,4277,983,5232,ITC,ITC1,1,Piemonte
2021-02-20,SAR,2041,855,1186,1707,334,ITG,ITG2,20,Sardegna
2021-01-02,PAB,91,48,43,91,0,ITH,ITH1,4,Provincia Autonoma Bolzano / Bozen
2021-03-06,EMR,20893,5934,14959,18161,2732,ITH,ITH5,8,Emilia-Romagna
2021-01-06,MAR,2188,795,1393,2188,0,ITI,ITI3,11,Marche
2021-03-06,LIG,3304,1842,1462,2599,705,ITC,ITC3,7,Liguria
2021-03-08,LOM,29714,11169,18545,22645,7069,ITC,ITC4,3,Lombardia
2021-03-29,CAL,5613,2373,3240,3857,1756,ITF,ITF6,18,Calabria
2021-01-31,CAL,1110,555,555,154,956,ITF,ITF6,18,Calabria
2021-05-04,LOM,86792,41067,45725,72410,14382,ITC,ITC4,3,Lombardia
2021-05-06,LAZ,48688,22657,26031,31157,17531,ITI,ITI4,12,Lazio
2021-01-22,LIG,1819,604,1215,1333,486,ITC,ITC3,7,Liguria
2021-01-24,LOM,1199,457,742,536,663,ITC,ITC4,3,Lombardia
2021-02-19,FVG,3252,1290,1962,2825,427,ITH,ITH4,6,Friuli-Venezia Giulia
2021-03-04,MAR,6486,2868,3618,5093,1393,ITI,ITI3,11,Marche
2021-05-02,LIG,3879,1768,2111,506,3373,ITC,ITC3,7,Liguria
2021-03-13,MAR,5766,2656,3110,1809,3957,ITI,ITI3,11,Marche
2021-06-13,UMB,6754,3552,3202,6524,230,ITI,ITI2,10,Umbria
2021-01-16,VDA,237,80,157,237,0,ITC,ITC2,2,Valle d'Aosta / Vallée d'Aoste
2021-04-29,SAR,11117,5110,6007,6762,4355,ITG,ITG2,20,Sardegna
2021-03-08,CAM,14687,6848,7839,9911,4776,ITF,ITF3,15,Campania
2021-02-11,ABR,816,262,554,773,43,ITF,ITF1,13,Abruzzo
2021-03-14,VDA,392,200,192,392,0,ITC,ITC2,2,Valle d'Aosta / Vallée d'Aoste
2021-03-15,VEN,16664,7325,9339,11456,5208,ITH,ITH3,5,Veneto
2021-05-01,UMB,5375,2640,2735,2147,3228,ITI,ITI2,10,Umbria
2021-05-04,CAM,48471,23342,25129,39572,8899,ITF,ITF3,15,Campania
2021-06-06,PAT,2228,1061,1167,445,1783,ITH,ITH2,4,Provincia Autonoma Trento
2021-03-18,PAB,1302,531,771,226,1076,ITH,ITH1,4,Provincia Autonoma Bolzano / Bozen
2021-03-20,TOS,6585,2977,3608,5449,1136,ITI,ITI1,9,Toscana
2021-05-11,CAL,15052,7281,7771,10281,4771,ITF,ITF6,18,Calabria
2021-05-20,EMR,40199,18296,21903,18859,21340,ITH,ITH5,8,Emilia-Romagna
2021-05-30,PIE,27701,13186,14515,18377,9324,ITC,ITC1,1,Piemonte
2021-01-24,CAM,4122,2119,2003,377,3745,ITF,ITF3,15,Campania
2021-03-05,UMB,4624,1403,3221,3968,656,ITI,ITI2,10,Umbria
2021-05-09,MAR,8769,3985,4784,3638,5131,ITI,ITI3,11,Marche
2021-01-22,TOS,2866,1064,1802,528,2338,ITI,ITI1,9,Toscana
2021-02-19,PIE,5535,2175,3360,5034,501,ITC,ITC1,1,Piemonte
2021-04-26,VDA,715,327,388,545,170,ITC,ITC2,2,Valle d'Aosta / Vallée d'Aoste
2021-05-14,PAB,5133,2319,2814,3097,2036,ITH,ITH1,4,Provincia Autonoma Bolzano / Bozen
2021-05-21,PUG,38687,18373,20314,28696,9991,ITF,ITF4,16,Puglia
2021-03-04,MOL,850,417,433,526,324,ITF,ITF2,14,Molise
2021-03-16,PAB,1290,532,758,124,1166,ITH,ITH1,4,Provincia Autonoma Bolzano / Bozen
2021-05-13,CAM,55437,24823,30614,39441,15996,ITF,ITF3,15,Campania
2021-01-19,SIC,1445,637,808,1227,218,ITG,ITG1,19,Sicilia
2021-06-12,MOL,2953,1506,1447,2873,80,ITF,ITF2,14,Molise
2021-05-04,LIG,13616,6083,7533,5389,8227,ITC,ITC3,7,Liguria
2021-01-10,SAR,2183,750,1433,2183,0,ITG,ITG2,20,Sardegna
2021-02-17,PAT,1112,425,687,1021,91,ITH,ITH2,4,Provincia Autonoma Trento
2021-03-03,UMB,4438,1773,2665,3727,711,ITI,ITI2,10,Umbria
2021-06-11,SIC,47991,22869,25122,40505,7486,ITG,ITG1,19,Sicilia
2021-05-24,ABR,12235,5836,6399,8882,3353,ITF,ITF1,13,Abruzzo
2021-02-11,BAS,952,401,551,869,83,ITF,ITF5,17,Basilicata
2021-05-12,PAB,3791,2058,1733,3638,153,ITH,ITH1,4,Provincia Autonoma Bolzano / Bozen
2021-04-29,SIC,31562,14769,16793,22231,9331,ITG,ITG1,19,Sicilia
2021-06-04,PIE,37345,19519,17826,34435,2910,ITC,ITC1,1,Piemonte
2021-02-01,PAB,1452,440,1012,12,1440,ITH,ITH1,4,Provincia Autonoma Bolzano / Bozen
2021-01-17,LAZ,4894,2028,2866,4682,212,ITI,ITI4,12,Lazio
2021-02-24,PIE,11409,4629,6780,10904,505,ITC,ITC1,1,Piemonte
2021-03-03,SIC,14420,6431,7989,11357,3063,ITG,ITG1,19,Sicilia
2021-04-24,FVG,6675,2946,3729,5432,1243,ITH,ITH4,6,Friuli-Venezia Giulia
2021-05-19,PUG,26249,12692,13557,19829,6420,ITF,ITF4,16,Puglia
2021-06-14,MOL,1589,794,795,550,1039,ITF,ITF2,14,Molise
2021-01-31,CAM,8068,3711,4357,23,8045,ITF,ITF3,15,Campania
2021-01-19,LAZ,4769,1955,2814,4315,454,ITI,ITI4,12,Lazio
2021-03-23,PUG,10992,5535,5457,4521,6471,ITF,ITF4,16,Puglia
2021-05-09,LIG,2826,1245,1581,1116,1710,ITC,ITC3,7,Liguria
2021-06-06,FVG,9449,4614,4835,7906,1543,ITH,ITH4,6,Friuli-Venezia Giulia
2021-05-22,BAS,5488,2723,2765,1937,3551,ITF,ITF5,17,Basilicata
2021-02-26,FVG,3736,2093,1643,3588,148,ITH,ITH4,6,Friuli-Venezia Giulia
2021-03-26,BAS,1956,704,1252,1695,261,ITF,ITF5,17,Basilicata
2021-02-17,FVG,2354,999,1355,1874,480,ITH,ITH4,6,Friuli-Venezia Giulia
2021-02-18,ABR,2288,933,1355,2158,130,ITF,ITF1,13,Abruzzo
2021-03-17,EMR,13721,5693,8028,5875,7846,ITH,ITH5,8,Emilia-Romagna
2021-05-18,VEN,26855,12496,14359,13288,13567,ITH,ITH3,5,Veneto
2021-05-30,PAT,1770,872,898,930,840,ITH,ITH2,4,Provincia Autonoma Trento
2021-01-29,LIG,3079,1064,2015,67,3012,ITC,ITC3,7,Liguria
2021-03-27,TOS,8861,4151,4710,8646,215,ITI,ITI1,9,Toscana
2021-05-13,EMR,35699,16447,19252,27920,7779,ITH,ITH5,8,Emilia-Romagna
2021-05-29,ABR,10317,4430,5887,4544,5773,ITF,ITF1,13,Abruzzo
2021-03-06,MAR,5699,2622,3077,4432,1267,ITI,ITI3,11,Marche
2021-04-03,PAT,1138,471,667,971,167,ITH,ITH2,4,Provincia Autonoma Trento
2021-06-06,UMB,7610,3903,3707,6917,693,ITI,ITI2,10,Umbria
2021-01-09,VDA,443,199,244,443,0,ITC,ITC2,2,Valle d'Aosta / Vallée d'Aoste
2021-04-29,LAZ,38631,17239,21392,25400,13231,ITI,ITI4,12,Lazio
2021-01-20,MOL,18,8,10,18,0,ITF,ITF2,14,Molise
2021-01-24,CAL,44,18,26,39,5,ITF,ITF6,18,Calabria
2021-03-03,LAZ,17831,7848,9983,13537,4294,ITI,ITI4,12,Lazio
2021-06-06,PIE,34980,18281,16699,32552,2428,ITC,ITC1,1,Piemonte
2021-03-22,VEN,18134,8172,9962,13093,5041,ITH,ITH3,5,Veneto
2021-04-30,MOL,2937,1556,1381,830,2107,ITF,ITF2,14,Molise
2021-05-11,CAM,39842,19231,20611,30462,9380,ITF,ITF3,15,Campania
2021-01-20,LIG,1551,555,996,1539,12,ITC,ITC3,7,Liguria
2021-03-13,VEN,17226,7302,9924,14095,3131,ITH,ITH3,5,Veneto
2021-03-25,PUG,11414,5748,5666,5173,6241,ITF,ITF4,16,Puglia
2021-02-24,UMB,1520,565,955,1505,15,ITI,ITI2,10,Umbria
2021-02-25,MOL,541,239,302,473,68,ITF,ITF2,14,Molise
2021-03-15,EMR,13442,6239,7203,6943,6499,ITH,ITH5,8,Emilia-Romagna
2021-05-22,ABR,13096,6364,6732,8193,4903,ITF,ITF1,13,Abruzzo
2021-06-14,MAR,12617,6377,6240,9308,3309,ITI,ITI3,11,Marche
2021-04-27,SAR,7614,3550,4064,5572,2042,ITG,ITG2,20,Sardegna
2021-01-15,VEN,5875,1820,4055,5875,0,ITH,ITH3,5,Veneto
2021-03-09,PAB,1194,543,651,1192,2,ITH,ITH1,4,Provincia Autonoma Bolzano / Bozen
2021-03-26,ABR,5356,2313,3043,3280,2076,ITF,ITF1,13,Abruzzo
2021-01-17,SAR,860,277,583,859,1,ITG,ITG2,20,Sardegna
2021-02-17,PIE,4793,2156,2637,3803,990,ITC,ITC1,1,Piemonte
2021-02-24,SIC,9307,4760,4547,8747,560,ITG,ITG1,19,Sicilia
2021-03-15,SAR,2798,1318,1480,2425,373,ITG,ITG2,20,Sardegna
2021-05-30,FVG,11056,4986,6070,7472,3584,ITH,ITH4,6,Friuli-Venezia Giulia
2021-03-01,LOM,18775,8227,10548,17070,1705,ITC,ITC4,3,Lombardia
2021-02-08,PUG,3991,1610,2381,1597,2394,ITF,ITF4,16,Puglia
2021-05-31,ABR,11297,5103,6194,6954,4343,ITF,ITF1,13,Abruzzo
2021-01-21,SIC,1425,700,725,501,924,ITG,ITG1,19,Sicilia
2021-04-20,ABR,5588,2688,2900,4178,1410,ITF,ITF1,13,Abruzzo
2021-04-24,PAT,3513,1684,1829,3499,14,ITH,ITH2,4,Provincia Autonoma Trento
2021-01-26,LAZ,7961,3127,4834,725,7236,ITI,ITI4,12,Lazio
2021-02-26,PAT,1218,435,783,923,295,ITH,ITH2,4,Provincia Autonoma Trento
2021-05-01,SIC,24430,11305,13125,19276,5154,ITG,ITG1,19,Sicilia
2021-02-14,TOS,9000,2569,6431,8890,110,ITI,ITI1,9,Toscana
2021-03-26,SAR,8431,3486,4945,6905,1526,ITG,ITG2,20,Sardegna
2021-06-08,PIE,37427,19401,18026,34664,2763,ITC,ITC1,1,Piemonte
2021-05-20,VEN,44701,21195,23506,20398,24303,ITH,ITH3,5,Veneto
2021-05-22,SAR,24771,11927,12844,19674,5097,ITG,ITG2,20,Sardegna
2021-05-23,PAB,4337,2303,2034,4329,8,ITH,ITH1,4,Provincia Autonoma Bolzano / Bozen
2021-05-25,TOS,34133,16462,17671,19533,14600,ITI,ITI1,9,Toscana
2021-01-14,PAT,700,203,497,700,0,ITH,ITH2,4,Provincia Autonoma Trento
2021-02-09,VEN,5248,1890,3358,3446,1802,ITH,ITH3,5,Veneto
2021-05-10,UMB,5985,2801,3184,3832,2153,ITI,ITI2,10,Umbria
2021-03-29,TOS,9639,4811,4828,9315,324,ITI,ITI1,9,Toscana
2021-04-26,PIE,19771,8737,11034,15371,4400,ITC,ITC1,1,Piemonte
2021-02-13,BAS,799,313,486,738,61,ITF,ITF5,17,Basilicata
2020-12-28,CAL,6,2,4,6,0,ITF,ITF6,18,Calabria
2021-02-03,PAB,1503,478,1025,5,1498,ITH,ITH1,4,Provincia Autonoma Bolzano / Bozen
2021-04-02,LAZ,29239,13959,15280,21902,7337,ITI,ITI4,12,Lazio
2021-06-03,CAL,14151,6623,7528,9579,4572,ITF,ITF6,18,Calabria
2021-05-15,LOM,80884,38778,42106,47522,33362,ITC,ITC4,3,Lombardia
2021-05-24,BAS,4838,2347,2491,1108,3730,ITF,ITF5,17,Basilicata
2021-01-19,SAR,747,270,477,692,55,ITG,ITG2,20,Sardegna
2021-04-07,CAL,6543,2956,3587,3719,2824,ITF,ITF6,18,Calabria
2021-01-29,MAR,1991,730,1261,167,1824,ITI,ITI3,11,Marche
2021-02-08,VDA,223,83,140,25,198,ITC,ITC2,2,Valle d'Aosta / Vallée d'Aoste
2021-02-10,PUG,3645,1436,2209,2134,1511,ITF,ITF4,16,Puglia
2021-03-17,SAR,6556,2849,3707,4949,1607,ITG,ITG2,20,Sardegna
2021-02-09,EMR,4156,1249,2907,2309,1847,ITH,ITH5,8,Emilia-Romagna
2021-02-23,CAL,1591,753,838,1476,115,ITF,ITF6,18,Calabria
2021-04-25,ABR,9065,4621,4444,8255,810,ITF,ITF1,13,Abruzzo
2021-05-18,MAR,11059,5257,5802,7655,3404,ITI,ITI3,11,Marche
2021-02-28,PAT,242,121,121,242,0,ITH,ITH2,4,Provincia Autonoma Trento
2021-03-23,VDA,379,150,229,245,134,ITC,ITC2,2,Valle d'Aosta / Vallée d'Aoste
2021-05-08,UMB,8108,3733,4375,4907,3201,ITI,ITI2,10,Umbria
2021-05-19,VDA,993,498,495,418,575,ITC,ITC2,2,Valle d'Aosta / Vallée d'Aoste
2021-06-08,PAT,5914,2863,3051,1870,4044,ITH,ITH2,4,Provincia Autonoma Trento
2021-01-28,LAZ,8279,3165,5114,782,7497,ITI,ITI4,12,Lazio
2021-02-02,CAM,5724,2805,2919,444,5280,ITF,ITF3,15,Campania
2021-02-10,PAB,1635,604,1031,26,1609,ITH,ITH1,4,Provincia Autonoma Bolzano / Bozen
2021-05-10,SIC,28245,13577,14668,16155,12090,ITG,ITG1,19,Sicilia
2021-03-31,CAM,23171,11362,11809,19732,3439,ITF,ITF3,15,Campania
2021-05-08,LAZ,45223,20629,24594,29845,15378,ITI,ITI4,12,Lazio
2021-01-28,UMB,1248,394,854,19,1229,ITI,ITI2,10,Umbria
2021-01-29,MOL,421,136,285,6,415,ITF,ITF2,14,Molise
2021-04-26,PAT,2652,1250,1402,2558,94,ITH,ITH2,4,Provincia Autonoma Trento
2021-05-09,MOL,2051,932,1119,1955,96,ITF,ITF2,14,Molise
2021-05-13,LOM,87034,41722,45312,58271,28763,ITC,ITC4,3,Lombardia
2021-05-23,PUG,17870,8354,9516,14066,3804,ITF,ITF4,16,Puglia
2021-02-02,LOM,19865,6591,13274,497,19368,ITC,ITC4,3,Lombardia
2021-03-26,SIC,17804,8277,9527,12374,5430,ITG,ITG1,19,Sicilia
2021-06-02,BAS,5959,2804,3155,4416,1543,ITF,ITF5,17,Basilicata
2021-03-31,LOM,42028,17039,24989,26805,15223,ITC,ITC4,3,Lombardia
2021-05-15,EMR,33217,14976,18241,22821,10396,ITH,ITH5,8,Emilia-Romagna
2021-05-03,FVG,7208,3285,3923,3429,3779,ITH,ITH4,6,Friuli-Venezia Giulia
2021-02-04,EMR,9940,3207,6733,1250,8690,ITH,ITH5,8,Emilia-Romagna
2021-05-22,EMR,32954,14111,18843,16897,16057,ITH,ITH5,8,Emilia-Romagna
2021-05-03,UMB,5092,2272,2820,2205,2887,ITI,ITI2,10,Umbria
2021-01-14,FVG,2584,789,1795,2584,0,ITH,ITH4,6,Friuli-Venezia Giulia
2021-04-05,LIG,3976,1751,2225,2327,1649,ITC,ITC3,7,Liguria
2021-04-18,BAS,3719,1846,1873,2352,1367,ITF,ITF5,17,Basilicata
2021-04-09,EMR,25723,11666,14057,20026,5697,ITH,ITH5,8,Emilia-Romagna
2021-01-28,SIC,9034,4273,4761,394,8640,ITG,ITG1,19,Sicilia
2021-05-11,MOL,3206,1414,1792,2956,250,ITF,ITF2,14,Molise
2021-01-23,UMB,280,100,180,2,278,ITI,ITI2,10,Umbria
2021-05-08,SIC,35571,17005,18566,25317,10254,ITG,ITG1,19,Sicilia
2021-05-27,VEN,46347,22784,23563,23256,23091,ITH,ITH3,5,Veneto
2021-02-17,PUG,4276,1746,2530,3671,605,ITF,ITF4,16,Puglia
2021-05-03,PIE,26662,12168,14494,12515,14147,ITC,ITC1,1,Piemonte
2021-04-07,CAM,24967,11981,12986,20243,4724,ITF,ITF3,15,Campania
2021-03-26,LAZ,29773,13624,16149,22926,6847,ITI,ITI4,12,Lazio
2021-05-21,PAB,6920,3802,3118,5076,1844,ITH,ITH1,4,Provincia Autonoma Bolzano / Bozen
2021-05-28,PUG,43476,20584,22892,27863,15613,ITF,ITF4,16,Puglia
2021-02-07,VEN,2315,862,1453,714,1601,ITH,ITH3,5,Veneto
2021-02-02,EMR,9485,3053,6432,527,8958,ITH,ITH5,8,Emilia-Romagna
2021-02-20,BAS,1163,532,631,1044,119,ITF,ITF5,17,Basilicata
2021-02-19,PAT,929,359,570,870,59,ITH,ITH2,4,Provincia Autonoma Trento
2021-05-31,BAS,4228,2009,2219,1721,2507,ITF,ITF5,17,Basilicata
2021-01-26,SIC,9229,4558,4671,257,8972,ITG,ITG1,19,Sicilia
2021-02-26,PIE,12293,4933,7360,11556,737,ITC,ITC1,1,Piemonte
2021-03-24,SAR,7408,3107,4301,6049,1359,ITG,ITG2,20,Sardegna
2021-01-08,ABR,1525,507,1018,1525,0,ITF,ITF1,13,Abruzzo
2021-06-08,FVG,9958,5200,4758,9599,359,ITH,ITH4,6,Friuli-Venezia Giulia
2021-01-21,UMB,610,202,408,341,269,ITI,ITI2,10,Umbria
2021-03-10,LOM,33231,12709,20522,25372,7859,ITC,ITC4,3,Lombardia
2021-04-24,PIE,27460,12420,15040,21817,5643,ITC,ITC1,1,Piemonte
2021-05-27,TOS,28286,13160,15126,13457,14829,ITI,ITI1,9,Toscana
2021-02-28,FVG,2685,1002,1683,2292,393,ITH,ITH4,6,Friuli-Venezia Giulia
2021-04-18,ABR,5813,2727,3086,4870,943,ITF,ITF1,13,Abruzzo
2021-05-11,MAR,10621,4832,5789,5677,4944,ITI,ITI3,11,Marche
2021-01-14,PIE,9766,3152,6614,9766,0,ITC,ITC1,1,Piemonte
2021-03-16,VDA,182,37,145,118,64,ITC,ITC2,2,Valle d'Aosta / Vallée d'Aoste
2021-03-31,TOS,32698,13246,19452,20537,12161,ITI,ITI1,9,Toscana
2021-05-06,LOM,89760,42168,47592,73319,16441,ITC,ITC4,3,Lombardia
2021-01-26,LOM,8336,2704,5632,349,7987,ITC,ITC4,3,Lombardia
2021-03-31,CAL,8814,4003,4811,4854,3960,ITF,ITF6,18,Calabria
2021-02-18,BAS,1070,401,669,855,215,ITF,ITF5,17,Basilicata
2021-04-09,CAL,7902,3699,4203,5012,2890,ITF,ITF6,18,Calabria
2021-04-02,CAM,21841,10514,11327,19519,2322,ITF,ITF3,15,Campania
2021-05-11,LIG,13902,6384,7518,7298,6604,ITC,ITC3,7,Liguria
2021-05-30,PUG,20881,10000,10881,15855,5026,ITF,ITF4,16,Puglia
2021-01-22,MOL,128,36,92,128,0,ITF,ITF2,14,Molise
2021-03-22,TOS,5248,2760,2488,4804,444,ITI,ITI1,9,Toscana
2021-03-24,VEN,22096,9564,12532,15294,6802,ITH,ITH3,5,Veneto
2021-05-16,PAB,2024,931,1093,1330,694,ITH,ITH1,4,Provincia Autonoma Bolzano / Bozen
2021-05-02,MOL,1893,932,961,588,1305,ITF,ITF2,14,Molise
2021-02-20,ABR,4775,1842,2933,4699,76,ITF,ITF1,13,Abruzzo
2021-03-15,MAR,4401,2026,2375,1311,3090,ITI,ITI3,11,Marche
2021-03-29,LIG,10546,4610,5936,7414,3132,ITC,ITC3,7,Liguria
2021-04-26,FVG,5460,2451,3009,3811,1649,ITH,ITH4,6,Friuli-Venezia Giulia
2021-03-06,MOL,1728,807,921,1569,159,ITF,ITF2,14,Molise
2021-06-05,CAL,20329,9525,10804,17367,2962,ITF,ITF6,18,Calabria
2021-01-31,LIG,624,270,354,9,615,ITC,ITC3,7,Liguria
2021-04-16,LIG,11970,5280,6690,10160,1810,ITC,ITC3,7,Liguria
2021-04-18,LOM,36344,16204,20140,31114,5230,ITC,ITC4,3,Lombardia
2021-04-27,CAM,32153,15621,16532,24233,7920,ITF,ITF3,15,Campania
2021-06-07,VEN,44321,23139,21182,37335,6986,ITH,ITH3,5,Veneto
2021-01-08,LOM,12698,3918,8780,12698,0,ITC,ITC4,3,Lombardia
2021-06-10,PAB,4418,2291,2127,1326,3092,ITH,ITH1,4,Provincia Autonoma Bolzano / Bozen
2021-06-17,PUG,10759,5370,5389,5734,5025,ITF,ITF4,16,Puglia
2021-02-27,VEN,8988,2691,6297,8141,847,ITH,ITH3,5,Veneto
2021-01-26,ABR,1542,567,975,30,1512,ITF,ITF1,13,Abruzzo
2021-02-09,MOL,359,170,189,197,162,ITF,ITF2,14,Molise
2021-01-06,LIG,1660,616,1044,1660,0,ITC,ITC3,7,Liguria
2021-05-06,ABR,13005,6090,6915,7979,5026,ITF,ITF1,13,Abruzzo
2021-02-15,SIC,3730,1733,1997,3166,564,ITG,ITG1,19,Sicilia
2021-04-13,SAR,7608,3594,4014,5781,1827,ITG,ITG2,20,Sardegna
2021-04-27,EMR,32095,14862,17233,19634,12461,ITH,ITH5,8,Emilia-Romagna
2021-02-08,FVG,2357,694,1663,92,2265,ITH,ITH4,6,Friuli-Venezia Giulia
2021-05-14,PIE,33355,16253,17102,17949,15406,ITC,ITC1,1,Piemonte
2021-05-26,SIC,44515,20819,23696,24041,20474,ITG,ITG1,19,Sicilia
2021-06-09,SAR,15454,7360,8094,11718,3736,ITG,ITG2,20,Sardegna
2021-02-01,PAT,1221,335,886,92,1129,ITH,ITH2,4,Provincia Autonoma Trento
2021-03-11,TOS,15879,6334,9545,12551,3328,ITI,ITI1,9,Toscana
2021-01-03,SIC,4715,2467,2248,4715,0,ITG,ITG1,19,Sicilia
2021-01-01,LAZ,3554,1382,2172,3554,0,ITI,ITI4,12,Lazio
2021-04-13,SIC,19685,9586,10099,10934,8751,ITG,ITG1,19,Sicilia
2021-01-10,LAZ,4042,1702,2340,4042,0,ITI,ITI4,12,Lazio
2021-01-15,CAM,4980,2381,2599,4980,0,ITF,ITF3,15,Campania
2021-03-10,BAS,1680,842,838,841,839,ITF,ITF5,17,Basilicata
2021-06-16,LAZ,63267,30212,33055,32003,31264,ITI,ITI4,12,Lazio
2021-03-13,CAM,14517,7038,7479,9235,5282,ITF,ITF3,15,Campania
2021-04-20,LAZ,31058,14262,16796,19761,11297,ITI,ITI4,12,Lazio
2021-04-22,UMB,5437,2237,3200,2773,2664,ITI,ITI2,10,Umbria
2021-03-04,VEN,12980,4884,8096,9508,3472,ITH,ITH3,5,Veneto
2021-04-26,PAB,1543,771,772,1538,5,ITH,ITH1,4,Provincia Autonoma Bolzano / Bozen
2021-01-26,BAS,798,352,446,101,697,ITF,ITF5,17,Basilicata
2021-02-23,MAR,3267,1397,1870,3211,56,ITI,ITI3,11,Marche
2021-03-05,VDA,275,124,151,53,222,ITC,ITC2,2,Valle d'Aosta / Vallée d'Aoste
2021-03-08,LAZ,20846,9030,11816,15573,5273,ITI,ITI4,12,Lazio
2021-05-06,BAS,5052,2435,2617,3483,1569,ITF,ITF5,17,Basilicata
2021-03-20,CAL,6704,3073,3631,4200,2504,ITF,ITF6,18,Calabria
2021-03-22,CAM,13177,6340,6837,11137,2040,ITF,ITF3,15,Campania
2021-05-15,BAS,6527,3342,3185,3955,2572,ITF,ITF5,17,Basilicata
2021-03-30,PUG,12263,5856,6407,6367,5896,ITF,ITF4,16,Puglia
2021-06-13,FVG,8628,4490,4138,5317,3311,ITH,ITH4,6,Friuli-Venezia Giulia
2021-02-01,PUG,3965,1660,2305,373,3592,ITF,ITF4,16,Puglia
2021-02-07,CAM,2929,1382,1547,2158,771,ITF,ITF3,15,Campania
2021-04-02,BAS,2317,1046,1271,1713,604,ITF,ITF5,17,Basilicata
2021-02-03,PAT,847,315,532,414,433,ITH,ITH2,4,Provincia Autonoma Trento
2021-02-04,BAS,1096,442,654,63,1033,ITF,ITF5,17,Basilicata
2021-04-17,FVG,7450,3232,4218,5967,1483,ITH,ITH4,6,Friuli-Venezia Giulia
2021-05-06,EMR,35925,16600,19325,22869,13056,ITH,ITH5,8,Emilia-Romagna
2021-01-10,SIC,3533,1578,1955,3533,0,ITG,ITG1,19,Sicilia
2021-01-26,EMR,8334,3000,5334,214,8120,ITH,ITH5,8,Emilia-Romagna
2021-02-05,TOS,5750,2246,3504,1924,3826,ITI,ITI1,9,Toscana
2021-04-09,ABR,8836,4178,4658,6297,2539,ITF,ITF1,13,Abruzzo
2021-04-22,LAZ,38797,19166,19631,24193,14604,ITI,ITI4,12,Lazio
2021-01-15,MAR,1771,500,1271,1771,0,ITI,ITI3,11,Marche
2021-04-17,UMB,6666,3059,3607,5326,1340,ITI,ITI2,10,Umbria
2021-05-23,PAT,1955,993,962,447,1508,ITH,ITH2,4,Provincia Autonoma Trento
2021-03-20,LIG,2316,995,1321,1142,1174,ITC,ITC3,7,Liguria
2021-03-24,EMR,21192,9391,11801,13809,7383,ITH,ITH5,8,Emilia-Romagna
2021-05-16,TOS,26663,12879,13784,24202,2461,ITI,ITI1,9,Toscana
2021-02-28,VDA,260,86,174,77,183,ITC,ITC2,2,Valle d'Aosta / Vallée d'Aoste
2021-03-10,LAZ,23298,10630,12668,17651,5647,ITI,ITI4,12,Lazio
2021-03-11,MOL,1465,637,828,1459,6,ITF,ITF2,14,Molise
2021-04-10,PAT,2798,1307,1491,2004,794,ITH,ITH2,4,Provincia Autonoma Trento
2021-05-11,VEN,33100,16477,16623,28382,4718,ITH,ITH3,5,Veneto
2021-01-12,LAZ,5413,1981,3432,5413,0,ITI,ITI4,12,Lazio
2021-01-15,LOM,25204,7430,17774,25204,0,ITC,ITC4,3,Lombardia
2021-03-15,CAL,3555,1688,1867,2112,1443,ITF,ITF6,18,Calabria
2021-01-18,PAB,1772,687,1085,1767,5,ITH,ITH1,4,Provincia Autonoma Bolzano / Bozen
2021-05-14,PUG,44758,20447,24311,28658,16100,ITF,ITF4,16,Puglia
2021-02-02,BAS,367,143,224,175,192,ITF,ITF5,17,Basilicata
2021-04-17,PIE,30455,14146,16309,27140,3315,ITC,ITC1,1,Piemonte
2021-01-22,VEN,1080,332,748,25,1055,ITH,ITH3,5,Veneto
2021-01-06,MOL,689,260,429,689,0,ITF,ITF2,14,Molise
2021-04-29,LOM,115450,53569,61881,85622,29828,ITC,ITC4,3,Lombardia
2021-06-13,PIE,37235,19626,17609,33120,4115,ITC,ITC1,1,Piemonte
2021-04-02,ABR,6682,3092,3590,5195,1487,ITF,ITF1,13,Abruzzo
2021-04-25,MAR,8599,3993,4606,7024,1575,ITI,ITI3,11,Marche
2021-04-16,MOL,2430,1033,1397,1198,1232,ITF,ITF2,14,Molise
2021-05-05,VDA,1038,566,472,456,582,ITC,ITC2,2,Valle d'Aosta / Vallée d'Aoste
2021-01-24,EMR,2443,885,1558,298,2145,ITH,ITH5,8,Emilia-Romagna
2021-02-04,ABR,1680,616,1064,610,1070,ITF,ITF1,13,Abruzzo
2021-03-08,SAR,4667,2413,2254,3447,1220,ITG,ITG2,20,Sardegna
2021-05-20,CAL,16892,8433,8459,11287,5605,ITF,ITF6,18,Calabria
2021-01-05,SIC,10286,5051,5235,10286,0,ITG,ITG1,19,Sicilia
2021-02-10,PIE,7535,2371,5164,1316,6219,ITC,ITC1,1,Piemonte
2021-04-09,BAS,1151,350,801,1088,63,ITF,ITF5,17,Basilicata
2021-05-04,SAR,9538,4386,5152,7685,1853,ITG,ITG2,20,Sardegna
2021-04-10,FVG,5027,2202,2825,3802,1225,ITH,ITH4,6,Friuli-Venezia Giulia
2021-01-05,UMB,854,429,425,854,0,ITI,ITI2,10,Umbria
2021-01-24,SAR,90,34,56,5,85,ITG,ITG2,20,Sardegna
2021-04-08,PIE,25145,10931,14214,20415,4730,ITC,ITC1,1,Piemonte
2021-04-15,SIC,21050,10260,10790,11717,9333,ITG,ITG1,19,Sicilia
2021-05-11,TOS,27939,12981,14958,12481,15458,ITI,ITI1,9,Toscana
2021-04-20,LOM,67629,30819,36810,57294,10335,ITC,ITC4,3,Lombardia
2021-05-23,FVG,10268,4853,5415,6120,4148,ITH,ITH4,6,Friuli-Venezia Giulia
2021-01-10,LOM,10513,3957,6556,10513,0,ITC,ITC4,3,Lombardia
2021-04-25,MOL,792,395,397,559,233,ITF,ITF2,14,Molise
2021-01-15,LIG,2256,754,1502,2256,0,ITC,ITC3,7,Liguria
2021-01-17,LOM,8336,3340,4996,8136,200,ITC,ITC4,3,Lombardia
2021-02-07,CAL,859,428,431,148,711,ITF,ITF6,18,Calabria
2021-03-13,TOS,9285,3309,5976,5322,3963,ITI,ITI1,9,Toscana
2021-03-17,LAZ,13801,5908,7893,7546,6255,ITI,ITI4,12,Lazio
2021-03-15,LOM,31545,11326,20219,23030,8515,ITC,ITC4,3,Lombardia
2021-04-25,LIG,1936,921,1015,1521,415,ITC,ITC3,7,Liguria
2021-05-18,CAL,15382,7682,7700,11919,3463,ITF,ITF6,18,Calabria
2021-05-04,VEN,42893,20315,22578,34866,8027,ITH,ITH3,5,Veneto
2021-01-25,PUG,3826,1681,2145,423,3403,ITF,ITF4,16,Puglia
2021-01-13,MAR,2105,746,1359,2105,0,ITI,ITI3,11,Marche
2021-02-10,PAT,853,291,562,511,342,ITH,ITH2,4,Provincia Autonoma Trento
2021-03-13,LIG,3849,1637,2212,2994,855,ITC,ITC3,7,Liguria
2021-05-03,VDA,839,400,439,488,351,ITC,ITC2,2,Valle d'Aosta / Vallée d'Aoste
2021-05-02,MAR,8899,3936,4963,3161,5738,ITI,ITI3,11,Marche
2021-03-10,SAR,6049,2952,3097,5199,850,ITG,ITG2,20,Sardegna
2021-01-17,CAM,1155,551,604,702,453,ITF,ITF3,15,Campania
2021-01-29,TOS,6144,1700,4444,304,5840,ITI,ITI1,9,Toscana
2021-03-22,CAL,4926,2306,2620,3170,1756,ITF,ITF6,18,Calabria
2021-04-10,PIE,30165,13416,16749,25887,4278,ITC,ITC1,1,Piemonte
2021-05-06,SAR,12952,6011,6941,9806,3146,ITG,ITG2,20,Sardegna
2021-05-07,PAB,4193,2061,2132,3665,528,ITH,ITH1,4,Provincia Autonoma Bolzano / Bozen
2021-01-24,VEN,4117,1219,2898,28,4089,ITH,ITH3,5,Veneto
2021-03-15,CAM,13335,6482,6853,8590,4745,ITF,ITF3,15,Campania
2021-03-07,VDA,64,30,34,11,53,ITC,ITC2,2,Valle d'Aosta / Vallée d'Aoste
2021-05-09,TOS,22527,9765,12762,9668,12859,ITI,ITI1,9,Toscana
2021-04-24,UMB,4564,1963,2601,3386,1178,ITI,ITI2,10,Umbria
2021-01-13,MOL,474,160,314,474,0,ITF,ITF2,14,Molise
2021-05-05,PAB,4154,1945,2209,2038,2116,ITH,ITH1,4,Provincia Autonoma Bolzano / Bozen
2021-04-23,MOL,2050,882,1168,1391,659,ITF,ITF2,14,Molise
2021-01-17,EMR,2890,887,2003,2644,246,ITH,ITH5,8,Emilia-Romagna
2021-01-25,PAB,487,183,304,3,484,ITH,ITH1,4,Provincia Autonoma Bolzano / Bozen
2021-03-01,SAR,2264,1153,1111,1605,659,ITG,ITG2,20,Sardegna
2021-01-12,UMB,838,248,590,838,0,ITI,ITI2,10,Umbria
2021-04-22,SIC,26862,12666,14196,20404,6458,ITG,ITG1,19,Sicilia
2021-04-04,ABR,1636,771,865,1507,129,ITF,ITF1,13,Abruzzo
2021-04-08,PAT,3116,1296,1820,1998,1118,ITH,ITH2,4,Provincia Autonoma Trento
2021-03-10,SIC,13855,6054,7801,11672,2183,ITG,ITG1,19,Sicilia
2021-04-15,PIE,29643,13577,16066,24159,5484,ITC,ITC1,1,Piemonte
2021-03-23,PAB,1553,759,794,1552,1,ITH,ITH1,4,Provincia Autonoma Bolzano / Bozen
2021-01-05,PIE,5381,1603,3778,5381,0,ITC,ITC1,1,Piemonte
2021-01-12,SIC,4298,2104,2194,4298,0,ITG,ITG1,19,Sicilia
2021-04-27,LOM,85949,39960,45989,69411,16538,ITC,ITC4,3,Lombardia
2021-03-14,UMB,66,48,18,66,0,ITI,ITI2,10,Umbria
2021-04-07,VEN,35945,16149,19796,28619,7326,ITH,ITH3,5,Veneto
2021-01-07,FVG,2093,718,1375,2093,0,ITH,ITH4,6,Friuli-Venezia Giulia
2021-02-14,LIG,233,122,111,233,0,ITC,ITC3,7,Liguria
2021-04-02,EMR,23398,10556,12842,18918,4480,ITH,ITH5,8,Emilia-Romagna
2021-02-27,BAS,1993,861,1132,1829,164,ITF,ITF5,17,Basilicata
2021-03-05,FVG,3771,1511,2260,2698,1073,ITH,ITH4,6,Friuli-Venezia Giulia
2021-05-25,LIG,14074,6862,7212,10926,3148,ITC,ITC3,7,Liguria
2021-05-29,EMR,37688,16467,21221,17150,20538,ITH,ITH5,8,Emilia-Romagna
2021-05-15,SIC,56474,26386,30088,41229,15245,ITG,ITG1,19,Sicilia
2021-03-19,SIC,16213,7984,8229,10732,5481,ITG,ITG1,19,Sicilia
2021-06-16,ABR,10745,5371,5374,8085,2660,ITF,ITF1,13,Abruzzo
2021-01-30,VDA,439,202,237,14,425,ITC,ITC2,2,Valle d'Aosta / Vallée d'Aoste
2021-01-31,VEN,4769,1562,3207,392,4377,ITH,ITH3,5,Veneto
2021-05-27,CAM,72840,35292,37548,26360,46480,ITF,ITF3,15,Campania
2021-02-16,CAM,5440,2411,3029,4669,771,ITF,ITF3,15,Campania
2021-03-29,VEN,31449,13684,17765,27616,3833,ITH,ITH3,5,Veneto
2021-02-04,LAZ,6302,2481,3821,987,5315,ITI,ITI4,12,Lazio
2021-04-01,PAB,2786,1407,1379,2642,144,ITH,ITH1,4,Provincia Autonoma Bolzano / Bozen
2021-04-08,PUG,17455,7577,9878,11281,6174,ITF,ITF4,16,Puglia
2020-12-31,PAT,1624,449,1175,1624,0,ITH,ITH2,4,Provincia Autonoma Trento
2021-06-07,BAS,4220,1912,2308,3904,316,ITF,ITF5,17,Basilicata
2021-04-11,BAS,848,330,518,785,63,ITF,ITF5,17,Basilicata
2021-05-13,SAR,11580,5437,6143,8536,3044,ITG,ITG2,20,Sardegna
2021-04-19,FVG,6710,3133,3577,3295,3415,ITH,ITH4,6,Friuli-Venezia Giulia
2021-02-02,SAR,1498,669,829,257,1241,ITG,ITG2,20,Sardegna
2021-01-09,FVG,2513,841,1672,2513,0,ITH,ITH4,6,Friuli-Venezia Giulia
2021-02-27,ABR,2812,1338,1474,2546,266,ITF,ITF1,13,Abruzzo
2021-03-22,MAR,5654,2376,3278,2526,3128,ITI,ITI3,11,Marche
2021-06-15,FVG,11548,5837,5711,5269,6279,ITH,ITH4,6,Friuli-Venezia Giulia
2021-01-07,PIE,5387,1739,3648,5387,0,ITC,ITC1,1,Piemonte
2021-03-12,UMB,2698,1082,1616,2202,496,ITI,ITI2,10,Umbria
2021-06-06,PUG,30479,15349,15130,25462,5017,ITF,ITF4,16,Puglia
2021-02-09,CAL,2156,911,1245,956,1200,ITF,ITF6,18,Calabria
2021-03-05,PIE,15269,5961,9308,11451,3818,ITC,ITC1,1,Piemonte
2021-05-20,TOS,29712,13871,15841,18906,10806,ITI,ITI1,9,Toscana
2021-04-10,PUG,30747,13033,17714,26524,4223,ITF,ITF4,16,Puglia
2021-01-25,VDA,147,65,82,0,147,ITC,ITC2,2,Valle d'Aosta / Vallée d'Aoste
2021-03-17,LOM,26252,10493,15759,15254,10998,ITC,ITC4,3,Lombardia
2021-03-22,LIG,7741,3466,4275,4804,2937,ITC,ITC3,7,Liguria
2021-05-22,CAM,67879,32467,35412,46445,21434,ITF,ITF3,15,Campania
2021-01-31,TOS,3050,1129,1921,106,2944,ITI,ITI1,9,Toscana
2021-05-13,VEN,44166,21794,22372,34271,9895,ITH,ITH3,5,Veneto
2021-05-29,CAL,19222,8931,10291,9395,9827,ITF,ITF6,18,Calabria
2021-02-02,VEN,6508,1878,4630,396,6112,ITH,ITH3,5,Veneto
2021-03-13,MOL,1189,594,595,200,989,ITF,ITF2,14,Molise
2021-01-24,MAR,881,339,542,5,876,ITI,ITI3,11,Marche
2021-02-07,LIG,407,153,254,2,405,ITC,ITC3,7,Liguria
2021-03-07,FVG,2547,932,1615,2546,1,ITH,ITH4,6,Friuli-Venezia Giulia
2021-06-07,ABR,11055,5281,5774,9239,1816,ITF,ITF1,13,Abruzzo
2021-01-15,MOL,538,242,296,538,0,ITF,ITF2,14,Molise
2021-04-11,ABR,5330,2606,2724,4847,483,ITF,ITF1,13,Abruzzo
2021-05-04,MAR,10841,4788,6053,4949,5892,ITI,ITI3,11,Marche
2021-05-18,LIG,13451,6115,7336,10166,3285,ITC,ITC3,7,Liguria
2021-05-30,PAB,4759,2514,2245,752,4007,ITH,ITH1,4,Provincia Autonoma Bolzano / Bozen
2021-03-05,PAT,2245,703,1542,1678,567,ITH,ITH2,4,Provincia Autonoma Trento
2021-03-12,SIC,12772,5490,7282,10777,1995,ITG,ITG1,19,Sicilia
2021-06-09,ABR,11391,6012,5379,9713,1678,ITF,ITF1,13,Abruzzo
2021-05-15,SAR,13785,6425,7360,10352,3433,ITG,ITG2,20,Sardegna
2021-01-07,PAT,1270,310,960,1270,0,ITH,ITH2,4,Provincia Autonoma Trento
2021-05-14,VDA,960,442,518,291,669,ITC,ITC2,2,Valle d'Aosta / Vallée d'Aoste
2020-12-31,FVG,1053,384,669,1053,0,ITH,ITH4,6,Friuli-Venezia Giulia
2021-04-05,TOS,15280,6823,8457,14543,737,ITI,ITI1,9,Toscana
2021-06-15,PIE,38499,19825,18674,26813,11686,ITC,ITC1,1,Piemonte
2021-03-21,UMB,675,338,337,675,0,ITI,ITI2,10,Umbria
2021-03-31,VEN,38786,16374,22412,31296,7490,ITH,ITH3,5,Veneto
2021-02-07,TOS,2806,952,1854,886,1920,ITI,ITI1,9,Toscana
2021-03-07,PIE,11977,4658,7319,11099,878,ITC,ITC1,1,Piemonte
2021-04-03,PAB,831,364,467,22,809,ITH,ITH1,4,Provincia Autonoma Bolzano / Bozen
2021-03-25,PAB,2149,1063,1086,1706,443,ITH,ITH1,4,Provincia Autonoma Bolzano / Bozen
2021-04-14,CAL,8160,3926,4234,6713,1447,ITF,ITF6,18,Calabria
2021-05-22,LAZ,54957,26902,28055,44333,10624,ITI,ITI4,12,Lazio
2021-04-04,BAS,610,225,385,197,413,ITF,ITF5,17,Basilicata
2021-02-16,CAL,1738,734,1004,1460,278,ITF,ITF6,18,Calabria
2021-05-17,UMB,6370,3062,3308,4192,2178,ITI,ITI2,10,Umbria
2021-04-01,PUG,13854,6474,7380,7509,6345,ITF,ITF4,16,Puglia
2021-01-14,UMB,752,201,551,752,0,ITI,ITI2,10,Umbria
2021-03-20,MAR,4134,1739,2395,1048,3086,ITI,ITI3,11,Marche
2021-04-17,PAT,2205,1122,1083,2148,57,ITH,ITH2,4,Provincia Autonoma Trento
2020-12-31,PIE,3909,1334,2575,3909,0,ITC,ITC1,1,Piemonte
2021-01-26,SAR,1336,453,883,27,1309,ITG,ITG2,20,Sardegna
2021-01-27,PAB,84,28,56,1,83,ITH,ITH1,4,Provincia Autonoma Bolzano / Bozen
2021-02-03,PUG,5037,2005,3032,730,4307,ITF,ITF4,16,Puglia
2021-03-31,EMR,25265,11041,14224,19808,5457,ITH,ITH5,8,Emilia-Romagna
2021-01-22,MAR,487,167,320,194,293,ITI,ITI3,11,Marche
2021-06-17,FVG,2546,1369,1177,487,2059,ITH,ITH4,6,Friuli-Venezia Giulia
2021-02-01,VDA,404,127,277,87,317,ITC,ITC2,2,Valle d'Aosta / Vallée d'Aoste
2021-03-19,UMB,1743,565,1178,1087,656,ITI,ITI2,10,Umbria
2021-04-19,PAT,2625,1235,1390,2603,22,ITH,ITH2,4,Provincia Autonoma Trento
2021-03-30,VDA,402,223,179,382,20,ITC,ITC2,2,Valle d'Aosta / Vallée d'Aoste
2021-03-24,CAM,17919,8367,9552,14962,2957,ITF,ITF3,15,Campania
2021-05-20,LIG,12846,5963,6883,8826,4020,ITC,ITC3,7,Liguria
2021-05-27,CAL,17566,8671,8895,9814,7752,ITF,ITF6,18,Calabria
2021-05-15,LAZ,57119,27285,29834,40632,16487,ITI,ITI4,12,Lazio
2021-05-20,CAM,60707,28067,32640,43158,17549,ITF,ITF3,15,Campania
2021-05-12,VDA,1140,549,591,470,670,ITC,ITC2,2,Valle d'Aosta / Vallée d'Aoste
2021-06-15,PAT,6194,3261,2933,1701,4493,ITH,ITH2,4,Provincia Autonoma Trento
2021-02-09,CAM,4643,2202,2441,4391,252,ITF,ITF3,15,Campania
2021-03-06,ABR,4177,1358,2819,3607,570,ITF,ITF1,13,Abruzzo
2021-03-19,LAZ,17287,7435,9852,10959,6328,ITI,ITI4,12,Lazio
2021-03-20,MOL,2321,968,1353,1000,1321,ITF,ITF2,14,Molise
2021-03-24,LOM,43219,15600,27619,31342,11877,ITC,ITC4,3,Lombardia
2021-05-18,TOS,28842,14269,14573,20016,8826,ITI,ITI1,9,Toscana
2021-05-29,CAM,67772,32241,35531,43936,23836,ITF,ITF3,15,Campania
2021-02-09,LOM,12205,3331,8874,4033,8172,ITC,ITC4,3,Lombardia
2021-03-26,EMR,23706,10115,13591,17270,6436,ITH,ITH5,8,Emilia-Romagna
2021-05-08,SAR,13087,5970,7117,10798,2289,ITG,ITG2,20,Sardegna
