data_somministrazione,area,totale,sesso_maschile,sesso_femminile,categoria_operatori_sanitari_sociosanitari,categoria_personale_non_sanitario,categoria_ospiti_rsa,categoria_over80,prima_dose,seconda_dose,codice_NUTS1,codice_NUTS2,codice_regione_ISTAT,nome_area
2021-01-26,MAR,1896,696,1200,1656,154,86,0,92,1804,ITI,ITI3,11,Marche
2021-01-12,PUG,4135,1733,2402,3339,591,204,1,4135,0,ITF,ITF4,16,Puglia
2021-01-04,SIC,7797,3903,3894,7052,739,6,0,7797,0,ITG,ITG1,19,Sicilia
2021-01-11,CAL,2111,1014,1097,1716,392,3,0,2111,0,ITF,ITF6,18,Calabria
2021-01-28,LIG,2620,901,1719,1883,520,217,0,16,2604,ITC,ITC3,7,Liguria
2021-01-27,VDA,151,71,80,44,63,18,26,79,72,ITC,ITC2,2,Valle d'Aosta / Vallée d'Aoste
2020-12-27,ABR,37,19,18,34,1,2,0,37,0,ITF,ITF1,13,Abruzzo
2021-01-04,LOM,5969,2054,3915,4582,1206,166,15,5969,0,ITC,ITC4,3,Lombardia
2021-01-18,SIC,1473,611,862,684,597,192,0,1361,112,ITG,ITG1,19,Sicilia
2021-01-25,CAL,1023,489,534,982,41,0,0,132,891,ITF,ITF6,18,Calabria
2021-01-02,LIG,686,245,441,580,106,0,0,686,0,ITC,ITC3,7,Liguria
2021-01-23,VEN,4062,1254,2808,3393,218,450,1,35,4027,ITH,ITH3,5,Veneto
2021-01-30,FVG,1071,358,713,710,188,173,0,0,1071,ITH,ITH4,6,Friuli-Venezia Giulia
2021-01-28,TOS,6243,1873,4370,5421,66,756,0,335,5908,ITI,ITI1,9,Toscana
2021-01-23,LAZ,6883,2682,4201,5820,521,417,125,255,6628,ITI,ITI4,12,Lazio
2021-01-18,CAM,942,399,543,576,193,173,0,698,244,ITF,ITF3,15,Campania
2021-01-15,BAS,811,349,462,449,190,172,0,811,0,ITF,ITF5,17,Basilicata
2021-01-10,ABR,1139,409,730,1091,48,0,0,1139,0,ITF,ITF1,13,Abruzzo
2021-01-26,PAB,808,291,517,666,142,0,0,1,807,ITH,ITH1,4,Provincia Autonoma Bolzano / Bozen
2021-01-10,VDA,220,71,149,168,33,19,0,220,0,ITC,ITC2,2,Valle d'Aosta / Vallée d'Aoste
2021-01-06,LAZ,5094,1950,3144,4612,162,320,0,5094,0,ITI,ITI4,12,Lazio
2021-01-13,UMB,450,139,311,379,29,42,0,450,0,ITI,ITI2,10,Umbria
2020-12-30,PIE,730,322,408,685,45,0,0,730,0,ITC,ITC1,1,Piemonte
2021-01-30,CAM,9269,4413,4856,5925,3146,198,0,31,9238,ITF,ITF3,15,Campania
2021-01-16,PIE,7740,2628,5112,4786,1588,1366,0,7740,0,ITC,ITC1,1,Piemonte
2021-01-16,TOS,3247,1037,2210,2493,537,217,0,3247,0,ITI,ITI1,9,Toscana
2020-12-27,VDA,20,9,11,20,0,0,0,20,0,ITC,ITC2,2,Valle d'Aosta / Vallée d'Aoste
2021-01-11,VEN,7200,2093,5107,3410,1596,1947,247,7200,0,ITH,ITH3,5,Veneto
2021-01-30,SIC,6715,3060,3655,4572,1787,356,0,141,6574,ITG,ITG1,19,Sicilia
2021-01-07,MOL,598,209,389,399,54,145,0,598,0,ITF,ITF2,14,Molise
2021-01-23,PAT,571,331,240,219,264,88,0,384,187,ITH,ITH2,4,Provincia Autonoma Trento
2021-01-27,BAS,409,173,236,149,234,26,0,112,297,ITF,ITF5,17,Basilicata
2021-01-21,PUG,2113,893,1220,1393,197,523,0,1266,847,ITF,ITF4,16,Puglia
2021-01-22,ABR,118,57,61,2,4,112,0,118,0,ITF,ITF1,13,Abruzzo
2021-01-18,FVG,1951,605,1346,1354,491,106,0,1857,94,ITH,ITH4,6,Friuli-Venezia Giulia
2021-01-30,UMB,927,301,626,639,6,281,1,15,912,ITI,ITI2,10,Umbria
2020-12-31,PAB,851,490,361,422,429,0,0,851,0,ITH,ITH1,4,Provincia Autonoma Bolzano / Bozen
2021-01-04,FVG,1509,558,951,1391,118,0,0,1509,0,ITH,ITH4,6,Friuli-Venezia Giulia
2021-01-30,PIE,5403,1934,3469,3991,1040,372,0,40,5363,ITC,ITC1,1,Piemonte
2021-01-12,MAR,1226,413,813,912,264,50,0,1226,0,ITI,ITI3,11,Marche
2021-01-16,LIG,1249,541,708,329,622,298,0,1249,0,ITC,ITC3,7,Liguria
2021-01-02,TOS,3497,1097,2400,2682,15,800,0,3497,0,ITI,ITI1,9,Toscana
2021-01-04,CAM,5823,2961,2862,4848,975,0,0,5823,0,ITF,ITF3,15,Campania
2021-01-16,SAR,1491,525,966,1267,224,0,0,1491,0,ITG,ITG2,20,Sardegna
2021-01-21,MAR,895,252,643,459,100,336,0,585,310,ITI,ITI3,11,Marche
2021-01-11,UMB,1268,333,935,876,20,372,0,1268,0,ITI,ITI2,10,Umbria
2021-01-16,CAM,3371,1671,1700,1354,1646,371,0,3371,0,ITF,ITF3,15,Campania
2021-01-06,CAL,917,497,420,813,104,0,0,917,0,ITF,ITF6,18,Calabria
2020-12-30,SIC,103,59,44,93,10,0,0,103,0,ITG,ITG1,19,Sicilia
2020-12-27,BAS,106,41,65,104,2,0,0,106,0,ITF,ITF5,17,Basilicata
2021-01-26,MOL,450,184,266,444,6,0,0,8,442,ITF,ITF2,14,Molise
2021-01-22,VDA,56,21,35,36,0,20,0,20,36,ITC,ITC2,2,Valle d'Aosta / Vallée d'Aoste
2021-01-28,VEN,8943,2591,6352,6325,1315,1303,0,102,8841,ITH,ITH3,5,Veneto
2020-12-31,PUG,1631,782,849,1456,131,44,0,1631,0,ITF,ITF4,16,Puglia
2021-01-08,VDA,299,130,169,172,111,16,0,299,0,ITC,ITC2,2,Valle d'Aosta / Vallée d'Aoste
2021-01-23,TOS,3965,1360,2605,2952,172,841,0,639,3326,ITI,ITI1,9,Toscana
2021-01-30,SAR,3642,1316,2326,2770,871,0,1,343,3299,ITG,ITG2,20,Sardegna
2021-01-15,ABR,379,149,230,223,121,35,0,379,0,ITF,ITF1,13,Abruzzo
2021-01-10,BAS,77,24,53,9,68,0,0,77,0,ITF,ITF5,17,Basilicata
2021-01-11,LAZ,5519,2100,3419,4446,505,568,0,5519,0,ITI,ITI4,12,Lazio
2021-01-16,SIC,2599,1110,1489,1199,1109,291,0,2599,0,ITG,ITG1,19,Sicilia
2021-01-04,PIE,5558,1675,3883,4586,737,235,0,5558,0,ITC,ITC1,1,Piemonte
2021-01-23,CAL,364,165,199,303,38,23,0,323,41,ITF,ITF6,18,Calabria
2020-12-30,PAT,6,2,4,4,1,1,0,6,0,ITH,ITH2,4,Provincia Autonoma Trento
2021-01-25,CAM,5744,2926,2818,4743,945,56,0,164,5580,ITF,ITF3,15,Campania
2021-01-11,TOS,5087,1687,3400,4356,210,521,0,5087,0,ITI,ITI1,9,Toscana
2021-01-25,SIC,7377,3636,3741,6503,804,70,0,319,7058,ITG,ITG1,19,Sicilia
2021-01-16,VEN,4501,1515,2986,2578,1279,644,0,4501,0,ITH,ITH3,5,Veneto
2021-01-12,MOL,336,114,222,132,75,129,0,336,0,ITF,ITF2,14,Molise
2021-01-28,PAT,519,144,375,285,130,104,0,48,471,ITH,ITH2,4,Provincia Autonoma Trento
2021-01-16,LOM,14292,5430,8862,7282,5637,1194,179,14292,0,ITC,ITC4,3,Lombardia
2021-01-26,PUG,5142,2281,2861,4676,237,229,0,564,4578,ITF,ITF4,16,Puglia
2021-01-11,PAT,722,218,504,514,58,150,0,722,0,ITH,ITH2,4,Provincia Autonoma Trento
2021-01-22,BAS,66,24,42,6,60,0,0,66,0,ITF,ITF5,17,Basilicata
2021-01-25,UMB,647,322,325,645,2,0,0,5,642,ITI,ITI2,10,Umbria
2021-01-23,FVG,814,323,491,766,48,0,0,4,810,ITH,ITH4,6,Friuli-Venezia Giulia
2021-01-04,SAR,590,217,373,564,26,0,0,590,0,ITG,ITG2,20,Sardegna
2021-01-18,PIE,6084,2035,4049,3214,1401,1469,0,5837,247,ITC,ITC1,1,Piemonte
2021-01-21,LIG,829,307,522,410,223,195,1,458,371,ITC,ITC3,7,Liguria
2021-01-07,MAR,1802,633,1169,1480,322,0,0,1802,0,ITI,ITI3,11,Marche
2021-01-06,FVG,709,264,445,514,195,0,0,709,0,ITH,ITH4,6,Friuli-Venezia Giulia
2021-01-12,PAB,1474,390,1084,295,630,475,74,1474,0,ITH,ITH1,4,Provincia Autonoma Bolzano / Bozen
2021-01-30,LOM,11007,4051,6956,8579,2321,99,8,157,10850,ITC,ITC4,3,Lombardia
2021-01-24,ABR,50,22,28,49,1,0,0,6,44,ITF,ITF1,13,Abruzzo
2021-01-02,PUG,2942,1294,1648,2672,249,21,0,2942,0,ITF,ITF4,16,Puglia
2021-01-03,ABR,471,185,286,464,7,0,0,471,0,ITF,ITF1,13,Abruzzo
2021-01-08,BAS,557,220,337,262,234,61,0,557,0,ITF,ITF5,17,Basilicata
2021-01-06,UMB,843,323,520,840,3,0,0,843,0,ITI,ITI2,10,Umbria
2021-01-11,CAM,4063,1863,2200,2380,1436,247,0,4063,0,ITF,ITF3,15,Campania
2021-01-18,SAR,900,326,574,713,187,0,0,776,124,ITG,ITG2,20,Sardegna
2021-01-19,MAR,225,81,144,120,20,85,0,141,84,ITI,ITI3,11,Marche
2020-12-30,LAZ,1601,621,980,1575,0,26,0,1601,0,ITI,ITI4,12,Lazio
2021-01-17,VDA,131,56,75,49,3,20,59,131,0,ITC,ITC2,2,Valle d'Aosta / Vallée d'Aoste
2020-12-28,LOM,103,44,59,102,1,0,0,103,0,ITC,ITC4,3,Lombardia
2021-01-13,LAZ,5482,2024,3458,3820,679,980,3,5482,0,ITI,ITI4,12,Lazio
2021-01-18,CAL,1193,532,661,967,215,11,0,1003,190,ITF,ITF6,18,Calabria
2021-01-11,SIC,5708,2504,3204,3778,1558,372,0,5708,0,ITG,ITG1,19,Sicilia
2021-01-30,VEN,7494,2353,5141,5302,1362,828,2,433,7061,ITH,ITH3,5,Veneto
2021-01-04,PAT,807,196,611,481,49,277,0,807,0,ITH,ITH2,4,Provincia Autonoma Trento
2021-01-25,LAZ,7761,3041,4720,6791,485,363,122,421,7340,ITI,ITI4,12,Lazio
2021-01-09,LIG,1304,462,842,766,351,187,0,1304,0,ITC,ITC3,7,Liguria
2021-01-11,LOM,15745,5266,10479,9856,5268,521,100,15745,0,ITC,ITC4,3,Lombardia
2021-01-17,MOL,78,38,40,78,0,0,0,48,30,ITF,ITF2,14,Molise
2021-01-28,LOM,11638,3554,8084,8612,2294,707,25,557,11081,ITC,ITC4,3,Lombardia
2021-01-17,BAS,323,131,192,93,177,53,0,321,2,ITF,ITF5,17,Basilicata
2021-01-16,PAT,316,147,169,299,3,14,0,316,0,ITH,ITH2,4,Provincia Autonoma Trento
2021-01-24,PAB,12,10,2,1,11,0,0,0,12,ITH,ITH1,4,Provincia Autonoma Bolzano / Bozen
2021-01-09,TOS,4481,1594,2887,3779,144,558,0,4481,0,ITI,ITI1,9,Toscana
2021-01-20,UMB,612,222,390,582,16,14,0,612,0,ITI,ITI2,10,Umbria
2021-01-29,VDA,316,138,178,189,111,16,0,2,314,ITC,ITC2,2,Valle d'Aosta / Vallée d'Aoste
2021-01-30,PAT,150,90,60,149,1,0,0,150,0,ITH,ITH2,4,Provincia Autonoma Trento
2021-01-23,PIE,4188,1311,2877,3166,522,500,0,877,3311,ITC,ITC1,1,Piemonte
2021-01-04,CAL,981,480,501,954,27,0,0,981,0,ITF,ITF6,18,Calabria
2020-12-28,SIC,188,111,77,186,2,0,0,188,0,ITG,ITG1,19,Sicilia
2021-01-02,MAR,453,139,314,444,9,0,0,453,0,ITI,ITI3,11,Marche
2021-01-04,VEN,6725,2030,4695,5203,607,914,1,6725,0,ITH,ITH3,5,Veneto
2021-01-11,FVG,1872,605,1267,1491,334,47,0,1872,0,ITH,ITH4,6,Friuli-Venezia Giulia
2021-01-14,PUG,3987,1548,2439,2923,570,494,0,3987,0,ITF,ITF4,16,Puglia
2021-01-29,ABR,1386,449,937,1290,96,0,0,74,1312,ITF,ITF1,13,Abruzzo
2021-01-07,PAB,891,309,582,595,240,0,56,891,0,ITH,ITH1,4,Provincia Autonoma Bolzano / Bozen
2021-01-03,BAS,900,344,556,787,113,0,0,900,0,ITF,ITF5,17,Basilicata
2021-01-07,PUG,5685,2437,3248,4979,487,219,0,5685,0,ITF,ITF4,16,Puglia
2021-01-01,UMB,269,102,167,268,1,0,0,269,0,ITI,ITI2,10,Umbria
2021-01-06,CAM,7652,3748,3904,5780,1572,300,0,7652,0,ITF,ITF3,15,Campania
2021-01-30,TOS,4021,1426,2595,3440,177,404,0,102,3919,ITI,ITI1,9,Toscana
2021-01-23,SAR,60,22,38,60,0,0,0,0,60,ITG,ITG2,20,Sardegna
2021-01-04,LAZ,7477,2907,4570,7073,88,316,0,7477,0,ITI,ITI4,12,Lazio
2021-01-14,MAR,2010,692,1318,1112,600,298,0,2010,0,ITI,ITI3,11,Marche
2021-01-23,LIG,800,290,510,624,133,43,0,145,655,ITC,ITC3,7,Liguria
2021-01-18,VEN,2688,763,1925,1067,679,934,8,2484,204,ITH,ITH3,5,Veneto
2021-01-23,SIC,4001,2072,1929,3768,217,16,0,224,3777,ITG,ITG1,19,Sicilia
2021-01-30,CAL,1847,962,885,1663,184,0,0,267,1580,ITF,ITF6,18,Calabria
2020-12-28,LIG,75,26,49,72,3,0,0,75,0,ITC,ITC3,7,Liguria
2021-01-25,FVG,1580,566,1014,1367,141,72,0,193,1387,ITH,ITH4,6,Friuli-Venezia Giulia
2021-01-09,LOM,12306,4526,7780,7922,4182,192,10,12306,0,ITC,ITC4,3,Lombardia
2021-01-05,ABR,1614,604,1010,1604,10,0,0,1614,0,ITF,ITF1,13,Abruzzo
2021-01-23,CAM,3838,2029,1809,3161,609,68,0,272,3566,ITF,ITF3,15,Campania
2021-01-18,LAZ,5279,2032,3247,3230,884,712,453,4790,489,ITI,ITI4,12,Lazio
2021-01-18,UMB,588,215,373,314,150,124,0,504,84,ITI,ITI2,10,Umbria
2021-01-19,MOL,173,63,110,90,61,22,0,162,11,ITF,ITF2,14,Molise
2021-01-15,VDA,218,82,136,115,69,28,6,218,0,ITC,ITC2,2,Valle d'Aosta / Vallée d'Aoste
2021-01-13,CAL,1991,999,992,1763,194,34,0,1991,0,ITF,ITF6,18,Calabria
2021-01-06,SIC,6143,3238,2905,5432,709,2,0,6143,0,ITG,ITG1,19,Sicilia
2021-01-09,PAT,183,40,143,139,14,30,0,183,0,ITH,ITH2,4,Provincia Autonoma Trento
2021-01-11,PIE,8724,2974,5750,6049,1554,1121,0,8724,0,ITC,ITC1,1,Piemonte
2021-01-30,LAZ,5454,2264,3190,4117,729,496,112,340,5114,ITI,ITI4,12,Lazio
2021-01-21,TOS,1570,686,884,574,220,776,0,850,720,ITI,ITI1,9,Toscana
2021-01-14,LIG,2606,925,1681,1250,929,427,0,2606,0,ITC,ITC3,7,Liguria
2020-12-31,MAR,383,178,205,370,13,0,0,383,0,ITI,ITI3,11,Marche
2021-01-18,PAT,634,151,483,519,42,73,0,581,53,ITH,ITH2,4,Provincia Autonoma Trento
2020-12-28,SAR,65,25,40,65,0,0,0,65,0,ITG,ITG2,20,Sardegna
2021-01-19,PAB,807,348,459,170,64,0,573,677,130,ITH,ITH1,4,Provincia Autonoma Bolzano / Bozen
2021-01-23,LOM,1043,338,705,449,577,17,0,845,198,ITC,ITC4,3,Lombardia
2021-01-17,ABR,187,59,128,136,51,0,0,180,7,ITF,ITF1,13,Abruzzo
2021-01-04,TOS,5063,1893,3170,4099,32,932,0,5063,0,ITI,ITI1,9,Toscana
2021-01-05,PAB,819,283,536,717,102,0,0,819,0,ITH,ITH1,4,Provincia Autonoma Bolzano / Bozen
2021-01-05,MOL,449,180,269,441,8,0,0,449,0,ITF,ITF2,14,Molise
2020-12-30,FVG,630,246,384,601,29,0,0,630,0,ITH,ITH4,6,Friuli-Venezia Giulia
2021-01-09,VEN,7909,2532,5377,4926,1417,1563,3,7909,0,ITH,ITH3,5,Veneto
2021-01-16,FVG,1228,358,870,769,211,248,0,1228,0,ITH,ITH4,6,Friuli-Venezia Giulia
2021-01-29,BAS,611,228,383,274,268,69,0,62,549,ITF,ITF5,17,Basilicata
2021-01-11,SAR,1180,504,676,688,492,0,0,1180,0,ITG,ITG2,20,Sardegna
2021-01-19,PUG,1212,446,766,516,126,570,0,1208,4,ITF,ITF4,16,Puglia
2021-01-25,LIG,2571,834,1737,1957,331,283,0,463,2108,ITC,ITC3,7,Liguria
2021-01-27,LOM,7703,2576,5127,5896,1699,106,2,698,7005,ITC,ITC4,3,Lombardia
2021-01-23,PAB,195,115,80,60,135,0,0,0,195,ITH,ITH1,4,Provincia Autonoma Bolzano / Bozen
2021-01-27,FVG,1269,425,844,849,356,64,0,447,822,ITH,ITH4,6,Friuli-Venezia Giulia
2020-12-27,UMB,85,45,40,67,2,16,0,85,0,ITI,ITI2,10,Umbria
2021-01-25,TOS,5117,1895,3222,4153,56,908,0,247,4870,ITI,ITI1,9,Toscana
2021-01-01,CAM,919,506,413,831,88,0,0,919,0,ITF,ITF3,15,Campania
2021-01-29,LAZ,6757,2568,4189,5498,626,545,88,435,6322,ITI,ITI4,12,Lazio
2021-01-08,SAR,3251,1182,2069,2856,395,0,0,3251,0,ITG,ITG2,20,Sardegna
2021-01-09,MAR,1709,605,1104,1406,303,0,0,1709,0,ITI,ITI3,11,Marche
2021-01-21,MOL,6,2,4,0,6,0,0,6,0,ITF,ITF2,14,Molise
2021-01-07,VDA,275,111,164,194,76,5,0,275,0,ITC,ITC2,2,Valle d'Aosta / Vallée d'Aoste
2021-01-03,LAZ,5250,1972,3278,5082,103,65,0,5250,0,ITI,ITI4,12,Lazio
2021-01-23,MAR,557,190,367,440,54,63,0,123,434,ITI,ITI3,11,Marche
2021-01-25,SAR,588,212,376,553,35,0,0,22,566,ITG,ITG2,20,Sardegna
2021-01-04,MOL,314,131,183,300,14,0,0,314,0,ITF,ITF2,14,Molise
2021-01-01,SIC,690,368,322,621,69,0,0,690,0,ITG,ITG1,19,Sicilia
2021-01-08,CAL,2065,986,1079,1856,209,0,0,2065,0,ITF,ITF6,18,Calabria
2021-01-20,VEN,1040,368,672,687,140,213,0,388,652,ITH,ITH3,5,Veneto
2021-01-15,LAZ,6163,2444,3719,4124,896,988,155,6163,0,ITI,ITI4,12,Lazio
2020-12-27,PIE,912,368,544,760,76,76,0,912,0,ITC,ITC1,1,Piemonte
2021-01-27,UMB,838,329,509,837,1,0,0,13,825,ITI,ITI2,10,Umbria
2021-01-01,LOM,24,7,17,21,3,0,0,24,0,ITC,ITC4,3,Lombardia
2020-12-30,LIG,9,3,6,9,0,0,0,9,0,ITC,ITC3,7,Liguria
2021-01-14,PAB,1615,478,1137,465,652,277,221,1615,0,ITH,ITH1,4,Provincia Autonoma Bolzano / Bozen
2021-01-18,LOM,8749,2866,5883,3825,3409,1399,116,7776,973,ITC,ITC4,3,Lombardia
2021-01-07,BAS,641,319,322,306,306,29,0,641,0,ITF,ITF5,17,Basilicata
2021-01-02,ABR,548,218,330,540,8,0,0,548,0,ITF,ITF1,13,Abruzzo
2021-01-06,PAT,42,13,29,42,0,0,0,42,0,ITH,ITH2,4,Provincia Autonoma Trento
2021-01-27,CAM,7731,3816,3915,5832,1629,270,0,161,7570,ITF,ITF3,15,Campania
2021-01-10,UMB,1038,267,771,737,9,292,0,1038,0,ITI,ITI2,10,Umbria
2020-12-30,TOS,325,104,221,34,10,281,0,325,0,ITI,ITI1,9,Toscana
2021-01-20,PAT,287,71,216,224,15,48,0,275,12,ITH,ITH2,4,Provincia Autonoma Trento
2021-01-19,VDA,256,77,179,160,24,15,57,256,0,ITC,ITC2,2,Valle d'Aosta / Vallée d'Aoste
2021-01-13,PIE,10018,3210,6808,6448,2249,1321,0,10018,0,ITC,ITC1,1,Piemonte
2021-01-27,SIC,7305,3736,3569,6198,975,132,0,182,7123,ITG,ITG1,19,Sicilia
2021-01-04,PUG,4501,2011,2490,4249,241,11,0,4501,0,ITF,ITF4,16,Puglia
2021-01-19,ABR,111,55,56,27,34,50,0,91,20,ITF,ITF1,13,Abruzzo
2020-12-27,SAR,65,34,31,65,0,0,0,65,0,ITG,ITG2,20,Sardegna
2021-01-24,BAS,831,299,532,599,231,1,0,58,773,ITF,ITF5,17,Basilicata
2021-01-30,LIG,1016,371,645,660,240,116,0,4,1012,ITC,ITC3,7,Liguria
2021-01-20,TOS,1331,637,694,434,256,641,0,1083,248,ITI,ITI1,9,Toscana
2020-12-27,CAM,720,422,298,703,17,0,0,720,0,ITF,ITF3,15,Campania
2021-01-13,SAR,572,178,394,437,135,0,0,572,0,ITG,ITG2,20,Sardegna
2021-01-27,PIE,4192,1451,2741,2980,655,557,0,999,3193,ITC,ITC1,1,Piemonte
2021-01-13,LIG,2621,960,1661,1347,821,453,0,2621,0,ITC,ITC3,7,Liguria
2021-01-04,MAR,1500,563,937,1290,199,11,0,1500,0,ITI,ITI3,11,Marche
2021-01-13,SIC,4897,2280,2617,2850,1616,431,0,4897,0,ITG,ITG1,19,Sicilia
2021-01-08,VEN,9392,2831,6561,5920,1665,1804,3,9392,0,ITH,ITH3,5,Veneto
2021-01-20,CAL,1265,553,712,776,310,179,0,1264,1,ITF,ITF6,18,Calabria
2020-12-30,LOM,113,42,71,104,9,0,0,113,0,ITC,ITC4,3,Lombardia
2021-01-15,FVG,2023,605,1418,1285,365,373,0,2023,0,ITH,ITH4,6,Friuli-Venezia Giulia
2021-01-08,LAZ,7703,2885,4818,6333,572,798,0,7703,0,ITI,ITI4,12,Lazio
2021-01-13,CAM,7998,3652,4346,4341,3080,577,0,7998,0,ITF,ITF3,15,Campania
2021-01-18,MAR,673,230,443,370,171,132,0,547,126,ITI,ITI3,11,Marche
2021-01-21,PAB,908,423,485,616,197,68,27,138,770,ITH,ITH1,4,Provincia Autonoma Bolzano / Bozen
2021-01-09,MOL,450,152,298,215,57,178,0,450,0,ITF,ITF2,14,Molise
2021-01-08,UMB,1171,337,834,926,9,236,0,1171,0,ITI,ITI2,10,Umbria
2021-01-05,VDA,150,54,96,127,12,11,0,150,0,ITC,ITC2,2,Valle d'Aosta / Vallée d'Aoste
2021-01-25,VEN,6366,2038,4328,4961,550,848,7,170,6196,ITH,ITH3,5,Veneto
2021-01-03,CAL,6,3,3,4,2,0,0,6,0,ITF,ITF6,18,Calabria
2020-12-27,SIC,86,51,35,59,2,25,0,86,0,ITG,ITG1,19,Sicilia
2021-01-20,LAZ,4297,1636,2661,3177,447,388,285,2785,1512,ITI,ITI4,12,Lazio
2021-01-27,SAR,1391,489,902,1273,118,0,0,79,1312,ITG,ITG2,20,Sardegna
2021-01-22,UMB,276,105,171,273,1,2,0,32,244,ITI,ITI2,10,Umbria
2021-01-01,PIE,1038,395,643,922,116,0,0,1038,0,ITC,ITC1,1,Piemonte
2021-01-23,PUG,3021,1283,1738,2491,257,273,0,877,2144,ITF,ITF4,16,Puglia
2021-01-08,PAT,1439,312,1127,762,152,525,0,1439,0,ITH,ITH2,4,Provincia Autonoma Trento
2021-01-04,LIG,2300,775,1525,1970,287,43,0,2300,0,ITC,ITC3,7,Liguria
2021-01-30,MAR,1524,528,996,1261,263,0,0,24,1500,ITI,ITI3,11,Marche
2021-01-13,LOM,24833,7674,17159,11034,10129,3369,301,24833,0,ITC,ITC4,3,Lombardia
2021-01-07,ABR,1603,552,1051,1566,37,0,0,1603,0,ITF,ITF1,13,Abruzzo
2021-01-09,PAB,595,313,282,70,439,74,12,595,0,ITH,ITH1,4,Provincia Autonoma Bolzano / Bozen
2021-01-03,FVG,312,122,190,285,26,1,0,312,0,ITH,ITH4,6,Friuli-Venezia Giulia
2021-01-22,CAM,1522,774,748,970,344,208,0,672,850,ITF,ITF3,15,Campania
2021-01-25,PAT,766,204,562,481,30,255,0,23,743,ITH,ITH2,4,Provincia Autonoma Trento
2021-01-14,VDA,237,69,168,151,84,0,2,237,0,ITC,ITC2,2,Valle d'Aosta / Vallée d'Aoste
2021-01-21,ABR,157,47,110,10,6,141,0,157,0,ITF,ITF1,13,Abruzzo
2021-01-15,PIE,8943,2944,5999,5485,1920,1538,0,8943,0,ITC,ITC1,1,Piemonte
2021-01-29,CAL,1992,955,1037,1697,247,48,0,233,1759,ITF,ITF6,18,Calabria
2020-12-30,VEN,700,245,455,599,62,39,0,700,0,ITH,ITH3,5,Veneto
2021-01-22,SIC,1198,605,593,1000,82,116,0,239,959,ITG,ITG1,19,Sicilia
2021-01-09,PUG,4812,2222,2590,4156,409,243,4,4812,0,ITF,ITF4,16,Puglia
2021-01-19,BAS,200,84,116,81,74,45,0,200,0,ITF,ITF5,17,Basilicata
2021-01-01,SAR,30,16,14,30,0,0,0,30,0,ITG,ITG2,20,Sardegna
2021-01-16,MAR,2006,723,1283,1059,662,285,0,2006,0,ITI,ITI3,11,Marche
2021-01-28,MOL,613,217,396,407,52,154,0,17,596,ITF,ITF2,14,Molise
2021-01-27,VEN,7048,2036,5012,5050,1190,808,0,191,6857,ITH,ITH3,5,Veneto
2021-01-27,PAT,651,205,446,353,33,265,0,72,579,ITH,ITH2,4,Provincia Autonoma Trento
2021-01-18,LIG,1625,622,1003,596,813,216,0,1476,149,ITC,ITC3,7,Liguria
2020-12-30,MAR,17,5,12,14,3,0,0,17,0,ITI,ITI3,11,Marche
2021-01-15,CAL,1896,832,1064,1315,515,66,0,1896,0,ITF,ITF6,18,Calabria
2021-01-13,VEN,5945,1594,4351,2717,1353,1872,3,5945,0,ITH,ITH3,5,Veneto
2021-01-08,SIC,7885,3640,4245,6231,1441,213,0,7885,0,ITG,ITG1,19,Sicilia
2021-01-20,FVG,749,323,426,718,31,0,0,11,738,ITH,ITH4,6,Friuli-Venezia Giulia
2021-01-08,CAM,10453,4968,5485,6713,3528,212,0,10453,0,ITF,ITF3,15,Campania
2021-01-18,TOS,1119,636,483,430,314,375,0,1021,98,ITI,ITI1,9,Toscana
2021-01-15,SAR,1558,570,988,1164,394,0,0,1558,0,ITG,ITG2,20,Sardegna
2021-01-05,BAS,945,409,536,710,235,0,0,945,0,ITF,ITF5,17,Basilicata
2021-01-16,PAB,2702,1208,1494,447,341,59,1855,2702,0,ITH,ITH1,4,Provincia Autonoma Bolzano / Bozen
2020-12-31,VDA,18,4,14,16,2,0,0,18,0,ITC,ITC2,2,Valle d'Aosta / Vallée d'Aoste
2021-01-03,UMB,267,111,156,267,0,0,0,267,0,ITI,ITI2,10,Umbria
2020-12-27,LAZ,139,66,73,139,0,0,0,139,0,ITI,ITI4,12,Lazio
2021-01-14,MOL,646,239,407,417,114,115,0,646,0,ITF,ITF2,14,Molise
2021-01-06,PIE,3114,1110,2004,2368,433,313,0,3114,0,ITC,ITC1,1,Piemonte
2021-01-20,CAM,1257,650,607,395,761,101,0,1257,0,ITF,ITF3,15,Campania
2021-01-06,TOS,4514,1459,3055,3980,10,524,0,4514,0,ITI,ITI1,9,Toscana
2021-01-28,PUG,5191,2137,3054,4535,366,290,0,460,4731,ITF,ITF4,16,Puglia
2021-01-20,SIC,786,398,388,410,187,189,0,560,226,ITG,ITG1,19,Sicilia
2021-01-13,PAT,414,122,292,381,15,18,0,414,0,ITH,ITH2,4,Provincia Autonoma Trento
2021-01-27,CAL,1408,701,707,1177,208,23,0,396,1012,ITF,ITF6,18,Calabria
2021-01-01,VEN,1524,470,1054,1485,38,1,0,1524,0,ITH,ITH3,5,Veneto
2021-01-26,VDA,139,48,91,115,12,12,0,0,139,ITC,ITC2,2,Valle d'Aosta / Vallée d'Aoste
2021-01-08,LOM,12492,3870,8622,8542,3737,181,32,12492,0,ITC,ITC4,3,Lombardia
2021-01-12,ABR,1804,666,1138,1470,334,0,0,1804,0,ITF,ITF1,13,Abruzzo
2021-01-11,PUG,3724,1576,2148,3044,507,173,0,3724,0,ITF,ITF4,16,Puglia
2021-01-04,PAB,467,190,277,383,80,4,0,467,0,ITH,ITH1,4,Provincia Autonoma Bolzano / Bozen
2021-01-08,FVG,2319,746,1573,1668,255,396,0,2319,0,ITH,ITH4,6,Friuli-Venezia Giulia
2021-01-26,ABR,1542,567,975,1513,29,0,0,29,1513,ITF,ITF1,13,Abruzzo
2021-01-06,LIG,1619,597,1022,1139,302,114,64,1619,0,ITC,ITC3,7,Liguria
2021-01-20,PIE,6345,2027,4318,3551,1149,1645,0,5619,726,ITC,ITC1,1,Piemonte
2021-01-22,LAZ,3661,1442,2219,3318,151,70,122,147,3514,ITI,ITI4,12,Lazio
2021-01-25,LOM,6748,2275,4473,5289,1271,178,10,448,6300,ITC,ITC4,3,Lombardia
2021-01-06,SAR,1598,544,1054,1480,118,0,0,1598,0,ITG,ITG2,20,Sardegna
2021-01-11,MAR,1176,411,765,1021,155,0,0,1176,0,ITI,ITI3,11,Marche
2021-01-28,PAB,795,283,512,540,227,28,0,9,786,ITH,ITH1,4,Provincia Autonoma Bolzano / Bozen
2021-01-22,FVG,92,31,61,91,1,0,0,2,90,ITH,ITH4,6,Friuli-Venezia Giulia
2020-12-27,CAL,220,117,103,220,0,0,0,220,0,ITF,ITF6,18,Calabria
2021-01-16,MOL,420,166,254,270,23,127,0,420,0,ITF,ITF2,14,Molise
2021-01-12,VDA,300,71,229,240,49,11,0,300,0,ITC,ITC2,2,Valle d'Aosta / Vallée d'Aoste
2021-01-03,SIC,4440,2318,2122,4123,317,0,0,4440,0,ITG,ITG1,19,Sicilia
2021-01-30,PUG,4457,2042,2415,3955,277,222,3,284,4173,ITF,ITF4,16,Puglia
2021-01-10,CAL,828,473,355,729,99,0,0,828,0,ITF,ITF6,18,Calabria
2021-01-03,CAM,3835,2008,1827,3191,644,0,0,3835,0,ITF,ITF3,15,Campania
2021-01-28,MAR,1972,659,1313,1581,290,101,0,167,1805,ITI,ITI3,11,Marche
2021-01-13,TOS,4060,1398,2662,3307,349,404,0,4060,0,ITI,ITI1,9,Toscana
2021-01-20,SAR,209,77,132,134,75,0,0,207,2,ITG,ITG2,20,Sardegna
2021-01-01,LAZ,3553,1381,2172,3483,2,68,0,3553,0,ITI,ITI4,12,Lazio
2021-01-15,CAM,4972,2386,2586,2738,2037,197,0,4972,0,ITF,ITF3,15,Campania
2021-01-10,LAZ,4032,1697,2335,3127,654,251,0,4032,0,ITI,ITI4,12,Lazio
2021-01-01,TOS,2368,786,1582,1716,2,650,0,2368,0,ITI,ITI1,9,Toscana
2021-01-06,VEN,8108,2376,5732,6233,1078,796,1,8108,0,ITH,ITH3,5,Veneto
2021-01-15,SIC,4860,2137,2723,2687,1713,460,0,4860,0,ITG,ITG1,19,Sicilia
2021-01-06,LOM,6998,2465,4533,5204,1759,32,3,6998,0,ITC,ITC4,3,Lombardia
2021-01-22,CAL,637,262,375,298,248,91,0,635,2,ITF,ITF6,18,Calabria
2021-01-12,BAS,215,87,128,38,79,98,0,215,0,ITF,ITF5,17,Basilicata
2021-01-16,PUG,2442,1006,1436,1565,366,511,0,2442,0,ITF,ITF4,16,Puglia
2021-01-01,PAT,205,48,157,108,11,86,0,205,0,ITH,ITH2,4,Provincia Autonoma Trento
2021-01-15,UMB,692,212,480,588,44,60,0,692,0,ITI,ITI2,10,Umbria
2021-01-13,FVG,2635,832,1803,1810,598,227,0,2635,0,ITH,ITH4,6,Friuli-Venezia Giulia
2021-01-26,BAS,794,350,444,478,281,35,0,101,693,ITF,ITF5,17,Basilicata
2021-01-08,PIE,5525,1759,3766,4075,1029,421,0,5525,0,ITC,ITC1,1,Piemonte
2021-01-29,UMB,1117,317,800,921,13,183,0,73,1044,ITI,ITI2,10,Umbria
2021-01-11,LIG,2412,895,1517,1566,597,249,0,2412,0,ITC,ITC3,7,Liguria
2021-01-25,PIE,6207,1937,4270,4780,865,562,0,980,5227,ITC,ITC1,1,Piemonte
2020-12-27,FVG,262,149,113,259,3,0,0,262,0,ITH,ITH4,6,Friuli-Venezia Giulia
2021-01-27,LAZ,5766,2168,3598,4536,644,457,129,651,5115,ITI,ITI4,12,Lazio
2021-01-20,LOM,5187,1279,3908,1848,2170,1079,90,5073,114,ITC,ITC4,3,Lombardia
2021-01-14,ABR,530,189,341,364,166,0,0,530,0,ITF,ITF1,13,Abruzzo
2021-01-02,PAB,91,48,43,67,24,0,0,91,0,ITH,ITH1,4,Provincia Autonoma Bolzano / Bozen
2021-01-06,MAR,2181,792,1389,1738,296,147,0,2181,0,ITI,ITI3,11,Marche
2021-01-18,MOL,114,48,66,97,17,0,0,114,0,ITF,ITF2,14,Molise
2021-01-17,VEN,1930,781,1149,1146,661,120,3,1580,350,ITH,ITH3,5,Veneto
2021-01-24,FVG,305,119,186,277,27,1,0,1,304,ITH,ITH4,6,Friuli-Venezia Giulia
2021-01-22,PIE,3795,1228,2567,2252,649,894,0,2451,1344,ITC,ITC1,1,Piemonte
2021-01-08,LIG,2686,927,1759,1762,579,345,0,2686,0,ITC,ITC3,7,Liguria
2021-01-24,SIC,4264,2228,2036,3921,340,3,0,147,4117,ITG,ITG1,19,Sicilia
2021-01-20,PAB,608,247,361,213,145,0,250,401,207,ITH,ITH1,4,Provincia Autonoma Bolzano / Bozen
2021-01-17,PAT,251,195,56,2,249,0,0,251,0,ITH,ITH2,4,Provincia Autonoma Trento
2021-01-03,VEN,5156,1562,3594,4457,450,249,0,5156,0,ITH,ITH3,5,Veneto
2021-01-05,CAL,1263,572,691,1185,78,0,0,1263,0,ITF,ITF6,18,Calabria
2021-01-10,FVG,2937,918,2019,1745,949,243,0,2937,0,ITH,ITH4,6,Friuli-Venezia Giulia
2020-12-29,SIC,214,132,82,214,0,0,0,214,0,ITG,ITG1,19,Sicilia
2021-01-22,LIG,1558,530,1028,745,347,466,0,1085,473,ITC,ITC3,7,Liguria
2021-01-05,SAR,1327,446,881,1281,46,0,0,1327,0,ITG,ITG2,20,Sardegna
2021-01-24,LOM,1164,450,714,780,359,24,1,502,662,ITC,ITC4,3,Lombardia
2021-01-08,TOS,5943,1641,4302,5359,39,545,0,5943,0,ITI,ITI1,9,Toscana
2021-01-06,PAB,59,18,41,59,0,0,0,59,0,ITH,ITH1,4,Provincia Autonoma Bolzano / Bozen
2021-01-30,ABR,1308,505,803,1211,97,0,0,21,1287,ITF,ITF1,13,Abruzzo
2021-01-10,CAM,8163,3738,4425,5178,2888,97,0,8163,0,ITF,ITF3,15,Campania
2021-01-07,UMB,1291,383,908,883,4,404,0,1291,0,ITI,ITI2,10,Umbria
2021-01-22,SAR,82,46,36,44,38,0,0,54,28,ITG,ITG2,20,Sardegna
2020-12-27,TOS,619,267,352,460,146,13,0,619,0,ITI,ITI1,9,Toscana
2021-01-18,PUG,1845,771,1074,1174,226,445,0,1496,349,ITF,ITF4,16,Puglia
2021-01-10,SIC,3500,1566,1934,2037,1006,457,0,3500,0,ITG,ITG1,19,Sicilia
2021-01-17,CAL,849,409,440,518,284,47,0,783,66,ITF,ITF6,18,Calabria
2021-01-03,PAT,483,158,325,409,12,62,0,483,0,ITH,ITH2,4,Provincia Autonoma Trento
2021-01-16,VDA,236,80,156,127,36,22,51,236,0,ITC,ITC2,2,Valle d'Aosta / Vallée d'Aoste
2021-01-15,MAR,1771,500,1271,985,420,366,0,1771,0,ITI,ITI3,11,Marche
2021-01-01,PUG,146,60,86,139,7,0,0,146,0,ITF,ITF4,16,Puglia
2020-12-29,LOM,100,43,57,100,0,0,0,100,0,ITC,ITC4,3,Lombardia
2021-01-16,ABR,587,239,348,449,123,15,0,587,0,ITF,ITF1,13,Abruzzo
2021-01-21,BAS,30,10,20,0,30,0,0,30,0,ITF,ITF5,17,Basilicata
2021-01-30,MOL,455,157,298,179,97,179,0,9,446,ITF,ITF2,14,Molise
2021-01-24,UMB,254,104,150,254,0,0,0,1,253,ITI,ITI2,10,Umbria
2021-01-10,PIE,5197,2272,2925,3895,785,517,0,5197,0,ITC,ITC1,1,Piemonte
2021-01-24,CAM,4127,2122,2005,3140,821,166,0,383,3744,ITF,ITF3,15,Campania
2020-12-27,LIG,132,54,78,85,2,45,0,132,0,ITC,ITC3,7,Liguria
2021-01-12,LAZ,5354,1959,3395,4102,669,583,0,5354,0,ITI,ITI4,12,Lazio
2021-01-22,TOS,2864,1063,1801,2027,81,756,0,525,2339,ITI,ITI1,9,Toscana
2021-01-15,LOM,23714,6996,16718,9306,10342,3662,404,23714,0,ITC,ITC4,3,Lombardia
2021-01-04,BAS,607,271,336,527,80,0,0,607,0,ITF,ITF5,17,Basilicata
2021-01-10,LIG,572,239,333,158,272,142,0,572,0,ITC,ITC3,7,Liguria
2021-01-22,LOM,2709,769,1940,945,1654,110,0,2657,52,ITC,ITC4,3,Lombardia
2021-01-18,PAB,1549,578,971,291,267,7,984,1544,5,ITH,ITH1,4,Provincia Autonoma Bolzano / Bozen
2021-01-18,ABR,122,48,74,106,14,2,0,46,76,ITF,ITF1,13,Abruzzo
2021-01-12,FVG,2248,711,1537,1521,369,358,0,2248,0,ITH,ITH4,6,Friuli-Venezia Giulia
2021-01-22,VEN,1081,332,749,939,84,58,0,27,1054,ITH,ITH3,5,Veneto
2021-01-29,FVG,2131,719,1412,1704,236,191,0,1,2130,ITH,ITH4,6,Friuli-Venezia Giulia
2021-01-19,SIC,1210,495,715,485,502,223,0,1038,172,ITG,ITG1,19,Sicilia
2021-01-22,PAT,1608,418,1190,863,126,619,0,313,1295,ITH,ITH2,4,Provincia Autonoma Trento
2021-01-26,CAL,1773,844,929,1541,162,70,0,271,1502,ITF,ITF6,18,Calabria
2021-01-06,MOL,689,260,429,448,70,171,0,689,0,ITF,ITF2,14,Molise
2021-01-02,VDA,6,5,1,0,0,6,0,6,0,ITC,ITC2,2,Valle d'Aosta / Vallée d'Aoste
2021-01-20,PUG,1533,535,998,777,170,586,0,1525,8,ITF,ITF4,16,Puglia
2021-01-24,PIE,3148,956,2192,2630,372,146,0,432,2716,ITC,ITC1,1,Piemonte
2021-01-27,LIG,1526,548,978,1162,248,116,0,134,1392,ITC,ITC3,7,Liguria
2021-01-03,TOS,3335,1052,2283,2564,9,762,0,3335,0,ITI,ITI1,9,Toscana
2021-01-10,SAR,2178,748,1430,1693,485,0,0,2178,0,ITG,ITG2,20,Sardegna
2021-01-01,PAB,1,1,0,0,1,0,0,1,0,ITH,ITH1,4,Provincia Autonoma Bolzano / Bozen
2021-01-05,VEN,7340,2188,5152,5402,816,1122,0,7340,0,ITH,ITH3,5,Veneto
2020-12-31,LAZ,5217,2094,3123,4926,12,279,0,5217,0,ITI,ITI4,12,Lazio
2021-01-05,CAM,7240,3641,3599,5813,1321,106,0,7240,0,ITF,ITF3,15,Campania
2021-01-05,SIC,9965,4891,5074,8603,1169,193,0,9965,0,ITG,ITG1,19,Sicilia
2020-12-27,VEN,880,395,485,875,5,0,0,880,0,ITH,ITH3,5,Veneto
2021-01-12,CAL,2018,999,1019,1666,323,29,0,2018,0,ITF,ITF6,18,Calabria
2020-12-27,LOM,700,406,294,548,138,13,1,700,0,ITC,ITC4,3,Lombardia
2021-01-06,PUG,3923,1655,2268,2973,574,376,0,3923,0,ITF,ITF4,16,Puglia
2021-01-02,BAS,940,377,563,840,100,0,0,940,0,ITF,ITF5,17,Basilicata
2021-01-28,VDA,290,123,167,160,124,6,0,56,234,ITC,ITC2,2,Valle d'Aosta / Vallée d'Aoste
2021-01-05,UMB,850,428,422,845,5,0,0,850,0,ITI,ITI2,10,Umbria
2021-01-24,SAR,90,34,56,89,1,0,0,5,85,ITG,ITG2,20,Sardegna
2021-01-05,PAT,687,228,459,478,51,158,0,687,0,ITH,ITH2,4,Provincia Autonoma Trento
2021-01-16,BAS,722,303,419,265,296,161,0,722,0,ITF,ITF5,17,Basilicata
2021-01-19,UMB,103,23,80,21,2,80,0,103,0,ITI,ITI2,10,Umbria
2021-01-19,CAM,1094,473,621,534,389,171,0,1091,3,ITF,ITF3,15,Campania
2021-01-01,LIG,144,55,89,133,11,0,0,144,0,ITC,ITC3,7,Liguria
2021-01-17,TOS,2486,837,1649,2004,293,189,0,1973,513,ITI,ITI1,9,Toscana
2021-01-27,MAR,1999,709,1290,1663,196,140,0,122,1877,ITI,ITI3,11,Marche
2021-01-10,LOM,10498,3951,6547,6729,3744,8,17,10498,0,ITC,ITC4,3,Lombardia
2021-01-17,LAZ,4435,1780,2655,2835,614,176,810,4329,106,ITI,ITI4,12,Lazio
2021-01-04,ABR,1401,575,826,1396,5,0,0,1401,0,ITF,ITF1,13,Abruzzo
2021-01-15,LIG,2063,705,1358,924,689,450,0,2063,0,ITC,ITC3,7,Liguria
2021-01-13,PAB,1405,440,965,357,657,206,185,1405,0,ITH,ITH1,4,Provincia Autonoma Bolzano / Bozen
2021-01-17,LOM,8034,3255,4779,4901,2966,122,45,7837,197,ITC,ITC4,3,Lombardia
2021-01-17,FVG,1718,522,1196,673,559,486,0,1717,1,ITH,ITH4,6,Friuli-Venezia Giulia
2021-01-28,BAS,902,400,502,433,391,78,0,119,783,ITF,ITF5,17,Basilicata
2021-01-23,ABR,263,114,149,223,14,26,0,57,206,ITF,ITF1,13,Abruzzo
2021-01-15,TOS,3878,1347,2531,2758,676,444,0,3878,0,ITI,ITI1,9,Toscana
2021-01-19,LAZ,4287,1647,2640,2806,692,381,408,3834,453,ITI,ITI4,12,Lazio
2021-01-26,UMB,814,390,424,813,1,0,0,18,796,ITI,ITI2,10,Umbria
2020-12-29,SAR,56,31,25,55,1,0,0,56,0,ITG,ITG2,20,Sardegna
2021-01-12,PIE,9969,3381,6588,6809,1990,1170,0,9969,0,ITC,ITC1,1,Piemonte
2021-01-11,MOL,557,194,363,194,252,111,0,557,0,ITF,ITF2,14,Molise
2021-01-30,PAB,241,111,130,43,131,67,0,4,237,ITH,ITH1,4,Provincia Autonoma Bolzano / Bozen
2021-01-29,PIE,5747,1821,3926,4096,1045,606,0,412,5335,ITC,ITC1,1,Piemonte
2021-01-25,PUG,3664,1619,2045,3328,168,168,0,421,3243,ITF,ITF4,16,Puglia
2021-01-13,MAR,2105,746,1359,1408,621,76,0,2105,0,ITI,ITI3,11,Marche
2021-01-24,PAT,545,274,271,310,235,0,0,222,323,ITH,ITH2,4,Provincia Autonoma Trento
2021-01-10,VEN,5012,1659,3353,3194,1351,465,2,5012,0,ITH,ITH3,5,Veneto
2021-01-05,LAZ,7369,2802,4567,6689,103,577,0,7369,0,ITI,ITI4,12,Lazio
2020-12-31,CAM,1490,811,679,1273,216,1,0,1490,0,ITF,ITF3,15,Campania
2021-01-12,SAR,865,408,457,514,351,0,0,865,0,ITG,ITG2,20,Sardegna
2021-01-17,UMB,54,17,37,47,7,0,0,54,0,ITI,ITI2,10,Umbria
2021-01-08,PUG,5461,2283,3178,4456,713,292,0,5461,0,ITF,ITF4,16,Puglia
2021-01-07,CAL,2139,1035,1104,1856,283,0,0,2139,0,ITF,ITF6,18,Calabria
2021-01-29,LIG,2622,926,1696,1937,455,230,0,45,2577,ITC,ITC3,7,Liguria
2020-12-27,PAT,103,40,63,76,7,20,0,103,0,ITH,ITH2,4,Provincia Autonoma Trento
2021-01-25,MAR,1595,558,1037,1425,114,56,0,97,1498,ITI,ITI3,11,Marche
2021-01-17,CAM,1155,551,604,718,286,151,0,702,453,ITF,ITF3,15,Campania
2021-01-29,SAR,2941,1065,1876,2546,392,3,0,48,2893,ITG,ITG2,20,Sardegna
2020-12-31,UMB,322,127,195,310,12,0,0,322,0,ITI,ITI2,10,Umbria
2021-01-29,TOS,6091,1697,4394,5378,139,574,0,292,5799,ITI,ITI1,9,Toscana
2021-01-09,VDA,443,199,244,153,268,22,0,443,0,ITC,ITC2,2,Valle d'Aosta / Vallée d'Aoste
2021-01-10,PAT,84,19,65,53,19,12,0,84,0,ITH,ITH2,4,Provincia Autonoma Trento
2021-01-03,PIE,3061,966,2095,2714,295,52,0,3061,0,ITC,ITC1,1,Piemonte
2021-01-24,VEN,4115,1218,2897,3733,160,222,0,28,4087,ITH,ITH3,5,Veneto
2021-01-20,MOL,18,8,10,14,4,0,0,18,0,ITF,ITF2,14,Molise
2021-01-17,SIC,1231,557,674,585,496,150,0,1184,47,ITG,ITG1,19,Sicilia
2021-01-24,CAL,44,18,26,15,3,26,0,39,5,ITF,ITF6,18,Calabria
2021-01-14,BAS,967,412,555,400,246,321,0,967,0,ITF,ITF5,17,Basilicata
2021-01-05,LOM,7668,2511,5157,5695,1799,166,8,7668,0,ITC,ITC4,3,Lombardia
2021-01-09,ABR,1483,565,918,1430,53,0,0,1483,0,ITF,ITF1,13,Abruzzo
2021-01-20,LIG,1184,448,736,394,471,319,0,1173,11,ITC,ITC3,7,Liguria
2021-01-13,MOL,472,159,313,256,74,142,0,472,0,ITF,ITF2,14,Molise
2021-01-23,BAS,705,298,407,480,224,1,0,33,672,ITF,ITF5,17,Basilicata
2021-01-28,ABR,1432,494,938,1369,62,1,0,12,1420,ITF,ITF1,13,Abruzzo
2021-01-24,LAZ,5467,2109,3358,4752,455,134,126,385,5082,ITI,ITI4,12,Lazio
2021-01-10,TOS,2998,1102,1896,2432,138,428,0,2998,0,ITI,ITI1,9,Toscana
2021-01-03,SAR,90,36,54,89,1,0,0,90,0,ITG,ITG2,20,Sardegna
2021-01-27,PUG,4330,1812,2518,3662,293,375,0,550,3780,ITF,ITF4,16,Puglia
2021-01-17,PIE,3511,1167,2344,2079,593,839,0,2864,647,ITC,ITC1,1,Piemonte
2021-01-29,SIC,9157,4227,4930,7131,1791,235,0,359,8798,ITG,ITG1,19,Sicilia
2021-01-03,LIG,724,225,499,652,72,0,0,724,0,ITC,ITC3,7,Liguria
2021-01-25,PAB,429,166,263,353,75,0,1,3,426,ITH,ITH1,4,Provincia Autonoma Bolzano / Bozen
2021-01-05,FVG,1678,549,1129,1348,133,197,0,1678,0,ITH,ITH4,6,Friuli-Venezia Giulia
2021-01-08,MAR,1574,588,986,1226,348,0,0,1574,0,ITI,ITI3,11,Marche
2021-01-11,PAB,1413,440,973,475,635,119,184,1413,0,ITH,ITH1,4,Provincia Autonoma Bolzano / Bozen
2020-12-29,LAZ,418,150,268,418,0,0,0,418,0,ITI,ITI4,12,Lazio
2021-01-29,LOM,12435,3831,8604,9695,2324,409,7,456,11979,ITC,ITC4,3,Lombardia
2021-01-29,PAT,1073,275,798,465,71,537,0,45,1028,ITH,ITH2,4,Provincia Autonoma Trento
2021-01-15,VEN,5763,1769,3994,2595,1679,1480,9,5763,0,ITH,ITH3,5,Veneto
2021-01-12,UMB,784,247,537,665,14,105,0,784,0,ITI,ITI2,10,Umbria
2021-01-17,SAR,859,277,582,741,118,0,0,858,1,ITG,ITG2,20,Sardegna
2021-01-13,PUG,4478,1698,2780,3782,467,229,0,4478,0,ITF,ITF4,16,Puglia
2021-01-21,VDA,33,12,21,0,0,33,0,33,0,ITC,ITC2,2,Valle d'Aosta / Vallée d'Aoste
2020-12-30,PAB,361,167,194,320,41,0,0,361,0,ITH,ITH1,4,Provincia Autonoma Bolzano / Bozen
2021-01-20,MAR,398,99,299,146,62,190,0,386,12,ITI,ITI3,11,Marche
2021-01-03,LOM,852,316,536,710,137,4,1,852,0,ITC,ITC4,3,Lombardia
2021-01-12,CAM,5212,2562,2650,3438,1434,340,0,5212,0,ITF,ITF3,15,Campania
2021-01-15,PAT,571,124,447,448,31,92,0,571,0,ITH,ITH2,4,Provincia Autonoma Trento
2021-01-11,ABR,1551,557,994,1337,166,48,0,1551,0,ITF,ITF1,13,Abruzzo
2021-01-04,VDA,142,59,83,126,16,0,0,142,0,ITC,ITC2,2,Valle d'Aosta / Vallée d'Aoste
2021-01-29,VEN,8775,2720,6055,5911,1564,1297,3,310,8465,ITH,ITH3,5,Veneto
2021-01-25,MOL,319,130,189,317,2,0,0,3,316,ITF,ITF2,14,Molise
2021-01-29,CAM,10049,4811,5238,6403,3387,259,0,47,10002,ITF,ITF3,15,Campania
2021-01-12,SIC,4067,1967,2100,2652,1223,192,0,4067,0,ITG,ITG1,19,Sicilia
2021-01-05,PIE,5376,1602,3774,4362,729,285,0,5376,0,ITC,ITC1,1,Piemonte
2021-01-19,CAL,1088,482,606,832,180,76,0,1078,10,ITF,ITF6,18,Calabria
2021-01-27,TOS,4783,1550,3233,3985,74,724,0,196,4587,ITI,ITI1,9,Toscana
2021-01-09,BAS,558,161,397,281,210,67,0,558,0,ITF,ITF5,17,Basilicata
2020-12-30,PUG,2,0,2,1,1,0,0,2,0,ITF,ITF4,16,Puglia
2021-01-21,SIC,1284,631,653,971,185,128,0,481,803,ITG,ITG1,19,Sicilia
2021-01-05,LIG,2744,855,1889,2166,349,229,0,2744,0,ITC,ITC3,7,Liguria
2021-01-28,CAL,2002,984,1018,1701,301,0,0,84,1918,ITF,ITF6,18,Calabria
2021-01-07,LOM,11533,3586,7947,8039,2828,594,72,11533,0,ITC,ITC4,3,Lombardia
2021-01-26,LAZ,7600,2906,4694,6391,453,631,125,371,7229,ITI,ITI4,12,Lazio
2021-01-21,CAM,2091,1114,977,1378,638,75,0,676,1415,ITF,ITF3,15,Campania
2021-01-28,SAR,2952,1039,1913,2519,433,0,0,69,2883,ITG,ITG2,20,Sardegna
2021-01-07,FVG,2089,718,1371,1758,221,110,0,2089,0,ITH,ITH4,6,Friuli-Venezia Giulia
2021-01-18,BAS,456,155,301,358,56,42,0,357,99,ITF,ITF5,17,Basilicata
2021-01-13,ABR,1253,440,813,1103,150,0,0,1253,0,ITF,ITF1,13,Abruzzo
2021-01-16,UMB,220,72,148,145,32,43,0,220,0,ITI,ITI2,10,Umbria
2021-01-09,LAZ,6286,2556,3730,4920,746,620,0,6286,0,ITI,ITI4,12,Lazio
2021-01-05,TOS,5244,1755,3489,4354,11,879,0,5244,0,ITI,ITI1,9,Toscana
2021-01-02,PIE,3538,1134,2404,3072,413,53,0,3538,0,ITC,ITC1,1,Piemonte
2021-01-15,PUG,4435,1810,2625,3463,443,529,0,4435,0,ITF,ITF4,16,Puglia
2021-01-19,PIE,6387,2097,4290,3635,1312,1440,0,6285,102,ITC,ITC1,1,Piemonte
2021-01-03,MAR,896,348,548,759,137,0,0,896,0,ITI,ITI3,11,Marche
2021-01-21,LOM,4962,1472,3490,1678,3160,124,0,4277,685,ITC,ITC4,3,Lombardia
2021-01-14,PAT,690,199,491,469,19,202,0,690,0,ITH,ITH2,4,Provincia Autonoma Trento
2020-12-31,VEN,3224,1045,2179,2699,273,252,0,3224,0,ITH,ITH3,5,Veneto
2021-01-30,VDA,364,175,189,149,203,12,0,12,352,ITC,ITC2,2,Valle d'Aosta / Vallée d'Aoste
2021-01-02,SAR,60,21,39,60,0,0,0,60,0,ITG,ITG2,20,Sardegna
2020-12-28,CAL,1,0,1,1,0,0,0,1,0,ITF,ITF6,18,Calabria
2021-01-19,LIG,1174,397,777,492,430,252,0,1089,85,ITC,ITC3,7,Liguria
2021-01-27,MOL,674,251,423,373,92,209,0,8,666,ITF,ITF2,14,Molise
2021-01-13,VDA,282,94,188,134,148,0,0,282,0,ITC,ITC2,2,Valle d'Aosta / Vallée d'Aoste
2021-01-07,CAM,8904,4162,4742,6309,2263,332,0,8904,0,ITF,ITF3,15,Campania
2021-01-19,SAR,747,270,477,423,165,159,0,692,55,ITG,ITG2,20,Sardegna
2021-01-19,TOS,1102,529,573,392,221,489,0,1102,0,ITI,ITI1,9,Toscana
2020-12-31,PAT,1583,437,1146,812,105,666,0,1583,0,ITH,ITH2,4,Provincia Autonoma Trento
2021-01-29,MAR,1901,687,1214,1398,429,74,0,168,1733,ITI,ITI3,11,Marche
2021-01-14,VEN,6973,1884,5089,2909,1647,2400,17,6973,0,ITH,ITH3,5,Veneto
2021-01-04,UMB,809,397,412,808,1,0,0,809,0,ITI,ITI2,10,Umbria
2021-01-10,MOL,269,72,197,82,19,168,0,269,0,ITF,ITF2,14,Molise
2021-01-07,SIC,8653,3973,4680,7246,1201,206,0,8653,0,ITG,ITG1,19,Sicilia
2021-01-14,CAL,2485,1181,1304,1891,591,3,0,2485,0,ITF,ITF6,18,Calabria
2021-01-24,PUG,1659,744,915,1264,247,148,0,146,1513,ITF,ITF4,16,Puglia
2021-01-17,PAB,2276,1026,1250,54,263,4,1955,2264,12,ITH,ITH1,4,Provincia Autonoma Bolzano / Bozen
2021-01-21,FVG,891,345,546,860,31,0,0,0,891,ITH,ITH4,6,Friuli-Venezia Giulia
2021-01-02,LOM,199,72,127,177,22,0,0,199,0,ITC,ITC4,3,Lombardia
2021-01-13,BAS,913,384,529,573,192,148,0,913,0,ITF,ITF5,17,Basilicata
2021-01-14,LAZ,5196,1956,3240,3568,748,796,84,5196,0,ITI,ITI4,12,Lazio
2021-01-02,VEN,5742,1767,3975,4774,422,544,2,5742,0,ITH,ITH3,5,Veneto
2021-01-09,FVG,2512,840,1672,1518,404,590,0,2512,0,ITH,ITH4,6,Friuli-Venezia Giulia
2020-12-31,TOS,786,196,590,97,7,682,0,786,0,ITI,ITI1,9,Toscana
2021-01-15,PAB,2834,1029,1805,516,726,336,1256,2834,0,ITH,ITH1,4,Provincia Autonoma Bolzano / Bozen
2021-01-02,PAT,497,142,355,333,25,139,0,497,0,ITH,ITH2,4,Provincia Autonoma Trento
2021-01-07,PIE,5340,1722,3618,4136,880,324,0,5340,0,ITC,ITC1,1,Piemonte
2021-01-17,PUG,1286,582,704,808,151,327,0,1217,69,ITF,ITF4,16,Puglia
2021-01-28,LAZ,7954,2998,4956,6545,761,514,134,459,7495,ITI,ITI4,12,Lazio
2021-01-07,LIG,2926,1011,1915,1997,572,357,0,2926,0,ITC,ITC3,7,Liguria
2021-01-19,LOM,7502,2214,5288,2845,2926,1618,113,7026,476,ITC,ITC4,3,Lombardia
2021-01-19,PAT,402,77,325,324,42,36,0,402,0,ITH,ITH2,4,Provincia Autonoma Trento
2021-01-30,BAS,627,201,426,269,265,93,0,122,505,ITF,ITF5,17,Basilicata
2021-01-28,UMB,1240,392,848,891,4,345,0,19,1221,ITI,ITI2,10,Umbria
2021-01-25,VDA,147,65,82,125,16,6,0,0,147,ITC,ITC2,2,Valle d'Aosta / Vallée d'Aoste
2021-01-29,MOL,421,136,285,218,94,109,0,6,415,ITF,ITF2,14,Molise
2021-01-02,UMB,301,110,191,301,0,0,0,301,0,ITI,ITI2,10,Umbria
2021-01-07,SAR,3097,1073,2024,2691,406,0,0,3097,0,ITG,ITG2,20,Sardegna
2021-01-21,PIE,6694,2255,4439,4673,852,1169,0,3208,3486,ITC,ITC1,1,Piemonte
2021-01-29,PAB,1271,408,863,719,339,211,2,21,1250,ITH,ITH1,4,Provincia Autonoma Bolzano / Bozen
2021-01-03,PUG,2003,941,1062,1674,186,143,0,2003,0,ITF,ITF4,16,Puglia
2021-01-11,VDA,325,112,213,206,89,30,0,325,0,ITC,ITC2,2,Valle d'Aosta / Vallée d'Aoste
2021-01-10,MAR,1737,699,1038,1462,275,0,0,1737,0,ITI,ITI3,11,Marche
2021-01-24,LIG,747,232,515,624,63,60,0,115,632,ITC,ITC3,7,Liguria
2021-01-02,CAM,3674,1963,1711,3167,507,0,0,3674,0,ITF,ITF3,15,Campania
2021-01-27,ABR,1364,515,849,1301,63,0,0,39,1325,ITF,ITF1,13,Abruzzo
2021-01-14,TOS,3253,1179,2074,2458,475,320,0,3253,0,ITI,ITI1,9,Toscana
2021-01-24,MAR,879,338,541,762,117,0,0,17,862,ITI,ITI3,11,Marche
2021-01-19,VEN,1310,472,838,706,274,324,6,1161,149,ITH,ITH3,5,Veneto
2021-01-15,MOL,538,242,296,398,59,81,0,538,0,ITF,ITF2,14,Molise
2021-01-09,CAL,1877,1016,861,1490,387,0,0,1877,0,ITF,ITF6,18,Calabria
2021-01-02,SIC,4273,2222,2051,3753,520,0,0,4273,0,ITG,ITG1,19,Sicilia
2021-01-21,SAR,126,60,66,60,66,0,0,94,32,ITG,ITG2,20,Sardegna
2021-01-29,PUG,5900,2518,3382,5065,550,285,0,394,5506,ITF,ITF4,16,Puglia
2020-12-28,LAZ,516,228,288,515,1,0,0,516,0,ITI,ITI4,12,Lazio
2021-01-26,FVG,1969,647,1322,1437,152,380,0,211,1758,ITH,ITH4,6,Friuli-Venezia Giulia
2021-01-08,MOL,429,141,288,234,75,120,0,429,0,ITF,ITF2,14,Molise
2020-12-27,MAR,200,97,103,184,12,4,0,200,0,ITI,ITI3,11,Marche
2021-01-16,LAZ,5293,2052,3241,3149,624,1052,468,5293,0,ITI,ITI4,12,Lazio
2021-01-07,VEN,8356,2319,6037,5451,1101,1804,0,8356,0,ITH,ITH3,5,Veneto
2021-01-14,FVG,2573,782,1791,1605,539,429,0,2573,0,ITH,ITH4,6,Friuli-Venezia Giulia
2021-01-22,PUG,1407,576,831,874,161,372,0,992,415,ITF,ITF4,16,Puglia
2021-01-14,SIC,5000,2379,2621,2902,1846,252,0,5000,0,ITG,ITG1,19,Sicilia
2021-01-21,CAL,958,444,514,735,108,115,0,929,29,ITF,ITF6,18,Calabria
2021-01-07,PAT,1267,310,957,648,64,555,0,1267,0,ITH,ITH2,4,Provincia Autonoma Trento
2020-12-29,LIG,118,32,86,87,10,21,0,118,0,ITC,ITC3,7,Liguria
2021-01-10,PAB,2,2,0,1,1,0,0,2,0,ITH,ITH1,4,Provincia Autonoma Bolzano / Bozen
2021-01-05,PUG,5088,2240,2848,4445,543,95,5,5088,0,ITF,ITF4,16,Puglia
2021-01-28,CAM,8827,4122,4705,6211,2269,347,0,134,8693,ITF,ITF3,15,Campania
2021-01-09,PIE,6208,2192,4016,4493,1130,585,0,6208,0,ITC,ITC1,1,Piemonte
2020-12-31,FVG,1053,384,669,1011,42,0,0,1053,0,ITH,ITH4,6,Friuli-Venezia Giulia
2021-01-14,LOM,25210,7426,17784,10341,10027,4387,455,25210,0,ITC,ITC4,3,Lombardia
2021-01-28,SIC,9094,4273,4821,7250,1549,295,0,395,8699,ITG,ITG1,19,Sicilia
2021-01-12,LIG,2143,797,1346,1293,529,321,0,2143,0,ITC,ITC3,7,Liguria
2021-01-21,PAT,349,93,256,289,44,16,0,227,122,ITH,ITH2,4,Provincia Autonoma Trento
2020-12-27,PAB,143,65,78,136,6,0,1,143,0,ITH,ITH1,4,Provincia Autonoma Bolzano / Bozen
2021-01-20,ABR,447,156,291,147,96,204,0,445,2,ITF,ITF1,13,Abruzzo
2021-01-25,BAS,1018,426,592,660,357,1,0,74,944,ITF,ITF5,17,Basilicata
2021-01-23,UMB,277,100,177,276,1,0,0,2,275,ITI,ITI2,10,Umbria
2021-01-20,VDA,23,8,15,0,0,6,17,23,0,ITC,ITC2,2,Valle d'Aosta / Vallée d'Aoste
2021-01-28,FVG,2231,791,1440,1752,287,192,0,351,1880,ITH,ITH4,6,Friuli-Venezia Giulia
2021-01-21,VEN,2259,719,1540,1975,165,119,0,20,2239,ITH,ITH3,5,Veneto
2021-01-26,PIE,6320,1875,4445,4720,875,725,0,731,5589,ITC,ITC1,1,Piemonte
2021-01-26,TOS,5390,1790,3600,4356,84,950,0,218,5172,ITI,ITI1,9,Toscana
2020-12-31,SIC,821,445,376,771,50,0,0,821,0,ITG,ITG1,19,Sicilia
2021-01-06,VDA,65,33,32,28,19,18,0,65,0,ITC,ITC2,2,Valle d'Aosta / Vallée d'Aoste
2021-01-05,MAR,1562,586,976,1436,126,0,0,1562,0,ITI,ITI3,11,Marche
2021-01-09,SAR,4018,1414,2604,3118,900,0,0,4018,0,ITG,ITG2,20,Sardegna
2021-01-06,ABR,1830,664,1166,1546,151,133,0,1830,0,ITF,ITF1,13,Abruzzo
2021-01-11,BAS,182,65,117,78,63,41,0,182,0,ITF,ITF5,17,Basilicata
2021-01-14,UMB,772,205,567,699,36,37,0,772,0,ITI,ITI2,10,Umbria
2021-01-14,CAM,7073,2980,4093,3705,3023,345,0,7073,0,ITF,ITF3,15,Campania
2020-12-31,PIE,3879,1318,2561,3387,359,133,0,3879,0,ITC,ITC1,1,Piemonte
2021-01-26,SAR,1335,453,882,1291,44,0,0,27,1308,ITG,ITG2,20,Sardegna
2021-01-27,PAB,84,28,56,54,30,0,0,1,83,ITH,ITH1,4,Provincia Autonoma Bolzano / Bozen
2021-01-12,TOS,3580,1396,2184,2943,283,354,0,3580,0,ITI,ITI1,9,Toscana
2021-01-02,LAZ,6702,2628,4074,6240,104,358,0,6702,0,ITI,ITI4,12,Lazio
2021-01-26,LIG,2301,751,1550,1819,282,200,0,66,2235,ITC,ITC3,7,Liguria
2021-01-22,MAR,487,167,320,315,85,87,0,194,293,ITI,ITI3,11,Marche
2021-01-08,PAB,1471,467,1004,743,470,157,101,1471,0,ITH,ITH1,4,Provincia Autonoma Bolzano / Bozen
2021-01-26,SIC,9059,4464,4595,7977,848,234,0,233,8826,ITG,ITG1,19,Sicilia
2021-01-12,LOM,19252,6419,12833,10390,7400,1304,158,19252,0,ITC,ITC4,3,Lombardia
2020-12-31,LIG,948,334,614,715,52,153,28,948,0,ITC,ITC3,7,Liguria
2021-01-26,CAM,7293,3700,3593,5738,1333,222,0,352,6941,ITF,ITF3,15,Campania
2021-01-21,LAZ,5220,2098,3122,4700,163,232,125,196,5024,ITI,ITI4,12,Lazio
2021-01-02,FVG,1217,471,746,1150,67,0,0,1217,0,ITH,ITH4,6,Friuli-Venezia Giulia
2021-01-08,ABR,1525,507,1018,1487,38,0,0,1525,0,ITF,ITF1,13,Abruzzo
2021-01-12,VEN,5188,1509,3679,2199,1096,1727,166,5188,0,ITH,ITH3,5,Veneto
2021-01-21,UMB,607,200,407,426,13,168,0,338,269,ITI,ITI2,10,Umbria
2021-01-19,FVG,2,1,1,2,0,0,0,2,0,ITH,ITH4,6,Friuli-Venezia Giulia
2021-01-09,SIC,6985,3255,3730,4779,1774,432,0,6985,0,ITG,ITG1,19,Sicilia
2021-01-12,PAT,494,158,336,397,43,54,0,494,0,ITH,ITH2,4,Provincia Autonoma Trento
2021-01-16,CAL,2367,1108,1259,1639,487,241,0,2367,0,ITF,ITF6,18,Calabria
2020-12-27,MOL,50,20,30,29,4,17,0,50,0,ITF,ITF2,14,Molise
2021-01-14,PIE,9737,3144,6593,6163,2094,1480,0,9737,0,ITC,ITC1,1,Piemonte
2021-01-10,PUG,2331,1051,1280,1869,292,170,0,2331,0,ITF,ITF4,16,Puglia
2021-01-26,PAT,498,138,360,398,16,84,0,26,472,ITH,ITH2,4,Provincia Autonoma Trento
2021-01-17,LIG,559,258,301,152,291,116,0,559,0,ITC,ITC3,7,Liguria
2020-12-31,SAR,32,16,16,28,4,0,0,32,0,ITG,ITG2,20,Sardegna
2021-01-26,LOM,7950,2611,5339,6368,1485,93,4,303,7647,ITC,ITC4,3,Lombardia
2021-01-25,ABR,1603,632,971,1583,20,0,0,20,1583,ITF,ITF1,13,Abruzzo
2021-01-20,BAS,84,22,62,0,84,0,0,84,0,ITF,ITF5,17,Basilicata
2021-01-26,VEN,6901,2080,4821,5247,693,961,0,157,6744,ITH,ITH3,5,Veneto
2021-01-02,CAL,165,94,71,165,0,0,0,165,0,ITF,ITF6,18,Calabria
2021-01-28,PIE,5398,1761,3637,4013,852,533,0,349,5049,ITC,ITC1,1,Piemonte
2020-12-27,PUG,506,249,257,400,43,63,0,506,0,ITF,ITF4,16,Puglia
2021-01-22,MOL,126,35,91,21,32,73,0,126,0,ITF,ITF2,14,Molise
2021-01-18,VDA,213,74,139,29,111,27,46,213,0,ITC,ITC2,2,Valle d'Aosta / Vallée d'Aoste
2021-01-14,SAR,1104,426,678,880,224,0,0,1104,0,ITG,ITG2,20,Sardegna
2021-01-24,TOS,3347,1072,2275,2601,37,709,0,199,3148,ITI,ITI1,9,Toscana
2021-01-06,BAS,294,129,165,140,118,36,0,294,0,ITF,ITF5,17,Basilicata
2021-01-09,UMB,1694,487,1207,884,12,798,0,1694,0,ITI,ITI2,10,Umbria
2021-01-09,CAM,10561,5022,5539,6757,3535,269,0,10561,0,ITF,ITF3,15,Campania
2021-01-22,PAB,225,132,93,52,85,85,3,124,101,ITH,ITH1,4,Provincia Autonoma Bolzano / Bozen
2021-01-07,LAZ,7718,2890,4828,6752,400,566,0,7718,0,ITI,ITI4,12,Lazio
2021-01-17,MAR,1598,682,916,964,588,46,0,1549,49,ITI,ITI3,11,Marche
2021-01-07,TOS,6003,1746,4257,5303,30,670,0,6003,0,ITI,ITI1,9,Toscana
2020-12-31,LOM,713,300,413,656,57,0,0,713,0,ITC,ITC4,3,Lombardia
2020-12-27,EMR,970,374,596,769,175,26,0,970,0,ITH,ITH5,8,Emilia-Romagna
2020-12-31,EMR,2158,758,1400,1638,201,319,0,2158,0,ITH,ITH5,8,Emilia-Romagna
2021-01-02,EMR,2351,905,1446,2066,87,198,0,2351,0,ITH,ITH5,8,Emilia-Romagna
2021-01-03,EMR,2738,939,1799,2477,91,170,0,2738,0,ITH,ITH5,8,Emilia-Romagna
2021-01-04,EMR,7239,2510,4729,6004,688,547,0,7239,0,ITH,ITH5,8,Emilia-Romagna
2021-01-05,EMR,9286,3161,6125,7662,885,739,0,9286,0,ITH,ITH5,8,Emilia-Romagna
2021-01-06,EMR,8268,2945,5323,6583,1032,653,0,8268,0,ITH,ITH5,8,Emilia-Romagna
2021-01-07,EMR,10224,3389,6835,7793,1374,1057,0,10224,0,ITH,ITH5,8,Emilia-Romagna
2021-01-08,EMR,10772,3552,7220,7968,1747,1057,0,10772,0,ITH,ITH5,8,Emilia-Romagna
2021-01-09,EMR,9780,3397,6383,7307,1614,859,0,9780,0,ITH,ITH5,8,Emilia-Romagna
2021-01-10,EMR,7098,2653,4445,5174,1441,483,0,7098,0,ITH,ITH5,8,Emilia-Romagna
2021-01-11,EMR,9217,3243,5974,6200,1840,1177,0,9217,0,ITH,ITH5,8,Emilia-Romagna
2021-01-12,EMR,9276,3074,6202,5948,1724,1604,0,9276,0,ITH,ITH5,8,Emilia-Romagna
2021-01-13,EMR,8984,2914,6070,5544,1793,1647,0,8984,0,ITH,ITH5,8,Emilia-Romagna
2021-01-14,EMR,8007,2547,5460,4947,1528,1532,0,8007,0,ITH,ITH5,8,Emilia-Romagna
2021-01-15,EMR,7381,2283,5098,4836,1335,1210,0,7381,0,ITH,ITH5,8,Emilia-Romagna
2021-01-16,EMR,5416,1668,3748,3382,1105,929,0,5409,7,ITH,ITH5,8,Emilia-Romagna
2021-01-17,EMR,2756,866,1890,1668,675,413,0,2507,249,ITH,ITH5,8,Emilia-Romagna
2021-01-18,EMR,2682,791,1891,1571,367,744,0,2007,675,ITH,ITH5,8,Emilia-Romagna
2021-01-19,EMR,1917,463,1454,674,173,1070,0,1899,18,ITH,ITH5,8,Emilia-Romagna
2021-01-20,EMR,1124,226,898,364,136,624,0,1123,1,ITH,ITH5,8,Emilia-Romagna
2021-01-21,EMR,1981,683,1298,1215,215,551,0,666,1315,ITH,ITH5,8,Emilia-Romagna
2021-01-22,EMR,1677,440,1237,894,172,611,0,937,740,ITH,ITH5,8,Emilia-Romagna
2021-01-23,EMR,2406,862,1544,1890,120,396,0,404,2002,ITH,ITH5,8,Emilia-Romagna
2021-01-24,EMR,2441,883,1558,2066,125,250,0,300,2141,ITH,ITH5,8,Emilia-Romagna
2021-01-25,EMR,6311,2098,4213,4978,669,664,0,221,6090,ITH,ITH5,8,Emilia-Romagna
2021-01-26,EMR,8323,3000,5323,6262,1029,1032,0,219,8104,ITH,ITH5,8,Emilia-Romagna
2021-01-27,EMR,8236,2914,5322,6467,1149,620,0,428,7808,ITH,ITH5,8,Emilia-Romagna
2021-01-28,EMR,10029,3281,6748,7530,1486,1013,0,322,9707,ITH,ITH5,8,Emilia-Romagna
2021-01-29,EMR,10170,3433,6737,7405,1851,914,0,266,9904,ITH,ITH5,8,Emilia-Romagna
2021-01-30,EMR,7994,2719,5275,5769,1605,620,0,107,7887,ITH,ITH5,8,Emilia-Romagna
