data_somministrazione,area,totale,sesso_maschile,sesso_femminile,categoria_operatori_sanitari_sociosanitari,categoria_personale_non_sanitario,categoria_ospiti_rsa,categoria_over80,categoria_forze_armate,categoria_personale_scolastico,prima_dose,seconda_dose,codice_NUTS1,codice_NUTS2,codice_regione_ISTAT,nome_area
2021-02-01,PIE,8639,3053,5586,6163,1402,1074,0,0,0,578,8061,ITC,ITC1,1,Piemonte
2021-02-01,UMB,1260,333,927,876,32,352,0,0,0,47,1213,ITI,ITI2,10,Umbria
2020-12-31,LOM,713,300,413,656,57,0,0,0,0,713,0,ITC,ITC4,3,Lombardia
2021-01-04,PAB,469,191,278,397,72,0,0,0,0,469,0,ITH,ITH1,4,Provincia Autonoma Bolzano / Bozen
2021-01-30,CAL,2173,1147,1026,1974,199,0,0,0,0,358,1815,ITF,ITF6,18,Calabria
2021-02-28,LOM,7744,3200,4544,1060,2251,76,4244,82,31,7529,215,ITC,ITC4,3,Lombardia
2021-02-23,MOL,527,202,325,136,42,8,340,0,1,362,165,ITF,ITF2,14,Molise
2021-01-27,LAZ,5768,2170,3598,4797,385,457,129,0,0,651,5117,ITI,ITI4,12,Lazio
2021-02-28,MAR,2835,1250,1585,19,18,0,2794,2,2,2829,6,ITI,ITI3,11,Marche
2021-02-19,PIE,5355,2011,3344,1981,1605,663,30,0,1076,4836,519,ITC,ITC1,1,Piemonte
2021-01-04,TOS,5063,1893,3170,4099,32,932,0,0,0,5063,0,ITI,ITI1,9,Toscana
2021-03-03,TOS,11208,3910,7298,2603,749,55,5145,447,2209,8433,2775,ITI,ITI1,9,Toscana
2021-01-25,UMB,647,322,325,645,2,0,0,0,0,5,642,ITI,ITI2,10,Umbria
2021-01-17,EMR,2889,887,2002,1913,425,547,0,0,4,2643,246,ITH,ITH5,8,Emilia-Romagna
2021-01-24,PUG,1668,749,919,1286,231,150,1,0,0,152,1516,ITF,ITF4,16,Puglia
2021-02-17,SIC,5426,3290,2136,1527,1126,880,8,1883,2,4754,672,ITG,ITG1,19,Sicilia
2021-01-07,LIG,3108,1056,2052,2260,417,426,0,1,4,3108,0,ITC,ITC3,7,Liguria
2021-02-15,LOM,8536,2997,5539,5625,1953,951,4,1,2,8116,420,ITC,ITC4,3,Lombardia
2021-01-14,PAT,696,201,495,477,11,208,0,0,0,696,0,ITH,ITH2,4,Provincia Autonoma Trento
2020-12-31,EMR,2205,776,1429,1675,203,327,0,0,0,2205,0,ITH,ITH5,8,Emilia-Romagna
2021-01-12,CAM,5214,2563,2651,3439,1435,340,0,0,0,5214,0,ITF,ITF3,15,Campania
2021-01-12,CAL,2058,1017,1041,1706,323,29,0,0,0,2058,0,ITF,ITF6,18,Calabria
2021-01-17,ABR,187,59,128,136,51,0,0,0,0,180,7,ITF,ITF1,13,Abruzzo
2021-01-08,LIG,2871,976,1895,2033,403,430,0,1,4,2871,0,ITC,ITC3,7,Liguria
2021-02-05,PIE,9448,3076,6372,5763,2041,1644,0,0,0,657,8791,ITC,ITC1,1,Piemonte
2021-01-02,UMB,301,110,191,301,0,0,0,0,0,301,0,ITI,ITI2,10,Umbria
2021-01-24,FVG,305,119,186,277,27,1,0,0,0,1,304,ITH,ITH4,6,Friuli-Venezia Giulia
2021-02-10,LAZ,7772,3112,4660,2646,580,633,3913,0,0,4837,2935,ITI,ITI4,12,Lazio
2021-02-19,CAM,9554,3557,5997,1647,1128,161,4453,0,2165,8904,650,ITF,ITF3,15,Campania
2021-01-30,PAT,383,130,253,345,7,31,0,0,0,151,232,ITH,ITH2,4,Provincia Autonoma Trento
2021-02-20,PAB,1502,471,1031,196,124,24,469,1,688,1484,18,ITH,ITH1,4,Provincia Autonoma Bolzano / Bozen
2021-01-31,LAZ,4279,1783,2496,3572,339,244,124,0,0,296,3983,ITI,ITI4,12,Lazio
2021-02-20,TOS,4640,1790,2850,3349,1038,203,17,15,18,4127,513,ITI,ITI1,9,Toscana
2021-02-28,ABR,1705,510,1195,23,34,0,79,149,1420,1703,2,ITF,ITF1,13,Abruzzo
2021-01-11,UMB,1271,336,935,878,20,373,0,0,0,1271,0,ITI,ITI2,10,Umbria
2021-02-18,LOM,13627,4787,8840,5946,1945,1531,3335,857,13,12629,998,ITC,ITC4,3,Lombardia
2021-01-07,PAB,892,317,575,613,227,0,52,0,0,892,0,ITH,ITH1,4,Provincia Autonoma Bolzano / Bozen
2021-01-13,MOL,474,160,314,256,73,144,0,0,1,474,0,ITF,ITF2,14,Molise
2021-01-02,VEN,5740,1765,3975,4796,398,544,2,0,0,5740,0,ITH,ITH3,5,Veneto
2021-01-26,BAS,794,350,444,481,278,35,0,0,0,102,692,ITF,ITF5,17,Basilicata
2021-01-08,LOM,12590,3893,8697,8634,3704,218,32,2,0,12590,0,ITC,ITC4,3,Lombardia
2021-01-30,PUG,5523,2511,3012,4747,348,419,3,0,6,412,5111,ITF,ITF4,16,Puglia
2021-02-21,LOM,5003,1850,3153,1736,1010,32,2182,40,3,4983,20,ITC,ITC4,3,Lombardia
2020-12-30,LOM,113,42,71,105,8,0,0,0,0,113,0,ITC,ITC4,3,Lombardia
2021-01-19,TOS,1104,531,573,392,221,491,0,0,0,1104,0,ITI,ITI1,9,Toscana
2021-02-13,LAZ,6270,2434,3836,2122,213,279,3656,0,0,6182,88,ITI,ITI4,12,Lazio
2021-01-31,BAS,77,24,53,75,2,0,0,0,0,0,77,ITF,ITF5,17,Basilicata
2021-02-20,PIE,3691,1219,2472,1035,1050,218,30,0,1358,3516,175,ITC,ITC1,1,Piemonte
2021-01-14,FVG,2587,788,1799,1607,550,430,0,0,0,2587,0,ITH,ITH4,6,Friuli-Venezia Giulia
2021-02-20,UMB,282,100,182,83,8,39,152,0,0,258,24,ITI,ITI2,10,Umbria
2021-01-01,CAM,919,506,413,831,88,0,0,0,0,919,0,ITF,ITF3,15,Campania
2021-01-23,ABR,263,114,149,223,14,26,0,0,0,57,206,ITF,ITF1,13,Abruzzo
2021-01-31,SIC,4111,1958,2153,2600,1216,295,0,0,0,113,3998,ITG,ITG1,19,Sicilia
2021-02-13,TOS,7783,2360,5423,3665,3768,163,0,186,1,7556,227,ITI,ITI1,9,Toscana
2021-02-11,CAM,6275,2703,3572,1861,1922,129,2363,0,0,6209,66,ITF,ITF3,15,Campania
2021-02-19,LIG,3016,1247,1769,921,591,97,1406,0,1,2842,174,ITC,ITC3,7,Liguria
2021-02-01,PAB,1385,404,981,706,382,296,0,0,1,11,1374,ITH,ITH1,4,Provincia Autonoma Bolzano / Bozen
2021-01-02,SAR,60,21,39,60,0,0,0,0,0,60,0,ITG,ITG2,20,Sardegna
2021-02-09,ABR,908,311,597,612,165,131,0,0,0,499,409,ITF,ITF1,13,Abruzzo
2021-02-27,FVG,3410,1174,2236,202,171,0,1520,25,1492,3410,0,ITH,ITH4,6,Friuli-Venezia Giulia
2021-01-21,PAT,349,93,256,318,15,16,0,0,0,227,122,ITH,ITH2,4,Provincia Autonoma Trento
2021-02-01,TOS,5465,1942,3523,4441,407,617,0,0,0,521,4944,ITI,ITI1,9,Toscana
2021-02-02,MOL,486,155,331,295,63,128,0,0,0,163,323,ITF,ITF2,14,Molise
2021-02-16,MAR,1291,475,816,736,463,92,0,0,0,1261,30,ITI,ITI3,11,Marche
2021-02-04,ABR,1681,616,1065,1168,456,57,0,0,0,609,1072,ITF,ITF1,13,Abruzzo
2021-02-25,LAZ,12571,5492,7079,1753,1209,488,5087,1423,2611,11525,1046,ITI,ITI4,12,Lazio
2021-02-10,SIC,4427,1817,2610,1975,1712,740,0,0,0,4002,425,ITG,ITG1,19,Sicilia
2021-02-09,LOM,11846,3247,8599,5617,2313,3841,75,0,0,3892,7954,ITC,ITC4,3,Lombardia
2021-02-25,TOS,10308,4106,6202,1074,1696,215,3117,1007,3199,9317,991,ITI,ITI1,9,Toscana
2021-02-24,VDA,183,82,101,30,15,13,65,53,7,164,19,ITC,ITC2,2,Valle d'Aosta / Vallée d'Aoste
2021-02-07,EMR,4786,1534,3252,3680,649,444,10,0,3,1727,3059,ITH,ITH5,8,Emilia-Romagna
2021-01-23,MAR,557,190,367,440,54,63,0,0,0,123,434,ITI,ITI3,11,Marche
2021-01-26,LAZ,7602,2907,4695,6590,256,631,125,0,0,372,7230,ITI,ITI4,12,Lazio
2021-01-02,FVG,1217,471,746,1150,67,0,0,0,0,1217,0,ITH,ITH4,6,Friuli-Venezia Giulia
2021-01-24,PAT,545,274,271,533,12,0,0,0,0,222,323,ITH,ITH2,4,Provincia Autonoma Trento
2021-01-14,PUG,4055,1581,2474,3160,396,497,0,0,2,4055,0,ITF,ITF4,16,Puglia
2021-02-18,LIG,2712,1105,1607,901,446,349,1013,0,3,2386,326,ITC,ITC3,7,Liguria
2021-02-10,BAS,542,237,305,176,153,122,90,0,1,490,52,ITF,ITF5,17,Basilicata
2021-01-29,VDA,316,138,178,259,41,16,0,0,0,2,314,ITC,ITC2,2,Valle d'Aosta / Vallée d'Aoste
2021-02-06,TOS,4527,1550,2977,3725,575,227,0,0,0,1294,3233,ITI,ITI1,9,Toscana
2021-01-29,BAS,612,228,384,277,265,70,0,0,0,63,549,ITF,ITF5,17,Basilicata
2021-01-03,TOS,3336,1052,2284,2565,9,762,0,0,0,3336,0,ITI,ITI1,9,Toscana
2020-12-28,SAR,65,25,40,65,0,0,0,0,0,65,0,ITG,ITG2,20,Sardegna
2021-02-26,SAR,2786,1103,1683,1220,1065,218,204,74,5,2479,307,ITG,ITG2,20,Sardegna
2021-02-07,BAS,373,159,214,259,74,40,0,0,0,49,324,ITF,ITF5,17,Basilicata
2021-01-20,LAZ,4360,1648,2712,3251,398,425,286,0,0,2848,1512,ITI,ITI4,12,Lazio
2021-03-02,LAZ,16433,7117,9316,1780,1421,223,7977,1278,3754,12514,3919,ITI,ITI4,12,Lazio
2021-02-06,PAB,2298,1025,1273,447,375,6,1470,0,0,18,2280,ITH,ITH1,4,Provincia Autonoma Bolzano / Bozen
2021-03-03,PUG,8245,3265,4980,1358,671,124,2137,498,3457,6903,1342,ITF,ITF4,16,Puglia
2021-01-13,SAR,573,178,395,494,79,0,0,0,0,573,0,ITG,ITG2,20,Sardegna
2021-02-15,ABR,1793,830,963,625,487,221,214,246,0,1751,42,ITF,ITF1,13,Abruzzo
2021-01-18,CAM,957,399,558,576,194,187,0,0,0,713,244,ITF,ITF3,15,Campania
2021-02-23,SAR,1552,1043,509,601,519,89,6,337,0,1278,274,ITG,ITG2,20,Sardegna
2020-12-29,LIG,120,32,88,88,11,21,0,0,0,120,0,ITC,ITC3,7,Liguria
2021-01-02,MAR,453,139,314,444,9,0,0,0,0,453,0,ITI,ITI3,11,Marche
2021-02-19,LOM,13662,5259,8403,5345,1826,1027,4519,927,18,13050,612,ITC,ITC4,3,Lombardia
2021-02-26,TOS,9781,3619,6162,1557,1702,259,1761,939,3563,8575,1206,ITI,ITI1,9,Toscana
2021-02-22,CAM,10533,3255,7278,510,2275,76,3856,0,3816,10271,262,ITF,ITF3,15,Campania
2021-01-30,EMR,10035,3507,6528,7560,1706,769,0,0,0,143,9892,ITH,ITH5,8,Emilia-Romagna
2021-01-10,LAZ,4039,1700,2339,3424,363,252,0,0,0,4039,0,ITI,ITI4,12,Lazio
2021-02-03,PAB,1445,457,988,615,441,321,68,0,0,5,1440,ITH,ITH1,4,Provincia Autonoma Bolzano / Bozen
2021-01-13,PUG,4529,1724,2805,3963,334,230,0,0,2,4529,0,ITF,ITF4,16,Puglia
2021-02-24,BAS,1782,737,1045,85,28,2,1666,1,0,1713,69,ITF,ITF5,17,Basilicata
2021-02-23,PUG,9018,4272,4746,1746,476,156,5234,396,1010,8560,458,ITF,ITF4,16,Puglia
2021-02-15,MAR,973,413,560,544,428,1,0,0,0,960,13,ITI,ITI3,11,Marche
2021-02-05,UMB,780,234,546,645,51,84,0,0,0,18,762,ITI,ITI2,10,Umbria
2021-01-19,PIE,6411,2098,4313,3575,1300,1536,0,0,0,6398,13,ITC,ITC1,1,Piemonte
2021-02-11,LIG,1842,708,1134,1128,256,452,0,0,6,992,850,ITC,ITC3,7,Liguria
2021-01-07,FVG,2091,718,1373,1759,222,110,0,0,0,2091,0,ITH,ITH4,6,Friuli-Venezia Giulia
2021-01-19,UMB,103,23,80,21,2,80,0,0,0,103,0,ITI,ITI2,10,Umbria
2021-01-11,EMR,9323,3266,6057,6573,1483,1267,0,0,0,9323,0,ITH,ITH5,8,Emilia-Romagna
2021-01-08,FVG,2322,747,1575,1680,246,396,0,0,0,2322,0,ITH,ITH4,6,Friuli-Venezia Giulia
2021-01-16,CAM,3370,1675,1695,1356,1641,373,0,0,0,3370,0,ITF,ITF3,15,Campania
2021-01-06,CAM,7652,3749,3903,5781,1571,300,0,0,0,7652,0,ITF,ITF3,15,Campania
2021-01-01,LIG,144,55,89,139,5,0,0,0,0,144,0,ITC,ITC3,7,Liguria
2021-01-12,LOM,19686,6561,13125,10938,7210,1377,158,3,0,19686,0,ITC,ITC4,3,Lombardia
2021-02-03,TOS,4221,1452,2769,3475,240,505,1,0,0,241,3980,ITI,ITI1,9,Toscana
2021-01-25,EMR,6411,2127,4284,5229,504,678,0,0,0,220,6191,ITH,ITH5,8,Emilia-Romagna
2021-01-22,TOS,2861,1063,1798,2022,81,758,0,0,0,525,2336,ITI,ITI1,9,Toscana
2021-02-26,PAB,1048,400,648,51,136,1,846,0,14,1018,30,ITH,ITH1,4,Provincia Autonoma Bolzano / Bozen
2021-02-05,VEN,8359,2532,5827,4258,1928,2158,7,5,3,1421,6938,ITH,ITH3,5,Veneto
2021-02-08,CAM,5111,2448,2663,1387,2120,226,1378,0,0,4309,802,ITF,ITF3,15,Campania
2021-02-12,TOS,7603,2682,4921,3740,3272,189,0,402,0,7390,213,ITI,ITI1,9,Toscana
2021-01-07,SAR,3111,1077,2034,2720,380,0,0,11,0,3111,0,ITG,ITG2,20,Sardegna
2021-02-25,CAL,2812,1510,1302,736,636,234,862,340,4,2233,579,ITF,ITF6,18,Calabria
2021-01-22,PAB,241,138,103,129,23,85,3,0,1,124,117,ITH,ITH1,4,Provincia Autonoma Bolzano / Bozen
2021-01-16,PIE,7756,2631,5125,4796,1590,1370,0,0,0,7756,0,ITC,ITC1,1,Piemonte
2021-02-13,PIE,4142,1332,2810,2304,721,1111,1,0,5,2917,1225,ITC,ITC1,1,Piemonte
2021-01-18,PIE,6144,2042,4102,3233,1402,1509,0,0,0,5896,248,ITC,ITC1,1,Piemonte
2021-01-21,ABR,157,47,110,10,6,141,0,0,0,157,0,ITF,ITF1,13,Abruzzo
2021-02-26,UMB,653,250,403,381,71,40,154,4,3,645,8,ITI,ITI2,10,Umbria
2021-01-07,UMB,1291,383,908,883,4,404,0,0,0,1291,0,ITI,ITI2,10,Umbria
2021-01-13,VEN,5975,1600,4375,2790,1302,1880,3,0,0,5975,0,ITH,ITH3,5,Veneto
2021-02-21,VDA,18,3,15,0,0,18,0,0,0,0,18,ITC,ITC2,2,Valle d'Aosta / Vallée d'Aoste
2020-12-27,MOL,50,20,30,29,4,17,0,0,0,50,0,ITF,ITF2,14,Molise
2021-01-01,LOM,24,7,17,21,3,0,0,0,0,24,0,ITC,ITC4,3,Lombardia
2021-01-09,VDA,443,199,244,225,196,22,0,0,0,443,0,ITC,ITC2,2,Valle d'Aosta / Vallée d'Aoste
2021-01-21,EMR,2150,725,1425,1281,216,653,0,0,0,809,1341,ITH,ITH5,8,Emilia-Romagna
2021-02-03,PIE,10146,3293,6853,6614,2298,1234,0,0,0,610,9536,ITC,ITC1,1,Piemonte
2021-02-03,UMB,725,174,551,560,37,128,0,0,0,67,658,ITI,ITI2,10,Umbria
2021-01-21,VDA,33,12,21,0,0,33,0,0,0,33,0,ITC,ITC2,2,Valle d'Aosta / Vallée d'Aoste
2021-02-12,PIE,6839,2177,4662,3520,1616,1701,0,0,2,3882,2957,ITC,ITC1,1,Piemonte
2021-02-16,VDA,325,53,272,10,58,12,5,4,236,320,5,ITC,ITC2,2,Valle d'Aosta / Vallée d'Aoste
2021-02-05,PAB,2789,1036,1753,641,677,394,1077,0,0,6,2783,ITH,ITH1,4,Provincia Autonoma Bolzano / Bozen
2021-03-03,PAT,1248,508,740,22,22,0,1159,1,44,745,503,ITH,ITH2,4,Provincia Autonoma Trento
2021-01-07,VEN,8361,2321,6040,5467,1087,1807,0,0,0,8361,0,ITH,ITH3,5,Veneto
2021-02-21,MAR,377,142,235,204,115,57,0,0,1,376,1,ITI,ITI3,11,Marche
2021-02-26,VEN,7811,3042,4769,1568,1051,507,4382,30,273,6634,1177,ITH,ITH3,5,Veneto
2021-01-04,PIE,5562,1678,3884,4590,737,235,0,0,0,5562,0,ITC,ITC1,1,Piemonte
2021-01-04,UMB,809,397,412,808,1,0,0,0,0,809,0,ITI,ITI2,10,Umbria
2021-01-19,PAB,810,349,461,170,65,0,575,0,0,680,130,ITH,ITH1,4,Provincia Autonoma Bolzano / Bozen
2021-01-21,LOM,5313,1562,3751,1869,3181,260,2,0,1,4626,687,ITC,ITC4,3,Lombardia
2021-02-11,CAL,2335,1042,1293,1458,636,241,0,0,0,1081,1254,ITF,ITF6,18,Calabria
2021-01-13,PAT,420,123,297,391,6,23,0,0,0,420,0,ITH,ITH2,4,Provincia Autonoma Trento
2021-02-18,FVG,3206,1485,1721,229,139,331,1495,34,978,2800,406,ITH,ITH4,6,Friuli-Venezia Giulia
2021-02-19,FVG,3247,1287,1960,564,322,312,1586,35,428,2818,429,ITH,ITH4,6,Friuli-Venezia Giulia
2021-01-18,LIG,2090,723,1367,1223,419,438,0,0,10,1940,150,ITC,ITC3,7,Liguria
2021-02-05,SAR,1897,749,1148,1214,515,164,1,3,0,433,1464,ITG,ITG2,20,Sardegna
2021-02-06,UMB,396,138,258,333,47,16,0,0,0,34,362,ITI,ITI2,10,Umbria
2021-01-17,BAS,328,133,195,96,178,54,0,0,0,327,1,ITF,ITF5,17,Basilicata
2021-01-10,SIC,3618,1615,2003,2126,1028,464,0,0,0,3618,0,ITG,ITG1,19,Sicilia
2021-01-16,LIG,1262,547,715,739,223,299,0,0,1,1262,0,ITC,ITC3,7,Liguria
2021-02-22,LIG,3293,1445,1848,696,210,226,2159,0,2,3155,138,ITC,ITC3,7,Liguria
2021-02-07,VDA,292,120,172,110,72,0,105,2,3,190,102,ITC,ITC2,2,Valle d'Aosta / Vallée d'Aoste
2021-02-23,VEN,7140,3130,4010,824,520,206,5372,69,149,6881,259,ITH,ITH3,5,Veneto
2021-02-23,PAT,1086,389,697,271,20,17,727,3,48,875,211,ITH,ITH2,4,Provincia Autonoma Trento
2021-02-21,ABR,1220,551,669,2,4,3,1209,2,0,1219,1,ITF,ITF1,13,Abruzzo
2021-01-03,PIE,3061,966,2095,2714,295,52,0,0,0,3061,0,ITC,ITC1,1,Piemonte
2021-02-24,PUG,9190,4322,4868,1817,700,116,5736,361,460,8605,585,ITF,ITF4,16,Puglia
2021-02-17,SAR,1385,564,821,679,369,312,0,25,0,1310,75,ITG,ITG2,20,Sardegna
2021-01-29,CAM,10052,4812,5240,6405,3388,259,0,0,0,47,10005,ITF,ITF3,15,Campania
2020-12-27,CAL,275,150,125,274,1,0,0,0,0,275,0,ITF,ITF6,18,Calabria
2021-01-29,PUG,6186,2657,3529,5462,433,288,0,0,3,436,5750,ITF,ITF4,16,Puglia
2021-01-06,UMB,843,323,520,840,3,0,0,0,0,843,0,ITI,ITI2,10,Umbria
2021-01-22,SAR,83,47,36,45,38,0,0,0,0,55,28,ITG,ITG2,20,Sardegna
2021-01-22,ABR,118,57,61,2,4,112,0,0,0,118,0,ITF,ITF1,13,Abruzzo
2021-01-05,LIG,2841,886,1955,2269,303,262,0,0,7,2841,0,ITC,ITC3,7,Liguria
2021-03-02,TOS,10320,3651,6669,3166,1024,118,1748,752,3512,6886,3434,ITI,ITI1,9,Toscana
2021-01-21,BAS,30,10,20,0,30,0,0,0,0,30,0,ITF,ITF5,17,Basilicata
2021-02-03,MAR,2124,741,1383,1344,614,166,0,0,0,119,2005,ITI,ITI3,11,Marche
2021-01-22,EMR,1828,477,1351,941,165,722,0,0,0,1089,739,ITH,ITH5,8,Emilia-Romagna
2021-02-08,FVG,2354,693,1661,1399,521,434,0,0,0,91,2263,ITH,ITH4,6,Friuli-Venezia Giulia
2021-02-09,MOL,359,170,189,161,88,110,0,0,0,197,162,ITF,ITF2,14,Molise
2021-01-10,MOL,270,72,198,82,19,169,0,0,0,270,0,ITF,ITF2,14,Molise
2021-01-31,MOL,268,70,198,85,18,164,0,0,1,6,262,ITF,ITF2,14,Molise
2021-02-13,PAT,536,333,203,373,5,0,158,0,0,171,365,ITH,ITH2,4,Provincia Autonoma Trento
2021-02-26,ABR,3919,1671,2248,1025,565,160,1650,257,262,2950,969,ITF,ITF1,13,Abruzzo
2021-03-03,SAR,2893,1676,1217,792,549,323,561,667,1,1991,902,ITG,ITG2,20,Sardegna
2021-02-12,PUG,4088,1624,2464,2929,451,690,3,10,5,2997,1091,ITF,ITF4,16,Puglia
2021-02-16,SAR,699,288,411,373,212,114,0,0,0,670,29,ITG,ITG2,20,Sardegna
2021-03-01,PAB,736,161,575,0,74,0,0,0,662,736,0,ITH,ITH1,4,Provincia Autonoma Bolzano / Bozen
2021-01-22,LOM,2889,814,2075,1081,1658,142,6,0,2,2837,52,ITC,ITC4,3,Lombardia
2021-01-15,MAR,1771,500,1271,985,420,366,0,0,0,1771,0,ITI,ITI3,11,Marche
2021-02-27,PIE,12149,4641,7508,711,964,232,7284,0,2958,11810,339,ITC,ITC1,1,Piemonte
2021-01-30,VDA,436,202,234,232,192,12,0,0,0,13,423,ITC,ITC2,2,Valle d'Aosta / Vallée d'Aoste
2021-01-12,ABR,1804,666,1138,1470,334,0,0,0,0,1804,0,ITF,ITF1,13,Abruzzo
2021-02-16,PAB,528,205,323,10,7,0,511,0,0,528,0,ITH,ITH1,4,Provincia Autonoma Bolzano / Bozen
2021-01-08,MOL,429,141,288,244,65,120,0,0,0,429,0,ITF,ITF2,14,Molise
2021-03-01,VEN,9195,3576,5619,1978,1105,846,2627,153,2486,7371,1824,ITH,ITH3,5,Veneto
2021-01-04,MAR,1500,563,937,1290,199,11,0,0,0,1500,0,ITI,ITI3,11,Marche
2021-02-12,ABR,968,319,649,438,220,310,0,0,0,779,189,ITF,ITF1,13,Abruzzo
2021-01-03,MAR,896,348,548,759,137,0,0,0,0,896,0,ITI,ITI3,11,Marche
2021-01-24,TOS,3348,1072,2276,2601,37,709,1,0,0,200,3148,ITI,ITI1,9,Toscana
2021-01-09,SAR,4026,1417,2609,3181,845,0,0,0,0,4026,0,ITG,ITG2,20,Sardegna
2021-02-08,LOM,9683,2829,6854,5147,2196,2287,53,0,0,2062,7621,ITC,ITC4,3,Lombardia
2021-01-15,LIG,2198,736,1462,1294,392,510,0,0,2,2198,0,ITC,ITC3,7,Liguria
2021-01-29,SAR,2951,1067,1884,2580,368,3,0,0,0,48,2903,ITG,ITG2,20,Sardegna
2021-02-21,MOL,573,227,346,1,4,0,568,0,0,571,2,ITF,ITF2,14,Molise
2020-12-27,CAM,720,422,298,703,17,0,0,0,0,720,0,ITF,ITF3,15,Campania
2021-01-28,SIC,9327,4399,4928,7463,1569,295,0,0,0,414,8913,ITG,ITG1,19,Sicilia
2021-02-20,FVG,2063,932,1131,11,19,148,1579,0,306,1919,144,ITH,ITH4,6,Friuli-Venezia Giulia
2021-01-29,PIE,5937,1885,4052,4196,1069,672,0,0,0,454,5483,ITC,ITC1,1,Piemonte
2021-02-08,CAL,1847,733,1114,1214,512,121,0,0,0,661,1186,ITF,ITF6,18,Calabria
2021-02-17,PIE,4536,1941,2595,2185,1852,497,1,0,1,3547,989,ITC,ITC1,1,Piemonte
2021-01-14,VDA,237,69,168,151,84,0,2,0,0,237,0,ITC,ITC2,2,Valle d'Aosta / Vallée d'Aoste
2021-01-24,LAZ,5467,2109,3358,4945,262,134,126,0,0,385,5082,ITI,ITI4,12,Lazio
2021-01-27,PUG,4573,1927,2646,3914,261,396,0,0,2,610,3963,ITF,ITF4,16,Puglia
2021-02-24,CAL,1842,940,902,657,366,115,653,47,4,1368,474,ITF,ITF6,18,Calabria
2021-02-16,VEN,6719,2908,3811,732,384,559,5043,1,0,6543,176,ITH,ITH3,5,Veneto
2021-02-22,VDA,316,94,222,62,41,37,103,6,67,213,103,ITC,ITC2,2,Valle d'Aosta / Vallée d'Aoste
2021-01-22,VEN,1080,332,748,946,77,57,0,0,0,26,1054,ITH,ITH3,5,Veneto
2021-01-28,LAZ,7954,2998,4956,6810,496,514,134,0,0,459,7495,ITI,ITI4,12,Lazio
2021-01-29,CAL,2047,984,1063,1751,247,49,0,0,0,234,1813,ITF,ITF6,18,Calabria
2021-02-17,VEN,6005,2765,3240,406,278,363,4953,5,0,5911,94,ITH,ITH3,5,Veneto
2021-02-12,PAT,986,333,653,334,61,55,536,0,0,565,421,ITH,ITH2,4,Provincia Autonoma Trento
2021-01-24,MAR,890,341,549,772,118,0,0,0,0,17,873,ITI,ITI3,11,Marche
2021-01-22,CAL,656,274,382,298,248,110,0,0,0,654,2,ITF,ITF6,18,Calabria
2021-01-27,FVG,1269,425,844,849,356,64,0,0,0,447,822,ITH,ITH4,6,Friuli-Venezia Giulia
2021-02-05,VDA,294,102,192,159,82,0,53,0,0,101,193,ITC,ITC2,2,Valle d'Aosta / Vallée d'Aoste
2021-01-30,LAZ,6649,2730,3919,5298,574,651,126,0,0,448,6201,ITI,ITI4,12,Lazio
2021-01-06,PAB,59,18,41,59,0,0,0,0,0,59,0,ITH,ITH1,4,Provincia Autonoma Bolzano / Bozen
2021-01-18,FVG,1960,607,1353,1358,492,110,0,0,0,1866,94,ITH,ITH4,6,Friuli-Venezia Giulia
2021-02-16,UMB,1307,655,652,33,12,0,1262,0,0,1298,9,ITI,ITI2,10,Umbria
2021-01-13,VDA,337,110,227,166,143,28,0,0,0,337,0,ITC,ITC2,2,Valle d'Aosta / Vallée d'Aoste
2021-02-13,ABR,841,380,461,545,224,72,0,0,0,437,404,ITF,ITF1,13,Abruzzo
2021-02-26,BAS,2127,893,1234,89,104,1,1933,0,0,2044,83,ITF,ITF5,17,Basilicata
2021-02-13,FVG,562,175,387,334,228,0,0,0,0,556,6,ITH,ITH4,6,Friuli-Venezia Giulia
2021-01-20,LIG,1431,519,912,674,329,426,0,0,2,1419,12,ITC,ITC3,7,Liguria
2021-03-01,SAR,2158,1054,1104,1133,444,142,104,334,1,1499,659,ITG,ITG2,20,Sardegna
2021-01-29,VEN,8995,2780,6215,6035,1522,1434,3,1,0,367,8628,ITH,ITH3,5,Veneto
2021-03-01,PIE,10734,4145,6589,1117,937,278,6180,0,2222,9919,815,ITC,ITC1,1,Piemonte
2021-01-27,PAT,734,257,477,395,34,304,1,0,0,73,661,ITH,ITH2,4,Provincia Autonoma Trento
2021-01-27,CAL,1457,734,723,1226,208,23,0,0,0,396,1061,ITF,ITF6,18,Calabria
2021-01-14,TOS,3254,1179,2075,2459,475,320,0,0,0,3254,0,ITI,ITI1,9,Toscana
2021-02-28,MOL,828,331,497,38,763,27,0,0,0,786,42,ITF,ITF2,14,Molise
2021-01-25,BAS,1019,426,593,672,346,1,0,0,0,74,945,ITF,ITF5,17,Basilicata
2021-02-02,LIG,2611,976,1635,1917,226,466,0,0,2,197,2414,ITC,ITC3,7,Liguria
2021-01-29,PAT,1349,331,1018,722,86,541,0,0,0,54,1295,ITH,ITH2,4,Provincia Autonoma Trento
2021-01-23,TOS,3949,1354,2595,2936,172,841,0,0,0,640,3309,ITI,ITI1,9,Toscana
2021-01-07,BAS,640,319,321,353,258,29,0,0,0,640,0,ITF,ITF5,17,Basilicata
2021-01-19,MAR,225,81,144,120,20,85,0,0,0,141,84,ITI,ITI3,11,Marche
2021-02-18,MOL,319,74,245,296,23,0,0,0,0,306,13,ITF,ITF2,14,Molise
2021-01-06,LIG,1641,606,1035,1210,251,113,64,0,3,1641,0,ITC,ITC3,7,Liguria
2021-01-02,SIC,4872,2533,2339,4311,561,0,0,0,0,4872,0,ITG,ITG1,19,Sicilia
2021-01-10,LIG,644,259,385,366,102,176,0,0,0,644,0,ITC,ITC3,7,Liguria
2021-03-03,VEN,9307,3630,5677,2587,1357,849,2768,290,1456,6387,2920,ITH,ITH3,5,Veneto
2021-02-13,PUG,3771,1478,2293,2893,516,332,4,18,8,3011,760,ITF,ITF4,16,Puglia
2021-02-17,UMB,1618,748,870,363,14,0,1240,0,1,1267,351,ITI,ITI2,10,Umbria
2021-01-26,MOL,450,184,266,444,5,0,0,0,1,8,442,ITF,ITF2,14,Molise
2021-02-01,FVG,2093,687,1406,1587,371,135,0,0,0,14,2079,ITH,ITH4,6,Friuli-Venezia Giulia
2021-02-14,SIC,1057,402,655,433,388,236,0,0,0,917,140,ITG,ITG1,19,Sicilia
2021-02-23,BAS,1796,730,1066,159,45,35,1557,0,0,1658,138,ITF,ITF5,17,Basilicata
2021-01-21,PUG,2129,903,1226,1429,174,526,0,0,0,1270,859,ITF,ITF4,16,Puglia
2021-01-11,LAZ,5525,2103,3422,4553,403,569,0,0,0,5525,0,ITI,ITI4,12,Lazio
2021-01-06,EMR,8256,2938,5318,6844,761,650,0,1,0,8256,0,ITH,ITH5,8,Emilia-Romagna
2021-02-09,SAR,2286,837,1449,1308,479,497,1,0,1,1290,996,ITG,ITG2,20,Sardegna
2020-12-27,ABR,37,19,18,34,1,2,0,0,0,37,0,ITF,ITF1,13,Abruzzo
2021-02-15,TOS,8763,3370,5393,4531,2026,215,56,795,1140,7944,819,ITI,ITI1,9,Toscana
2021-01-31,EMR,7692,2758,4934,6172,1259,261,0,0,0,242,7450,ITH,ITH5,8,Emilia-Romagna
2021-01-22,PUG,1408,578,830,876,157,373,1,0,1,991,417,ITF,ITF4,16,Puglia
2021-01-28,LIG,2788,948,1840,2189,284,309,0,1,5,38,2750,ITC,ITC3,7,Liguria
2021-02-16,CAM,5432,2409,3023,910,1182,169,3171,0,0,4661,771,ITF,ITF3,15,Campania
2021-02-16,PIE,3810,1603,2207,1816,1443,550,0,0,1,3054,756,ITC,ITC1,1,Piemonte
2021-02-02,SIC,5537,2621,2916,3152,1956,429,0,0,0,633,4904,ITG,ITG1,19,Sicilia
2021-02-10,PUG,3630,1432,2198,2509,251,869,0,0,1,2120,1510,ITF,ITF4,16,Puglia
2021-01-25,CAM,5744,2926,2818,4743,945,56,0,0,0,164,5580,ITF,ITF3,15,Campania
2021-02-25,EMR,8977,3422,5555,741,496,139,7601,0,0,8028,949,ITH,ITH5,8,Emilia-Romagna
2021-02-28,VEN,4050,1308,2742,1701,2070,15,261,0,3,3214,836,ITH,ITH3,5,Veneto
2021-02-17,LOM,11537,3633,7904,7423,2218,1815,35,37,9,10184,1353,ITC,ITC4,3,Lombardia
2021-02-14,PIE,1473,498,975,793,381,285,0,0,14,875,598,ITC,ITC1,1,Piemonte
2021-01-26,VEN,6903,2081,4822,5309,628,962,0,1,3,155,6748,ITH,ITH3,5,Veneto
2021-02-27,CAM,13938,4471,9467,598,3062,78,3145,0,7055,12296,1642,ITF,ITF3,15,Campania
2021-02-18,CAM,9074,3810,5264,1710,1340,70,5518,0,436,8366,708,ITF,ITF3,15,Campania
2021-02-28,CAL,2167,983,1184,113,152,190,1706,6,0,2016,151,ITF,ITF6,18,Calabria
2021-02-04,VEN,7307,2012,5295,3448,1468,2378,12,0,1,556,6751,ITH,ITH3,5,Veneto
2021-01-09,PUG,4868,2246,2622,4314,303,246,4,0,1,4868,0,ITF,ITF4,16,Puglia
2020-12-27,LOM,702,407,295,551,137,13,1,0,0,702,0,ITC,ITC4,3,Lombardia
2021-02-05,MAR,2134,650,1484,1309,418,407,0,0,0,440,1694,ITI,ITI3,11,Marche
2021-02-17,CAM,7380,3205,4175,993,1082,38,4905,0,362,6320,1060,ITF,ITF3,15,Campania
2021-03-01,ABR,3484,1389,2095,696,293,174,1911,128,282,2722,762,ITF,ITF1,13,Abruzzo
2021-02-21,SAR,1584,709,875,66,32,59,1421,6,0,1554,30,ITG,ITG2,20,Sardegna
2021-01-13,LAZ,5559,2063,3496,4145,402,1009,3,0,0,5559,0,ITI,ITI4,12,Lazio
2021-01-09,PIE,6183,2185,3998,4488,1127,568,0,0,0,6183,0,ITC,ITC1,1,Piemonte
2021-02-24,PIE,10668,4250,6418,1697,1083,388,5350,0,2150,10151,517,ITC,ITC1,1,Piemonte
2021-02-02,EMR,9430,3031,6399,6229,1490,1630,80,0,1,496,8934,ITH,ITH5,8,Emilia-Romagna
2021-01-09,CAM,10566,5024,5542,6759,3538,269,0,0,0,10566,0,ITF,ITF3,15,Campania
2021-01-17,TOS,2535,871,1664,2002,293,240,0,0,0,2022,513,ITI,ITI1,9,Toscana
2021-02-12,FVG,1195,424,771,673,394,126,2,0,0,1145,50,ITH,ITH4,6,Friuli-Venezia Giulia
2021-01-31,SAR,2121,750,1371,1544,576,0,1,0,0,48,2073,ITG,ITG2,20,Sardegna
2021-01-21,CAL,958,444,514,735,108,115,0,0,0,929,29,ITF,ITF6,18,Calabria
2021-02-15,PUG,3235,1259,1976,2249,531,452,0,0,3,2616,619,ITF,ITF4,16,Puglia
2021-01-09,PAT,184,40,144,139,14,31,0,0,0,184,0,ITH,ITH2,4,Provincia Autonoma Trento
2021-01-07,PIE,5385,1739,3646,4158,886,341,0,0,0,5385,0,ITC,ITC1,1,Piemonte
2021-02-09,VEN,5088,1836,3252,3070,870,1128,20,0,0,3398,1690,ITH,ITH3,5,Veneto
2021-01-11,PAB,1501,476,1025,532,645,174,150,0,0,1501,0,ITH,ITH1,4,Provincia Autonoma Bolzano / Bozen
2021-03-03,BAS,580,262,318,161,294,32,93,0,0,124,456,ITF,ITF5,17,Basilicata
2020-12-28,SIC,207,124,83,205,2,0,0,0,0,207,0,ITG,ITG1,19,Sicilia
2021-01-02,LIG,688,245,443,592,96,0,0,0,0,688,0,ITC,ITC3,7,Liguria
2021-01-11,SIC,5903,2590,3313,3923,1598,382,0,0,0,5903,0,ITG,ITG1,19,Sicilia
2021-03-03,ABR,2772,1173,1599,1016,312,20,1048,215,161,1956,816,ITF,ITF1,13,Abruzzo
2021-01-02,PAB,91,48,43,69,22,0,0,0,0,91,0,ITH,ITH1,4,Provincia Autonoma Bolzano / Bozen
2021-01-26,EMR,8324,3000,5324,6598,694,1032,0,0,0,218,8106,ITH,ITH5,8,Emilia-Romagna
2021-01-13,MAR,2105,746,1359,1408,621,76,0,0,0,2105,0,ITI,ITI3,11,Marche
2021-02-04,LOM,26798,7847,18951,15190,5958,5458,192,0,0,1865,24933,ITC,ITC4,3,Lombardia
2021-01-11,LIG,2522,938,1584,1920,328,273,0,0,1,2522,0,ITC,ITC3,7,Liguria
2021-03-01,UMB,1438,733,705,114,28,0,1177,118,1,1324,114,ITI,ITI2,10,Umbria
2021-02-09,CAL,2147,904,1243,1422,494,231,0,0,0,948,1199,ITF,ITF6,18,Calabria
2021-01-31,VEN,4699,1545,3154,3656,675,360,4,2,2,386,4313,ITH,ITH3,5,Veneto
2021-01-09,VEN,7924,2535,5389,5170,1165,1573,3,11,2,7924,0,ITH,ITH3,5,Veneto
2021-02-24,PAT,1302,518,784,229,26,28,953,1,65,907,395,ITH,ITH2,4,Provincia Autonoma Trento
2021-02-06,MAR,2431,889,1542,1396,639,396,0,0,0,521,1910,ITI,ITI3,11,Marche
2021-01-22,PAT,1628,422,1206,874,128,623,0,0,3,316,1312,ITH,ITH2,4,Provincia Autonoma Trento
2021-01-09,CAL,1916,1036,880,1529,387,0,0,0,0,1916,0,ITF,ITF6,18,Calabria
2021-01-08,CAM,10455,4969,5486,6714,3529,212,0,0,0,10455,0,ITF,ITF3,15,Campania
2021-01-26,SAR,1336,453,883,1296,39,0,0,0,1,27,1309,ITG,ITG2,20,Sardegna
2021-02-04,EMR,9901,3189,6712,6427,1683,1673,118,0,0,1239,8662,ITH,ITH5,8,Emilia-Romagna
2021-02-16,PAT,654,240,414,73,14,3,554,0,10,649,5,ITH,ITH2,4,Provincia Autonoma Trento
2021-02-19,MOL,169,93,76,95,70,1,0,0,3,167,2,ITF,ITF2,14,Molise
2021-02-21,VEN,4625,1203,3422,492,15,18,417,2,3681,4620,5,ITH,ITH3,5,Veneto
2020-12-30,PAB,362,168,194,321,41,0,0,0,0,362,0,ITH,ITH1,4,Provincia Autonoma Bolzano / Bozen
2021-01-15,SIC,5079,2233,2846,2824,1776,479,0,0,0,5079,0,ITG,ITG1,19,Sicilia
2021-01-22,BAS,66,24,42,6,60,0,0,0,0,66,0,ITF,ITF5,17,Basilicata
2021-01-28,MOL,613,217,396,430,28,154,0,0,1,17,596,ITF,ITF2,14,Molise
2021-02-23,ABR,2784,1274,1510,324,423,215,1436,286,100,2773,11,ITF,ITF1,13,Abruzzo
2021-01-18,VDA,213,74,139,29,111,27,46,0,0,213,0,ITC,ITC2,2,Valle d'Aosta / Vallée d'Aoste
2021-01-05,UMB,850,428,422,845,5,0,0,0,0,850,0,ITI,ITI2,10,Umbria
2021-02-28,SAR,367,169,198,244,76,47,0,0,0,141,226,ITG,ITG2,20,Sardegna
2021-02-15,BAS,609,227,382,185,137,40,245,2,0,568,41,ITF,ITF5,17,Basilicata
2021-02-22,LAZ,11373,4963,6410,1776,308,472,5205,1390,2222,10872,501,ITI,ITI4,12,Lazio
2021-02-08,PAB,1,1,0,0,1,0,0,0,0,1,0,ITH,ITH1,4,Provincia Autonoma Bolzano / Bozen
2021-03-03,CAL,2769,1534,1235,346,668,435,763,555,2,2089,680,ITF,ITF6,18,Calabria
2021-01-14,PAB,1808,539,1269,477,760,285,286,0,0,1808,0,ITH,ITH1,4,Provincia Autonoma Bolzano / Bozen
2021-02-09,PIE,7330,2304,5026,4147,1365,1818,0,0,0,720,6610,ITC,ITC1,1,Piemonte
2021-01-19,PUG,1222,452,770,527,117,578,0,0,0,1212,10,ITF,ITF4,16,Puglia
2021-02-07,VEN,2313,861,1452,1924,337,50,2,0,0,714,1599,ITH,ITH3,5,Veneto
2021-01-23,PAT,570,330,240,480,2,88,0,0,0,384,186,ITH,ITH2,4,Provincia Autonoma Trento
2021-02-24,LAZ,11942,5171,6771,1795,936,337,5147,1327,2400,10953,989,ITI,ITI4,12,Lazio
2020-12-30,VEN,699,245,454,598,62,39,0,0,0,699,0,ITH,ITH3,5,Veneto
2021-02-26,PAT,1194,428,766,245,28,19,797,1,104,870,324,ITH,ITH2,4,Provincia Autonoma Trento
2021-02-28,SIC,7172,3068,4104,869,1311,93,3286,254,1359,6543,629,ITG,ITG1,19,Sicilia
2021-01-17,SAR,860,277,583,747,113,0,0,0,0,859,1,ITG,ITG2,20,Sardegna
2021-02-11,SIC,5330,2102,3228,2457,1984,889,0,0,0,4866,464,ITG,ITG1,19,Sicilia
2020-12-30,LAZ,1601,621,980,1575,0,26,0,0,0,1601,0,ITI,ITI4,12,Lazio
2021-01-27,PIE,4193,1452,2741,2981,655,557,0,0,0,999,3194,ITC,ITC1,1,Piemonte
2021-02-04,CAL,3391,1623,1768,2560,609,222,0,0,0,644,2747,ITF,ITF6,18,Calabria
2021-02-18,TOS,8772,3276,5496,2914,1511,196,213,796,3142,7915,857,ITI,ITI1,9,Toscana
2021-03-02,PUG,13670,5049,8621,1255,1117,104,3778,1036,6380,12523,1147,ITF,ITF4,16,Puglia
2021-02-24,UMB,1496,557,939,1081,43,71,292,9,0,1480,16,ITI,ITI2,10,Umbria
2021-01-16,SAR,1492,525,967,1282,209,0,0,0,1,1492,0,ITG,ITG2,20,Sardegna
2021-01-14,LIG,2789,975,1814,1746,532,510,0,0,1,2789,0,ITC,ITC3,7,Liguria
2021-01-18,MAR,673,230,443,370,171,132,0,0,0,547,126,ITI,ITI3,11,Marche
2021-02-06,CAL,2908,1337,1571,2094,567,247,0,0,0,442,2466,ITF,ITF6,18,Calabria
2021-02-27,MOL,1366,568,798,26,40,14,1285,0,1,1347,19,ITF,ITF2,14,Molise
2021-01-24,ABR,50,22,28,49,1,0,0,0,0,6,44,ITF,ITF1,13,Abruzzo
2021-01-04,VEN,6726,2029,4697,5238,570,913,1,0,4,6726,0,ITH,ITH3,5,Veneto
2021-02-02,PAB,1730,499,1231,617,499,605,9,0,0,7,1723,ITH,ITH1,4,Provincia Autonoma Bolzano / Bozen
2021-03-01,FVG,2836,998,1838,80,97,164,1542,4,949,2795,41,ITH,ITH4,6,Friuli-Venezia Giulia
2021-01-02,VDA,6,5,1,0,0,6,0,0,0,6,0,ITC,ITC2,2,Valle d'Aosta / Vallée d'Aoste
2021-02-19,MAR,1971,716,1255,1273,492,203,1,0,2,1836,135,ITI,ITI3,11,Marche
2021-01-04,PUG,4503,2012,2491,4371,120,11,0,0,1,4503,0,ITF,ITF4,16,Puglia
2021-01-29,FVG,2413,813,1600,1855,321,237,0,0,0,264,2149,ITH,ITH4,6,Friuli-Venezia Giulia
2021-01-06,PIE,3114,1110,2004,2368,433,313,0,0,0,3114,0,ITC,ITC1,1,Piemonte
2021-02-16,LIG,2310,926,1384,923,403,271,711,0,2,1921,389,ITC,ITC3,7,Liguria
2021-01-21,TOS,1589,686,903,579,220,790,0,0,0,867,722,ITI,ITI1,9,Toscana
2021-02-18,MAR,2103,746,1357,1150,549,402,1,0,1,1816,287,ITI,ITI3,11,Marche
2021-02-06,VDA,289,104,185,170,44,0,74,1,0,92,197,ITC,ITC2,2,Valle d'Aosta / Vallée d'Aoste
2021-01-31,ABR,1502,488,1014,1154,245,103,0,0,0,287,1215,ITF,ITF1,13,Abruzzo
2021-03-02,PAT,1274,429,845,129,48,53,899,0,145,884,390,ITH,ITH2,4,Provincia Autonoma Trento
2021-02-08,UMB,637,203,434,368,112,153,0,4,0,88,549,ITI,ITI2,10,Umbria
2021-01-22,MOL,126,35,91,21,32,73,0,0,0,126,0,ITF,ITF2,14,Molise
2021-01-17,LAZ,4449,1787,2662,3126,335,177,811,0,0,4343,106,ITI,ITI4,12,Lazio
2021-01-15,PAB,3026,1119,1907,532,898,336,1260,0,0,3026,0,ITH,ITH1,4,Provincia Autonoma Bolzano / Bozen
2021-01-31,LOM,9727,3754,5973,7464,2169,87,7,0,0,33,9694,ITC,ITC4,3,Lombardia
2021-02-05,CAL,3795,1709,2086,2327,914,554,0,0,0,488,3307,ITF,ITF6,18,Calabria
2021-02-04,SIC,6877,3159,3718,4417,1920,540,0,0,0,1460,5417,ITG,ITG1,19,Sicilia
2021-01-16,SIC,2776,1195,1581,1329,1149,298,0,0,0,2776,0,ITG,ITG1,19,Sicilia
2021-01-28,PUG,5463,2270,3193,4758,376,327,0,0,2,474,4989,ITF,ITF4,16,Puglia
2021-02-27,VDA,230,84,146,69,30,1,126,4,0,124,106,ITC,ITC2,2,Valle d'Aosta / Vallée d'Aoste
2021-01-27,ABR,1364,515,849,1301,63,0,0,0,0,39,1325,ITF,ITF1,13,Abruzzo
2021-01-14,CAM,7073,2977,4096,3707,3016,350,0,0,0,7073,0,ITF,ITF3,15,Campania
2021-01-18,VEN,2764,782,1982,1218,539,999,8,0,0,2565,199,ITH,ITH3,5,Veneto
2021-02-10,MAR,1439,452,987,881,343,215,0,0,0,1080,359,ITI,ITI3,11,Marche
2021-02-09,BAS,491,213,278,200,237,54,0,0,0,316,175,ITF,ITF5,17,Basilicata
2021-01-09,LIG,1324,475,849,989,146,188,0,0,1,1324,0,ITC,ITC3,7,Liguria
2021-01-10,EMR,7121,2660,4461,5638,977,499,6,0,1,7121,0,ITH,ITH5,8,Emilia-Romagna
2020-12-29,LAZ,418,150,268,418,0,0,0,0,0,418,0,ITI,ITI4,12,Lazio
2021-01-17,CAL,867,418,449,527,292,48,0,0,0,801,66,ITF,ITF6,18,Calabria
2020-12-31,VEN,3220,1044,2176,2701,265,252,0,0,2,3220,0,ITH,ITH3,5,Veneto
2021-01-09,PAB,600,317,283,75,439,74,12,0,0,600,0,ITH,ITH1,4,Provincia Autonoma Bolzano / Bozen
2021-02-27,CAL,3673,1907,1766,421,588,395,1971,296,2,3295,378,ITF,ITF6,18,Calabria
2021-02-03,PUG,5026,1998,3028,4361,478,184,0,0,3,728,4298,ITF,ITF4,16,Puglia
2021-01-22,VDA,56,21,35,36,0,20,0,0,0,20,36,ITC,ITC2,2,Valle d'Aosta / Vallée d'Aoste
2021-01-23,PUG,3036,1291,1745,2522,206,307,0,0,1,885,2151,ITF,ITF4,16,Puglia
2021-02-26,PUG,13137,4722,8415,2072,813,277,4893,509,4573,12130,1007,ITF,ITF4,16,Puglia
2021-01-23,SIC,4149,2147,2002,3912,221,16,0,0,0,225,3924,ITG,ITG1,19,Sicilia
2021-02-25,CAM,12415,4476,7939,600,2672,124,4906,0,4113,11227,1188,ITF,ITF3,15,Campania
2021-02-01,VEN,8520,2489,6031,4204,1960,2108,245,0,3,166,8354,ITH,ITH3,5,Veneto
2021-02-01,LOM,16020,5305,10715,11566,3510,901,43,0,0,324,15696,ITC,ITC4,3,Lombardia
2021-01-12,EMR,9313,3084,6229,6350,1332,1631,0,0,0,9313,0,ITH,ITH5,8,Emilia-Romagna
2021-01-19,VEN,1309,472,837,726,253,324,6,0,0,1160,149,ITH,ITH3,5,Veneto
2021-02-24,SAR,2406,1291,1115,1191,614,300,2,299,0,2217,189,ITG,ITG2,20,Sardegna
2021-01-31,MAR,1925,770,1155,1530,395,0,0,0,0,105,1820,ITI,ITI3,11,Marche
2021-01-09,BAS,558,161,397,283,207,67,0,0,1,558,0,ITF,ITF5,17,Basilicata
2021-02-15,PIE,4185,1414,2771,2298,978,907,1,0,1,2980,1205,ITC,ITC1,1,Piemonte
2021-03-03,LIG,2590,1082,1508,700,186,96,1605,1,2,1970,620,ITC,ITC3,7,Liguria
2021-01-16,UMB,221,73,148,146,32,43,0,0,0,221,0,ITI,ITI2,10,Umbria
2021-01-15,TOS,3878,1347,2531,2758,676,444,0,0,0,3878,0,ITI,ITI1,9,Toscana
2021-01-14,MAR,2010,692,1318,1112,600,298,0,0,0,2010,0,ITI,ITI3,11,Marche
2021-02-03,LOM,24993,7756,17237,15094,5851,3909,139,0,0,980,24013,ITC,ITC4,3,Lombardia
2021-02-26,EMR,7179,2776,4403,1002,607,217,5353,0,0,6144,1035,ITH,ITH5,8,Emilia-Romagna
2021-01-15,UMB,692,212,480,588,44,60,0,0,0,692,0,ITI,ITI2,10,Umbria
2020-12-30,MAR,17,5,12,14,3,0,0,0,0,17,0,ITI,ITI3,11,Marche
2021-01-21,VEN,2290,719,1571,1985,162,141,0,0,2,21,2269,ITH,ITH3,5,Veneto
2021-01-08,PAT,1442,312,1130,764,152,526,0,0,0,1442,0,ITH,ITH2,4,Provincia Autonoma Trento
2021-02-22,FVG,2484,1192,1292,430,325,115,1363,246,5,2066,418,ITH,ITH4,6,Friuli-Venezia Giulia
2021-01-31,CAL,1107,554,553,764,285,58,0,0,0,155,952,ITF,ITF6,18,Calabria
2021-02-20,MAR,4123,1706,2417,118,411,261,3330,3,0,4012,111,ITI,ITI3,11,Marche
2021-01-05,BAS,947,410,537,737,210,0,0,0,0,947,0,ITF,ITF5,17,Basilicata
2021-02-05,MOL,593,269,324,460,70,63,0,0,0,55,538,ITF,ITF2,14,Molise
2021-01-20,BAS,84,22,62,0,84,0,0,0,0,84,0,ITF,ITF5,17,Basilicata
2021-03-01,PAT,1234,453,781,73,26,10,1027,3,95,936,298,ITH,ITH2,4,Provincia Autonoma Trento
2021-01-04,ABR,1401,575,826,1396,5,0,0,0,0,1401,0,ITF,ITF1,13,Abruzzo
2021-01-27,BAS,410,174,236,151,233,26,0,0,0,113,297,ITF,ITF5,17,Basilicata
2021-02-20,CAM,8562,3079,5483,1014,857,145,4581,0,1965,8259,303,ITF,ITF3,15,Campania
2021-01-03,LOM,852,316,536,710,137,4,1,0,0,852,0,ITC,ITC4,3,Lombardia
2021-02-24,TOS,10098,4314,5784,80,1567,263,4015,1225,2948,9902,196,ITI,ITI1,9,Toscana
2021-01-13,EMR,9061,2938,6123,6004,1312,1744,0,0,1,9061,0,ITH,ITH5,8,Emilia-Romagna
2021-02-28,FVG,2665,985,1680,234,163,0,405,376,1487,2270,395,ITH,ITH4,6,Friuli-Venezia Giulia
2021-02-07,LAZ,4668,1865,2803,3251,385,218,813,0,1,382,4286,ITI,ITI4,12,Lazio
2021-02-15,SIC,3944,1859,2085,1695,1343,563,10,307,26,3380,564,ITG,ITG1,19,Sicilia
2021-02-09,PAT,913,287,626,446,13,73,381,0,0,441,472,ITH,ITH2,4,Provincia Autonoma Trento
2021-01-03,VEN,5157,1563,3594,4596,311,249,0,0,1,5157,0,ITH,ITH3,5,Veneto
2021-02-10,CAM,6904,3421,3483,1944,2714,88,2158,0,0,6739,165,ITF,ITF3,15,Campania
2021-01-04,LOM,5977,2058,3919,4599,1197,166,15,0,0,5977,0,ITC,ITC4,3,Lombardia
2020-12-31,PUG,1634,782,852,1549,38,44,0,0,3,1634,0,ITF,ITF4,16,Puglia
2021-01-20,PIE,6539,2068,4471,3571,1154,1814,0,0,0,5813,726,ITC,ITC1,1,Piemonte
2021-02-03,VEN,5934,1659,4275,2852,1337,1742,1,0,2,483,5451,ITH,ITH3,5,Veneto
2021-02-12,CAL,1711,669,1042,815,760,136,0,0,0,943,768,ITF,ITF6,18,Calabria
2021-02-19,SIC,5133,2736,2397,1482,1349,599,74,1390,239,4565,568,ITG,ITG1,19,Sicilia
2021-01-11,SAR,1182,505,677,656,526,0,0,0,0,1182,0,ITG,ITG2,20,Sardegna
2021-01-18,PUG,1844,770,1074,1182,216,446,0,0,0,1495,349,ITF,ITF4,16,Puglia
2021-02-06,EMR,7514,2374,5140,5357,946,1172,39,0,0,2109,5405,ITH,ITH5,8,Emilia-Romagna
2021-02-17,TOS,8153,3163,4990,3458,1172,238,215,584,2486,7414,739,ITI,ITI1,9,Toscana
2021-01-28,LOM,12151,3681,8470,8957,2322,839,33,0,0,775,11376,ITC,ITC4,3,Lombardia
2021-01-25,SAR,588,212,376,553,35,0,0,0,0,22,566,ITG,ITG2,20,Sardegna
2021-01-06,PUG,3943,1664,2279,3221,349,373,0,0,0,3943,0,ITF,ITF4,16,Puglia
2021-02-25,FVG,2969,1531,1438,21,128,189,1550,360,721,2944,25,ITH,ITH4,6,Friuli-Venezia Giulia
2021-02-20,VDA,249,209,40,6,51,7,2,174,9,240,9,ITC,ITC2,2,Valle d'Aosta / Vallée d'Aoste
2021-01-09,UMB,1719,492,1227,888,10,821,0,0,0,1719,0,ITI,ITI2,10,Umbria
2021-02-08,LAZ,9334,3868,5466,3788,874,918,3754,0,0,4487,4847,ITI,ITI4,12,Lazio
2021-02-18,SIC,5484,3164,2320,1635,1236,813,9,1695,96,5053,431,ITG,ITG1,19,Sicilia
2021-01-02,BAS,948,379,569,851,94,0,0,0,3,948,0,ITF,ITF5,17,Basilicata
2021-01-05,PIE,5377,1602,3775,4364,728,285,0,0,0,5377,0,ITC,ITC1,1,Piemonte
2021-02-24,MAR,3439,1506,1933,226,234,165,2810,3,1,3360,79,ITI,ITI3,11,Marche
2021-01-09,LAZ,6288,2556,3732,5110,558,620,0,0,0,6288,0,ITI,ITI4,12,Lazio
2020-12-31,PAT,1597,440,1157,819,108,670,0,0,0,1597,0,ITH,ITH2,4,Provincia Autonoma Trento
2021-01-30,VEN,8727,2666,6061,6200,1292,1218,4,12,1,686,8041,ITH,ITH3,5,Veneto
2021-02-23,TOS,7698,3312,4386,1489,1569,202,503,1104,2831,7537,161,ITI,ITI1,9,Toscana
2021-02-14,CAM,3932,1925,2007,550,905,17,2460,0,0,3889,43,ITF,ITF3,15,Campania
2021-03-02,VDA,339,166,173,17,106,39,107,65,5,336,3,ITC,ITC2,2,Valle d'Aosta / Vallée d'Aoste
2021-01-11,VDA,325,112,213,238,57,30,0,0,0,325,0,ITC,ITC2,2,Valle d'Aosta / Vallée d'Aoste
2021-01-17,MAR,1598,682,916,964,588,46,0,0,0,1549,49,ITI,ITI3,11,Marche
2021-01-18,PAT,640,154,486,527,40,73,0,0,0,586,54,ITH,ITH2,4,Provincia Autonoma Trento
2021-01-14,UMB,749,200,549,696,35,17,0,0,1,749,0,ITI,ITI2,10,Umbria
2021-01-20,VDA,23,8,15,0,0,6,17,0,0,23,0,ITC,ITC2,2,Valle d'Aosta / Vallée d'Aoste
2021-01-20,ABR,447,156,291,147,96,204,0,0,0,445,2,ITF,ITF1,13,Abruzzo
2021-01-13,PAB,1316,409,907,367,588,255,106,0,0,1316,0,ITH,ITH1,4,Provincia Autonoma Bolzano / Bozen
2021-01-31,LIG,620,267,353,414,71,135,0,0,0,9,611,ITC,ITC3,7,Liguria
2021-02-21,FVG,799,280,519,213,177,25,383,1,0,422,377,ITH,ITH4,6,Friuli-Venezia Giulia
2021-01-06,PAT,42,13,29,42,0,0,0,0,0,42,0,ITH,ITH2,4,Provincia Autonoma Trento
2021-02-18,CAL,1798,802,996,585,509,299,344,0,61,1575,223,ITF,ITF6,18,Calabria
2021-02-13,CAL,1330,582,748,731,488,111,0,0,0,967,363,ITF,ITF6,18,Calabria
2020-12-28,LAZ,517,229,288,516,1,0,0,0,0,517,0,ITI,ITI4,12,Lazio
2021-02-12,SAR,2233,931,1302,985,748,499,1,0,0,2172,61,ITG,ITG2,20,Sardegna
2021-01-15,SAR,1563,573,990,1170,390,0,0,3,0,1563,0,ITG,ITG2,20,Sardegna
2021-01-18,SIC,1548,646,902,721,619,208,0,0,0,1432,116,ITG,ITG1,19,Sicilia
2021-01-08,PUG,5571,2335,3236,4842,401,325,0,0,3,5571,0,ITF,ITF4,16,Puglia
2021-01-25,CAL,1064,512,552,1021,43,0,0,0,0,156,908,ITF,ITF6,18,Calabria
2021-02-19,CAL,1461,652,809,544,341,195,380,1,0,1200,261,ITF,ITF6,18,Calabria
2021-02-21,SIC,5171,2503,2668,376,650,173,3681,138,153,5066,105,ITG,ITG1,19,Sicilia
2021-02-10,LIG,2231,809,1422,1314,412,496,5,0,4,989,1242,ITC,ITC3,7,Liguria
2021-03-01,PUG,13687,5359,8328,1855,875,61,5533,796,4567,12402,1285,ITF,ITF4,16,Puglia
2021-02-25,LOM,13999,5784,8215,2697,1434,1135,7530,1196,7,12610,1389,ITC,ITC4,3,Lombardia
2021-02-05,EMR,9281,2953,6328,6210,1277,1607,187,0,0,1614,7667,ITH,ITH5,8,Emilia-Romagna
2021-02-01,ABR,1632,573,1059,1384,247,1,0,0,0,271,1361,ITF,ITF1,13,Abruzzo
2021-02-15,PAT,528,186,342,144,28,27,320,0,9,415,113,ITH,ITH2,4,Provincia Autonoma Trento
2021-02-09,PUG,3803,1557,2246,2523,660,615,0,0,5,2132,1671,ITF,ITF4,16,Puglia
2021-01-19,LOM,7924,2306,5618,3109,2931,1770,113,1,0,7448,476,ITC,ITC4,3,Lombardia
2021-03-02,MAR,4956,1942,3014,589,269,242,3316,3,537,4390,566,ITI,ITI3,11,Marche
2021-02-14,LOM,3500,1514,1986,2601,875,24,0,0,0,2936,564,ITC,ITC4,3,Lombardia
2021-01-05,LAZ,7370,2802,4568,6690,102,577,0,1,0,7370,0,ITI,ITI4,12,Lazio
2021-02-27,LOM,13235,5620,7615,1882,1770,400,8055,1080,48,12909,326,ITC,ITC4,3,Lombardia
2021-02-02,UMB,942,274,668,713,17,212,0,0,0,32,910,ITI,ITI2,10,Umbria
2020-12-27,BAS,106,41,65,104,2,0,0,0,0,106,0,ITF,ITF5,17,Basilicata
2021-01-11,CAL,2154,1040,1114,1759,392,3,0,0,0,2154,0,ITF,ITF6,18,Calabria
2021-01-13,TOS,4063,1398,2665,3308,350,405,0,0,0,4063,0,ITI,ITI1,9,Toscana
2021-01-26,CAM,7297,3701,3596,5742,1333,222,0,0,0,352,6945,ITF,ITF3,15,Campania
2021-01-04,CAL,996,492,504,969,27,0,0,0,0,996,0,ITF,ITF6,18,Calabria
2021-02-10,UMB,715,349,366,606,106,3,0,0,0,700,15,ITI,ITI2,10,Umbria
2021-02-06,CAM,5340,2665,2675,1990,2877,458,15,0,0,2102,3238,ITF,ITF3,15,Campania
2021-01-14,SAR,1105,426,679,885,220,0,0,0,0,1105,0,ITG,ITG2,20,Sardegna
2021-01-24,EMR,2442,882,1560,2078,114,250,0,0,0,301,2141,ITH,ITH5,8,Emilia-Romagna
2021-01-09,MAR,1709,605,1104,1406,303,0,0,0,0,1709,0,ITI,ITI3,11,Marche
2021-01-03,ABR,471,185,286,464,7,0,0,0,0,471,0,ITF,ITF1,13,Abruzzo
2021-02-16,TOS,9266,3338,5928,5081,982,178,10,691,2324,8555,711,ITI,ITI1,9,Toscana
2021-01-23,SAR,60,22,38,60,0,0,0,0,0,0,60,ITG,ITG2,20,Sardegna
2021-01-13,UMB,450,139,311,379,29,42,0,0,0,450,0,ITI,ITI2,10,Umbria
2021-02-22,MOL,265,129,136,56,139,62,8,0,0,250,15,ITF,ITF2,14,Molise
2021-01-10,CAM,8166,3737,4429,5179,2890,97,0,0,0,8166,0,ITF,ITF3,15,Campania
2021-02-13,VEN,3194,1455,1739,1549,621,1021,3,0,0,3178,16,ITH,ITH3,5,Veneto
2021-02-12,MAR,1583,618,965,815,680,88,0,0,0,1431,152,ITI,ITI3,11,Marche
2021-02-03,ABR,2061,717,1344,1541,402,118,0,0,0,419,1642,ITF,ITF1,13,Abruzzo
2021-02-12,SIC,4740,1850,2890,2296,1801,643,0,0,0,4409,331,ITG,ITG1,19,Sicilia
2021-02-07,LOM,7081,2763,4318,5028,1773,263,17,0,0,339,6742,ITC,ITC4,3,Lombardia
2021-02-09,VDA,251,84,167,78,30,14,75,1,53,68,183,ITC,ITC2,2,Valle d'Aosta / Vallée d'Aoste
2021-01-27,SIC,7529,3834,3695,6327,1050,152,0,0,0,189,7340,ITG,ITG1,19,Sicilia
2020-12-31,FVG,1053,384,669,1011,42,0,0,0,0,1053,0,ITH,ITH4,6,Friuli-Venezia Giulia
2021-02-17,VDA,327,144,183,25,19,30,237,16,0,227,100,ITC,ITC2,2,Valle d'Aosta / Vallée d'Aoste
2021-02-27,LAZ,11313,4233,7080,1356,880,514,4740,1120,2703,10360,953,ITI,ITI4,12,Lazio
2021-03-02,CAL,4130,2390,1740,705,734,427,1390,872,2,3422,708,ITF,ITF6,18,Calabria
2021-01-05,PAT,707,231,476,494,52,161,0,0,0,707,0,ITH,ITH2,4,Provincia Autonoma Trento
2021-02-02,CAL,2289,1112,1177,1863,351,75,0,0,0,177,2112,ITF,ITF6,18,Calabria
2021-01-24,VEN,4116,1219,2897,3750,142,222,1,0,1,28,4088,ITH,ITH3,5,Veneto
2021-03-01,TOS,4187,1552,2635,3183,599,79,2,301,23,553,3634,ITI,ITI1,9,Toscana
2021-01-12,SAR,865,408,457,504,361,0,0,0,0,865,0,ITG,ITG2,20,Sardegna
2021-01-09,TOS,4483,1596,2887,3779,144,560,0,0,0,4483,0,ITI,ITI1,9,Toscana
2021-01-31,PUG,1806,826,980,1500,104,198,2,0,2,74,1732,ITF,ITF4,16,Puglia
2021-01-28,ABR,1433,495,938,1370,62,1,0,0,0,12,1421,ITF,ITF1,13,Abruzzo
2021-02-08,MOL,334,141,193,206,43,85,0,0,0,216,118,ITF,ITF2,14,Molise
2021-02-01,MOL,562,201,361,301,149,111,0,0,1,14,548,ITF,ITF2,14,Molise
2021-01-15,BAS,812,349,463,455,183,174,0,0,0,812,0,ITF,ITF5,17,Basilicata
2021-01-04,FVG,1510,559,951,1392,118,0,0,0,0,1510,0,ITH,ITH4,6,Friuli-Venezia Giulia
2021-01-18,UMB,588,215,373,315,149,124,0,0,0,504,84,ITI,ITI2,10,Umbria
2021-02-26,VDA,206,57,149,67,34,4,96,4,1,122,84,ITC,ITC2,2,Valle d'Aosta / Vallée d'Aoste
2021-01-15,PIE,8961,2951,6010,5493,1924,1544,0,0,0,8961,0,ITC,ITC1,1,Piemonte
2021-02-24,SIC,9597,4868,4729,1422,1252,499,4027,1474,923,9003,594,ITG,ITG1,19,Sicilia
2021-01-21,LIG,1077,372,705,562,183,331,1,0,0,658,419,ITC,ITC3,7,Liguria
2021-02-05,CAM,7259,3463,3796,3446,3496,308,9,0,0,2132,5127,ITF,ITF3,15,Campania
2021-01-25,MAR,1595,558,1037,1425,114,56,0,0,0,97,1498,ITI,ITI3,11,Marche
2021-02-07,FVG,1559,483,1076,864,693,2,0,0,0,385,1174,ITH,ITH4,6,Friuli-Venezia Giulia
2021-02-06,VEN,4085,1349,2736,3016,699,367,3,0,0,706,3379,ITH,ITH3,5,Veneto
2021-01-26,LOM,8318,2701,5617,6559,1543,203,13,0,0,328,7990,ITC,ITC4,3,Lombardia
2021-01-07,MAR,1802,633,1169,1480,322,0,0,0,0,1802,0,ITI,ITI3,11,Marche
2021-01-05,CAM,7238,3639,3599,5811,1321,106,0,0,0,7238,0,ITF,ITF3,15,Campania
2021-01-19,ABR,111,55,56,27,34,50,0,0,0,91,20,ITF,ITF1,13,Abruzzo
2021-02-25,PIE,11549,4834,6715,1433,1767,405,6057,0,1887,10970,579,ITC,ITC1,1,Piemonte
2021-02-23,VDA,216,123,93,0,165,0,0,35,16,216,0,ITC,ITC2,2,Valle d'Aosta / Vallée d'Aoste
2021-01-14,CAL,2557,1214,1343,1962,592,3,0,0,0,2557,0,ITF,ITF6,18,Calabria
2021-02-13,SIC,3105,1167,1938,1295,1241,569,0,0,0,2848,257,ITG,ITG1,19,Sicilia
2021-02-28,PUG,5229,1633,3596,555,257,25,1483,194,2715,5043,186,ITF,ITF4,16,Puglia
2020-12-30,FVG,630,246,384,601,29,0,0,0,0,630,0,ITH,ITH4,6,Friuli-Venezia Giulia
2021-03-02,SAR,2655,1385,1270,1014,708,229,319,383,2,1672,983,ITG,ITG2,20,Sardegna
2021-02-13,EMR,3600,1076,2524,2775,494,145,186,0,0,3003,597,ITH,ITH5,8,Emilia-Romagna
2021-01-17,MOL,78,38,40,78,0,0,0,0,0,48,30,ITF,ITF2,14,Molise
2021-01-28,PIE,5555,1801,3754,4107,876,571,1,0,0,351,5204,ITC,ITC1,1,Piemonte
2020-12-28,LOM,103,44,59,102,1,0,0,0,0,103,0,ITC,ITC4,3,Lombardia
2021-01-25,SIC,7510,3695,3815,6632,808,70,0,0,0,322,7188,ITG,ITG1,19,Sicilia
2021-01-11,PIE,8740,2980,5760,6053,1561,1126,0,0,0,8740,0,ITC,ITC1,1,Piemonte
2021-01-07,TOS,6018,1751,4267,5308,30,680,0,0,0,6018,0,ITI,ITI1,9,Toscana
2021-01-30,CAM,10721,5079,5642,6930,3564,227,0,0,0,39,10682,ITF,ITF3,15,Campania
2021-02-11,SAR,1312,490,822,588,355,368,1,0,0,1201,111,ITG,ITG2,20,Sardegna
2021-02-06,PAT,572,296,276,178,8,0,386,0,0,432,140,ITH,ITH2,4,Provincia Autonoma Trento
2021-01-11,BAS,183,66,117,78,64,41,0,0,0,183,0,ITF,ITF5,17,Basilicata
2021-02-02,PIE,10177,3489,6688,6825,2034,1318,0,0,0,814,9363,ITC,ITC1,1,Piemonte
2021-02-04,LAZ,6045,2281,3764,4460,621,892,72,0,0,942,5103,ITI,ITI4,12,Lazio
2021-01-18,PAB,1656,638,1018,369,299,7,981,0,0,1652,4,ITH,ITH1,4,Provincia Autonoma Bolzano / Bozen
2021-01-28,BAS,903,401,502,540,281,82,0,0,0,119,784,ITF,ITF5,17,Basilicata
2021-01-22,LAZ,3662,1442,2220,3379,90,70,123,0,0,148,3514,ITI,ITI4,12,Lazio
2021-02-20,LIG,1321,631,690,156,462,118,585,0,0,1320,1,ITC,ITC3,7,Liguria
2021-02-15,UMB,1367,692,675,10,8,0,1349,0,0,1366,1,ITI,ITI2,10,Umbria
2021-01-19,FVG,7,2,5,5,0,2,0,0,0,7,0,ITH,ITH4,6,Friuli-Venezia Giulia
2021-01-17,LOM,8086,3275,4811,5106,2771,159,45,5,0,7888,198,ITC,ITC4,3,Lombardia
2021-01-03,FVG,312,122,190,285,26,1,0,0,0,312,0,ITH,ITH4,6,Friuli-Venezia Giulia
2021-01-11,CAM,4071,1871,2200,2385,1434,252,0,0,0,4071,0,ITF,ITF3,15,Campania
2021-02-08,EMR,5175,1517,3658,2819,699,1478,178,0,1,2280,2895,ITH,ITH5,8,Emilia-Romagna
2021-02-05,FVG,2613,784,1829,1613,510,490,0,0,0,90,2523,ITH,ITH4,6,Friuli-Venezia Giulia
2021-01-14,PIE,9761,3150,6611,6175,2102,1484,0,0,0,9761,0,ITC,ITC1,1,Piemonte
2021-03-01,MAR,3725,1487,2238,387,177,82,2788,5,286,3478,247,ITI,ITI3,11,Marche
2021-02-15,CAL,1137,538,599,499,412,159,66,0,1,989,148,ITF,ITF6,18,Calabria
2021-01-23,PIE,4218,1321,2897,3189,523,506,0,0,0,878,3340,ITC,ITC1,1,Piemonte
2021-02-04,MAR,2338,807,1531,1405,658,275,0,0,0,112,2226,ITI,ITI3,11,Marche
2021-02-08,SIC,4086,1759,2327,2346,1343,397,0,0,0,2128,1958,ITG,ITG1,19,Sicilia
2021-01-20,PUG,1552,544,1008,785,165,602,0,0,0,1544,8,ITF,ITF4,16,Puglia
2021-03-02,BAS,340,129,211,108,37,5,185,0,5,205,135,ITF,ITF5,17,Basilicata
2021-01-14,BAS,969,413,556,423,223,323,0,0,0,969,0,ITF,ITF5,17,Basilicata
2021-01-18,BAS,463,157,306,364,54,45,0,0,0,364,99,ITF,ITF5,17,Basilicata
2021-02-22,PAB,517,141,376,336,167,0,4,0,10,510,7,ITH,ITH1,4,Provincia Autonoma Bolzano / Bozen
2021-01-07,SIC,9173,4239,4934,7694,1269,210,0,0,0,9173,0,ITG,ITG1,19,Sicilia
2021-01-24,LOM,1184,453,731,798,361,24,1,0,0,522,662,ITC,ITC4,3,Lombardia
2021-01-02,PUG,2944,1296,1648,2825,92,23,0,0,4,2944,0,ITF,ITF4,16,Puglia
2021-02-10,SAR,1958,764,1194,1167,301,489,0,0,1,1439,519,ITG,ITG2,20,Sardegna
2021-03-01,VDA,181,66,115,19,15,29,116,2,0,147,34,ITC,ITC2,2,Valle d'Aosta / Vallée d'Aoste
2021-01-11,PUG,3749,1587,2162,3212,357,175,0,3,2,3749,0,ITF,ITF4,16,Puglia
2021-02-21,PUG,2147,466,1681,536,90,48,29,12,1432,2086,61,ITF,ITF4,16,Puglia
2021-01-29,MOL,421,136,285,227,82,109,0,0,3,6,415,ITF,ITF2,14,Molise
2021-02-18,LAZ,9666,4797,4869,2160,415,473,4952,1665,1,9168,498,ITI,ITI4,12,Lazio
2021-02-03,CAL,2763,1428,1335,2170,490,103,0,0,0,583,2180,ITF,ITF6,18,Calabria
2021-01-16,TOS,3271,1046,2225,2493,538,240,0,0,0,3271,0,ITI,ITI1,9,Toscana
2021-02-11,BAS,942,396,546,201,170,103,464,4,0,859,83,ITF,ITF5,17,Basilicata
2021-01-01,VEN,1525,470,1055,1494,30,1,0,0,0,1525,0,ITH,ITH3,5,Veneto
2021-02-22,EMR,7452,3078,4374,385,231,129,6707,0,0,7189,263,ITH,ITH5,8,Emilia-Romagna
2021-01-16,PUG,2501,1032,1469,1680,305,515,0,0,1,2501,0,ITF,ITF4,16,Puglia
2021-02-28,TOS,1648,667,981,1110,202,78,0,249,9,921,727,ITI,ITI1,9,Toscana
2021-01-27,UMB,838,329,509,837,1,0,0,0,0,13,825,ITI,ITI2,10,Umbria
2021-02-02,PUG,4313,1828,2485,3606,387,317,0,0,3,584,3729,ITF,ITF4,16,Puglia
2021-02-13,LIG,1071,502,569,540,132,145,254,0,0,795,276,ITC,ITC3,7,Liguria
2021-01-08,VDA,299,130,169,240,43,16,0,0,0,299,0,ITC,ITC2,2,Valle d'Aosta / Vallée d'Aoste
2021-02-09,MAR,125,42,83,78,21,26,0,0,0,47,78,ITI,ITI3,11,Marche
2021-01-30,FVG,2271,744,1527,1475,354,442,0,0,0,270,2001,ITH,ITH4,6,Friuli-Venezia Giulia
2021-02-11,PIE,6737,2084,4653,3418,1306,2010,0,0,3,2977,3760,ITC,ITC1,1,Piemonte
2021-01-05,VDA,150,54,96,127,12,11,0,0,0,150,0,ITC,ITC2,2,Valle d'Aosta / Vallée d'Aoste
2021-02-13,PAB,318,79,239,126,184,7,1,0,0,312,6,ITH,ITH1,4,Provincia Autonoma Bolzano / Bozen
2021-02-19,LAZ,9668,4881,4787,2167,389,408,5034,1636,34,9171,497,ITI,ITI4,12,Lazio
2021-02-03,FVG,2646,790,1856,1701,558,386,1,0,0,23,2623,ITH,ITH4,6,Friuli-Venezia Giulia
2021-01-13,CAL,2028,1022,1006,1800,194,34,0,0,0,2028,0,ITF,ITF6,18,Calabria
2021-02-07,CAL,859,428,431,566,212,81,0,0,0,147,712,ITF,ITF6,18,Calabria
2021-02-24,LIG,3705,1535,2170,777,266,150,2511,0,1,3449,256,ITC,ITC3,7,Liguria
2021-02-24,PAB,1205,365,840,10,23,0,0,0,1172,1193,12,ITH,ITH1,4,Provincia Autonoma Bolzano / Bozen
2021-01-12,BAS,217,88,129,39,79,99,0,0,0,217,0,ITF,ITF5,17,Basilicata
2021-02-08,VEN,4944,1532,3412,2760,1004,1167,12,0,1,1929,3015,ITH,ITH3,5,Veneto
2021-02-16,SIC,4407,2296,2111,1462,1287,776,25,856,1,3940,467,ITG,ITG1,19,Sicilia
2021-01-13,ABR,1253,440,813,1103,150,0,0,0,0,1253,0,ITF,ITF1,13,Abruzzo
2021-01-10,VDA,220,71,149,172,29,19,0,0,0,220,0,ITC,ITC2,2,Valle d'Aosta / Vallée d'Aoste
2021-02-27,MAR,3368,1439,1929,186,172,161,2842,6,1,3159,209,ITI,ITI3,11,Marche
2021-02-23,LIG,3766,1546,2220,674,256,113,2719,2,2,3658,108,ITC,ITC3,7,Liguria
2021-02-01,EMR,10287,3594,6693,7443,1585,1259,0,0,0,366,9921,ITH,ITH5,8,Emilia-Romagna
2021-01-12,MOL,336,114,222,132,75,129,0,0,0,336,0,ITF,ITF2,14,Molise
2021-02-02,PAT,889,237,652,505,49,171,164,0,0,190,699,ITH,ITH2,4,Provincia Autonoma Trento
2021-01-10,FVG,2941,919,2022,1745,951,245,0,0,0,2941,0,ITH,ITH4,6,Friuli-Venezia Giulia
2021-03-03,VDA,116,44,72,5,31,1,75,1,3,75,41,ITC,ITC2,2,Valle d'Aosta / Vallée d'Aoste
2021-01-06,MAR,2181,792,1389,1738,296,147,0,0,0,2181,0,ITI,ITI3,11,Marche
2021-01-13,FVG,2651,834,1817,1822,599,230,0,0,0,2651,0,ITH,ITH4,6,Friuli-Venezia Giulia
2021-02-04,TOS,4245,1590,2655,3166,624,455,0,0,0,955,3290,ITI,ITI1,9,Toscana
2021-01-19,CAL,1108,488,620,852,180,76,0,0,0,1098,10,ITF,ITF6,18,Calabria
2020-12-31,VDA,18,4,14,16,2,0,0,0,0,18,0,ITC,ITC2,2,Valle d'Aosta / Vallée d'Aoste
2021-01-23,CAL,400,186,214,325,52,23,0,0,0,358,42,ITF,ITF6,18,Calabria
2021-01-10,CAL,929,524,405,830,99,0,0,0,0,929,0,ITF,ITF6,18,Calabria
2021-01-15,PUG,4546,1860,2686,3594,387,558,0,3,4,4546,0,ITF,ITF4,16,Puglia
2021-02-17,LIG,2575,1133,1442,845,356,262,1111,0,1,2213,362,ITC,ITC3,7,Liguria
2021-01-23,BAS,706,299,407,483,222,1,0,0,0,33,673,ITF,ITF5,17,Basilicata
2021-01-31,TOS,2964,1090,1874,2381,135,448,0,0,0,103,2861,ITI,ITI1,9,Toscana
2021-01-06,VDA,65,33,32,29,18,18,0,0,0,65,0,ITC,ITC2,2,Valle d'Aosta / Vallée d'Aoste
2021-02-23,MAR,3271,1399,1872,219,137,116,2791,8,0,3215,56,ITI,ITI3,11,Marche
2021-01-25,LIG,2679,874,1805,2171,189,317,0,0,2,467,2212,ITC,ITC3,7,Liguria
2021-01-09,SIC,7325,3424,3901,5034,1835,456,0,0,0,7325,0,ITG,ITG1,19,Sicilia
2021-01-30,LOM,12304,4563,7741,9873,2263,159,8,1,0,192,12112,ITC,ITC4,3,Lombardia
2021-02-12,PAB,703,212,491,306,286,102,7,2,0,458,245,ITH,ITH1,4,Provincia Autonoma Bolzano / Bozen
2021-01-20,PAT,288,71,217,229,11,48,0,0,0,276,12,ITH,ITH2,4,Provincia Autonoma Trento
2021-02-20,SAR,2036,854,1182,483,157,194,1201,0,1,1702,334,ITG,ITG2,20,Sardegna
2021-02-22,VEN,6950,3012,3938,710,255,334,5416,1,234,6562,388,ITH,ITH3,5,Veneto
2021-01-22,MAR,487,167,320,315,85,87,0,0,0,194,293,ITI,ITI3,11,Marche
2021-02-12,LIG,1727,651,1076,766,211,319,430,0,1,962,765,ITC,ITC3,7,Liguria
2021-03-03,MAR,4487,2083,2404,585,646,187,2025,545,499,3833,654,ITI,ITI3,11,Marche
2021-01-27,PAB,84,28,56,54,30,0,0,0,0,1,83,ITH,ITH1,4,Provincia Autonoma Bolzano / Bozen
2021-02-05,LOM,24534,7130,17404,13647,6352,4279,256,0,0,2053,22481,ITC,ITC4,3,Lombardia
2021-02-15,SAR,940,338,602,429,232,279,0,0,0,909,31,ITG,ITG2,20,Sardegna
2021-02-26,LIG,3628,1466,2162,752,201,169,2504,0,2,3299,329,ITC,ITC3,7,Liguria
2021-01-02,PAT,498,142,356,334,25,139,0,0,0,498,0,ITH,ITH2,4,Provincia Autonoma Trento
2021-02-21,TOS,5101,2087,3014,3667,1216,195,1,13,9,4932,169,ITI,ITI1,9,Toscana
2021-02-21,PAT,155,92,63,154,1,0,0,0,0,43,112,ITH,ITH2,4,Provincia Autonoma Trento
2021-02-10,CAL,2463,1074,1389,1469,637,357,0,0,0,839,1624,ITF,ITF6,18,Calabria
2021-03-02,PIE,9770,3781,5989,886,824,213,5517,0,2330,8955,815,ITC,ITC1,1,Piemonte
2021-02-13,UMB,115,28,87,68,46,0,1,0,0,112,3,ITI,ITI2,10,Umbria
2021-01-11,PAT,724,220,504,516,58,150,0,0,0,724,0,ITH,ITH2,4,Provincia Autonoma Trento
2021-02-14,LAZ,5535,2245,3290,1645,318,127,3445,0,0,5286,249,ITI,ITI4,12,Lazio
2021-03-03,FVG,1611,686,925,190,171,18,1015,87,130,1316,295,ITH,ITH4,6,Friuli-Venezia Giulia
2021-01-05,VEN,7327,2183,5144,5410,790,1122,0,1,4,7327,0,ITH,ITH3,5,Veneto
2021-01-30,SIC,7836,3569,4267,5449,1912,475,0,0,0,174,7662,ITG,ITG1,19,Sicilia
2021-02-07,MOL,66,32,34,49,1,16,0,0,0,19,47,ITF,ITF2,14,Molise
2020-12-27,PUG,506,249,257,401,42,63,0,0,0,506,0,ITF,ITF4,16,Puglia
2021-01-14,SIC,5250,2514,2736,3046,1945,259,0,0,0,5250,0,ITG,ITG1,19,Sicilia
2021-02-16,MOL,156,70,86,148,8,0,0,0,0,150,6,ITF,ITF2,14,Molise
2021-03-02,CAM,12747,4551,8196,1262,4351,150,1939,2,5043,8405,4342,ITF,ITF3,15,Campania
2020-12-27,SAR,65,34,31,65,0,0,0,0,0,65,0,ITG,ITG2,20,Sardegna
2021-01-17,PIE,3518,1168,2350,2083,595,840,0,0,0,2870,648,ITC,ITC1,1,Piemonte
2021-01-06,CAL,926,500,426,822,104,0,0,0,0,926,0,ITF,ITF6,18,Calabria
2021-01-26,PIE,6323,1875,4448,4721,874,728,0,0,0,734,5589,ITC,ITC1,1,Piemonte
2021-02-17,MOL,72,32,40,47,19,6,0,0,0,57,15,ITF,ITF2,14,Molise
2021-02-12,UMB,671,224,447,459,208,1,1,0,2,664,7,ITI,ITI2,10,Umbria
2021-01-20,VEN,1039,368,671,696,130,213,0,0,0,387,652,ITH,ITH3,5,Veneto
2020-12-27,FVG,262,149,113,259,3,0,0,0,0,262,0,ITH,ITH4,6,Friuli-Venezia Giulia
2021-01-10,TOS,3001,1104,1897,2432,138,431,0,0,0,3001,0,ITI,ITI1,9,Toscana
2021-01-18,LOM,8964,2920,6044,4090,3284,1470,116,4,0,7982,982,ITC,ITC4,3,Lombardia
2021-01-05,LOM,7672,2513,5159,5711,1786,167,8,0,0,7672,0,ITC,ITC4,3,Lombardia
2021-02-02,FVG,2465,806,1659,1656,393,416,0,0,0,217,2248,ITH,ITH4,6,Friuli-Venezia Giulia
2020-12-27,PAT,103,40,63,76,6,21,0,0,0,103,0,ITH,ITH2,4,Provincia Autonoma Trento
2021-01-19,EMR,2039,502,1537,745,135,1159,0,0,0,2022,17,ITH,ITH5,8,Emilia-Romagna
2021-01-23,CAM,3839,2029,1810,3161,609,69,0,0,0,273,3566,ITF,ITF3,15,Campania
2021-01-18,EMR,3125,879,2246,1681,316,1128,0,0,0,2448,677,ITH,ITH5,8,Emilia-Romagna
2021-01-27,VEN,7141,2064,5077,5203,1057,879,0,0,2,247,6894,ITH,ITH3,5,Veneto
2021-01-16,ABR,927,428,499,710,202,15,0,0,0,927,0,ITF,ITF1,13,Abruzzo
2021-01-24,SIC,4335,2262,2073,3990,342,3,0,0,0,148,4187,ITG,ITG1,19,Sicilia
2021-01-26,UMB,814,390,424,813,1,0,0,0,0,18,796,ITI,ITI2,10,Umbria
2021-03-01,CAL,2684,1529,1155,399,422,257,971,632,3,2234,450,ITF,ITF6,18,Calabria
2021-02-22,LOM,11483,4663,6820,4053,1499,917,4021,965,28,11177,306,ITC,ITC4,3,Lombardia
2021-02-02,SAR,1482,655,827,988,494,0,0,0,0,241,1241,ITG,ITG2,20,Sardegna
2021-01-20,SAR,210,77,133,154,56,0,0,0,0,208,2,ITG,ITG2,20,Sardegna
2021-02-22,MAR,3412,1498,1914,325,408,77,2595,5,2,3338,74,ITI,ITI3,11,Marche
2021-01-22,UMB,276,105,171,273,1,2,0,0,0,32,244,ITI,ITI2,10,Umbria
2021-01-15,PAT,590,130,460,459,21,110,0,0,0,590,0,ITH,ITH2,4,Provincia Autonoma Trento
2021-01-12,VDA,302,72,230,242,49,11,0,0,0,302,0,ITC,ITC2,2,Valle d'Aosta / Vallée d'Aoste
2021-01-31,UMB,1056,276,780,765,10,281,0,0,0,25,1031,ITI,ITI2,10,Umbria
2021-01-05,SAR,1327,446,881,1283,44,0,0,0,0,1327,0,ITG,ITG2,20,Sardegna
2021-01-03,UMB,267,111,156,267,0,0,0,0,0,267,0,ITI,ITI2,10,Umbria
2021-02-11,MAR,1988,658,1330,1155,621,212,0,0,0,1599,389,ITI,ITI3,11,Marche
2021-03-02,PAB,681,193,488,1,1,0,0,7,672,681,0,ITH,ITH1,4,Provincia Autonoma Bolzano / Bozen
2021-02-06,FVG,1153,337,816,755,207,191,0,0,0,22,1131,ITH,ITH4,6,Friuli-Venezia Giulia
2021-01-20,TOS,1314,635,679,432,256,626,0,0,0,1077,237,ITI,ITI1,9,Toscana
2021-01-13,SIC,5204,2462,2742,3033,1730,441,0,0,0,5204,0,ITG,ITG1,19,Sicilia
2021-02-24,MOL,666,278,388,242,105,44,274,0,1,333,333,ITF,ITF2,14,Molise
2021-02-10,PIE,7439,2343,5096,3845,1496,2098,0,0,0,1313,6126,ITC,ITC1,1,Piemonte
2021-02-23,SIC,8944,4686,4258,1265,1236,502,3995,1367,579,8456,488,ITG,ITG1,19,Sicilia
2021-01-16,LOM,15261,5688,9573,8149,5653,1277,179,3,0,15261,0,ITC,ITC4,3,Lombardia
2021-02-14,BAS,149,48,101,55,13,63,18,0,0,149,0,ITF,ITF5,17,Basilicata
2021-02-17,PUG,4251,1738,2513,2444,1208,597,1,0,1,3654,597,ITF,ITF4,16,Puglia
2021-02-17,CAL,1681,672,1009,673,343,285,299,0,81,1471,210,ITF,ITF6,18,Calabria
2021-01-02,LAZ,6703,2629,4074,6267,78,358,0,0,0,6703,0,ITI,ITI4,12,Lazio
2020-12-27,VEN,880,395,485,875,4,0,0,0,1,880,0,ITH,ITH3,5,Veneto
2021-02-22,ABR,2644,1175,1469,477,357,46,1094,419,251,2614,30,ITF,ITF1,13,Abruzzo
2021-01-22,FVG,90,30,60,89,1,0,0,0,0,0,90,ITH,ITH4,6,Friuli-Venezia Giulia
2021-01-10,PAB,2,2,0,1,1,0,0,0,0,2,0,ITH,ITH1,4,Provincia Autonoma Bolzano / Bozen
2021-01-04,EMR,7254,2509,4745,6161,516,577,0,0,0,7254,0,ITH,ITH5,8,Emilia-Romagna
2021-03-02,LIG,3771,1538,2233,680,151,17,2919,1,3,3552,219,ITC,ITC3,7,Liguria
2021-02-02,VEN,6402,1842,4560,2969,1287,1993,152,0,1,392,6010,ITH,ITH3,5,Veneto
2021-01-12,MAR,1226,413,813,912,264,50,0,0,0,1226,0,ITI,ITI3,11,Marche
2021-01-27,SAR,1408,494,914,1303,105,0,0,0,0,79,1329,ITG,ITG2,20,Sardegna
2021-02-19,BAS,1617,736,881,218,373,66,960,0,0,1555,62,ITF,ITF5,17,Basilicata
2021-02-11,ABR,816,262,554,473,189,154,0,0,0,773,43,ITF,ITF1,13,Abruzzo
2021-01-08,BAS,555,219,336,265,231,59,0,0,0,555,0,ITF,ITF5,17,Basilicata
2021-02-20,BAS,1043,485,558,70,180,68,725,0,0,926,117,ITF,ITF5,17,Basilicata
2021-03-01,LIG,3247,1330,1917,496,104,50,2596,0,1,3141,106,ITC,ITC3,7,Liguria
2021-01-14,LAZ,5217,1960,3257,3872,450,811,84,0,0,5217,0,ITI,ITI4,12,Lazio
2021-01-09,MOL,450,152,298,221,51,178,0,0,0,450,0,ITF,ITF2,14,Molise
2021-02-17,PAT,1092,420,672,325,27,35,690,3,12,1001,91,ITH,ITH2,4,Provincia Autonoma Trento
2021-02-03,EMR,9269,2971,6298,6226,1341,1617,85,0,0,954,8315,ITH,ITH5,8,Emilia-Romagna
2021-03-01,CAM,12295,4280,8015,1095,3708,145,1720,0,5627,8185,4110,ITF,ITF3,15,Campania
2021-02-04,CAM,7943,3429,4514,3965,3685,292,1,0,0,1308,6635,ITF,ITF3,15,Campania
2021-02-04,PIE,10187,3335,6852,6232,2199,1756,0,0,0,581,9606,ITC,ITC1,1,Piemonte
2021-01-31,PIE,4105,1748,2357,3076,654,375,0,0,0,112,3993,ITC,ITC1,1,Piemonte
2021-03-01,LOM,16999,7413,9586,2532,2451,780,9724,1484,28,15380,1619,ITC,ITC4,3,Lombardia
2021-01-03,EMR,2730,934,1796,2480,80,170,0,0,0,2730,0,ITH,ITH5,8,Emilia-Romagna
2021-01-20,UMB,613,222,391,583,15,14,0,0,1,613,0,ITI,ITI2,10,Umbria
2021-01-16,EMR,5591,1716,3875,3686,793,1108,0,3,1,5591,0,ITH,ITH5,8,Emilia-Romagna
2021-02-11,VDA,231,107,124,53,38,0,127,13,0,222,9,ITC,ITC2,2,Valle d'Aosta / Vallée d'Aoste
2021-01-28,TOS,6275,1880,4395,5421,66,788,0,0,0,349,5926,ITI,ITI1,9,Toscana
2021-01-20,PAB,609,248,361,282,77,0,250,0,0,401,208,ITH,ITH1,4,Provincia Autonoma Bolzano / Bozen
2021-01-06,LOM,7044,2486,4558,5264,1742,35,3,0,0,7044,0,ITC,ITC4,3,Lombardia
2021-02-18,PIE,4562,1906,2656,2236,1720,604,0,0,2,4165,397,ITC,ITC1,1,Piemonte
2021-01-23,UMB,277,100,177,276,1,0,0,0,0,2,275,ITI,ITI2,10,Umbria
2021-02-02,MAR,1193,397,796,804,296,93,0,0,0,73,1120,ITI,ITI3,11,Marche
2021-01-11,TOS,5092,1689,3403,4360,210,522,0,0,0,5092,0,ITI,ITI1,9,Toscana
2021-02-25,SIC,10141,5270,4871,1768,1700,507,3976,1525,665,8967,1174,ITG,ITG1,19,Sicilia
2021-02-15,CAM,5467,2513,2954,975,1002,94,3394,1,1,5294,173,ITF,ITF3,15,Campania
2020-12-30,PIE,730,322,408,685,45,0,0,0,0,730,0,ITC,ITC1,1,Piemonte
2021-01-04,BAS,607,271,336,534,71,0,0,0,2,607,0,ITF,ITF5,17,Basilicata
2021-01-23,PAB,195,115,80,183,12,0,0,0,0,0,195,ITH,ITH1,4,Provincia Autonoma Bolzano / Bozen
2021-01-06,ABR,1830,664,1166,1546,151,133,0,0,0,1830,0,ITF,ITF1,13,Abruzzo
2021-01-31,FVG,2713,836,1877,1692,1003,18,0,0,0,385,2328,ITH,ITH4,6,Friuli-Venezia Giulia
2020-12-27,VDA,20,9,11,20,0,0,0,0,0,20,0,ITC,ITC2,2,Valle d'Aosta / Vallée d'Aoste
2021-01-04,LAZ,7477,2907,4570,7074,86,316,0,0,1,7477,0,ITI,ITI4,12,Lazio
2021-02-08,MAR,833,258,575,408,163,262,0,0,0,371,462,ITI,ITI3,11,Marche
2021-02-09,CAM,4629,2192,2437,1148,2137,6,1338,0,0,4377,252,ITF,ITF3,15,Campania
2021-01-28,SAR,2968,1044,1924,2554,403,0,0,11,0,69,2899,ITG,ITG2,20,Sardegna
2021-02-07,CAM,2935,1385,1550,711,1708,226,290,0,0,2157,778,ITF,ITF3,15,Campania
2021-02-27,PAB,2454,758,1696,202,136,8,881,3,1224,2445,9,ITH,ITH1,4,Provincia Autonoma Bolzano / Bozen
2021-01-15,EMR,7699,2392,5307,5296,1084,1318,0,0,1,7699,0,ITH,ITH5,8,Emilia-Romagna
2021-01-15,VDA,218,82,136,116,68,28,6,0,0,218,0,ITC,ITC2,2,Valle d'Aosta / Vallée d'Aoste
2021-02-01,LAZ,5669,2173,3496,4784,319,559,7,0,0,353,5316,ITI,ITI4,12,Lazio
2021-01-07,LAZ,7720,2892,4828,6878,276,566,0,0,0,7720,0,ITI,ITI4,12,Lazio
2021-02-10,FVG,1352,496,856,745,487,119,0,0,1,1266,86,ITH,ITH4,6,Friuli-Venezia Giulia
2021-01-25,PAB,461,176,285,379,80,0,1,0,1,3,458,ITH,ITH1,4,Provincia Autonoma Bolzano / Bozen
2021-01-17,PAB,2270,1025,1245,54,236,19,1961,0,0,2259,11,ITH,ITH1,4,Provincia Autonoma Bolzano / Bozen
2021-02-01,BAS,242,91,151,97,97,48,0,0,0,46,196,ITF,ITF5,17,Basilicata
2021-01-05,MAR,1562,586,976,1436,126,0,0,0,0,1562,0,ITI,ITI3,11,Marche
2021-01-26,FVG,1972,647,1325,1439,152,381,0,0,0,214,1758,ITH,ITH4,6,Friuli-Venezia Giulia
2021-01-10,SAR,2183,750,1433,1632,551,0,0,0,0,2183,0,ITG,ITG2,20,Sardegna
2021-02-09,LIG,1864,673,1191,1057,330,455,0,0,22,309,1555,ITC,ITC3,7,Liguria
2021-01-27,MAR,2118,780,1338,1752,226,140,0,0,0,122,1996,ITI,ITI3,11,Marche
2021-01-28,VEN,9180,2652,6528,6458,1288,1431,0,0,3,172,9008,ITH,ITH3,5,Veneto
2021-03-03,SIC,11139,5134,6005,1814,1837,380,3720,1055,2333,8666,2473,ITG,ITG1,19,Sicilia
2021-02-04,UMB,732,226,506,692,20,20,0,0,0,25,707,ITI,ITI2,10,Umbria
2021-03-02,UMB,3387,1257,2130,318,249,31,1167,241,1381,3383,4,ITI,ITI2,10,Umbria
2020-12-31,CAM,1490,811,679,1273,216,1,0,0,0,1490,0,ITF,ITF3,15,Campania
2021-02-21,CAL,607,286,321,36,164,47,330,30,0,530,77,ITF,ITF6,18,Calabria
2021-02-04,PAB,1840,556,1284,623,598,405,214,0,0,8,1832,ITH,ITH1,4,Provincia Autonoma Bolzano / Bozen
2021-01-30,MOL,460,158,302,189,92,179,0,0,0,12,448,ITF,ITF2,14,Molise
2021-02-01,SIC,6077,2684,3393,4168,1591,318,0,0,0,304,5773,ITG,ITG1,19,Sicilia
2021-01-04,SIC,8373,4172,4201,7595,772,6,0,0,0,8373,0,ITG,ITG1,19,Sicilia
2021-01-29,EMR,10325,3476,6849,8080,1228,1017,0,0,0,289,10036,ITH,ITH5,8,Emilia-Romagna
2021-02-15,LIG,2119,796,1323,962,255,239,661,1,1,1730,389,ITC,ITC3,7,Liguria
2021-01-28,PAB,867,307,560,584,214,69,0,0,0,10,857,ITH,ITH1,4,Provincia Autonoma Bolzano / Bozen
2021-02-16,CAL,1534,643,891,659,517,240,118,0,0,1255,279,ITF,ITF6,18,Calabria
2021-01-05,ABR,1614,604,1010,1604,10,0,0,0,0,1614,0,ITF,ITF1,13,Abruzzo
2021-02-16,PUG,3363,1443,1920,2122,808,412,3,16,2,2718,645,ITF,ITF4,16,Puglia
2021-01-19,BAS,199,84,115,78,77,44,0,0,0,199,0,ITF,ITF5,17,Basilicata
2021-02-09,PAB,317,126,191,64,22,2,227,0,2,1,316,ITH,ITH1,4,Provincia Autonoma Bolzano / Bozen
2021-01-08,PIE,5528,1761,3767,4078,1029,421,0,0,0,5528,0,ITC,ITC1,1,Piemonte
2020-12-31,PIE,3906,1332,2574,3412,360,134,0,0,0,3906,0,ITC,ITC1,1,Piemonte
2021-02-08,VDA,223,83,140,28,103,3,64,0,25,25,198,ITC,ITC2,2,Valle d'Aosta / Vallée d'Aoste
2021-02-24,CAM,11522,4072,7450,712,2311,85,5094,0,3320,10834,688,ITF,ITF3,15,Campania
2021-02-12,EMR,5295,1672,3623,3392,912,704,287,0,0,3897,1398,ITH,ITH5,8,Emilia-Romagna
2021-02-04,LIG,2779,970,1809,1840,461,469,0,1,8,179,2600,ITC,ITC3,7,Liguria
2021-02-25,MAR,3561,1446,2115,432,213,423,2489,3,1,3382,179,ITI,ITI3,11,Marche
2021-01-14,MOL,646,239,407,418,113,115,0,0,0,646,0,ITF,ITF2,14,Molise
2021-01-10,PAT,84,19,65,53,19,12,0,0,0,84,0,ITH,ITH2,4,Provincia Autonoma Trento
2021-02-20,LAZ,8781,4077,4704,1940,460,297,4752,1310,22,8364,417,ITI,ITI4,12,Lazio
2021-02-27,TOS,1901,691,1210,1353,314,108,1,106,19,999,902,ITI,ITI1,9,Toscana
2021-01-17,LIG,860,299,561,515,82,262,0,0,1,860,0,ITC,ITC3,7,Liguria
2021-02-28,LIG,1060,581,479,12,571,3,474,0,0,1059,1,ITC,ITC3,7,Liguria
2021-01-25,TOS,5123,1895,3228,4158,56,909,0,0,0,248,4875,ITI,ITI1,9,Toscana
2021-01-28,UMB,1240,392,848,891,4,345,0,0,0,19,1221,ITI,ITI2,10,Umbria
2021-01-16,BAS,721,304,417,273,285,161,0,0,2,721,0,ITF,ITF5,17,Basilicata
2020-12-30,LIG,10,4,6,10,0,0,0,0,0,10,0,ITC,ITC3,7,Liguria
2021-02-28,CAM,10398,3203,7195,485,3656,22,1943,0,4292,8500,1898,ITF,ITF3,15,Campania
2021-03-01,EMR,8122,2942,5180,1734,525,347,5511,3,2,5971,2151,ITH,ITH5,8,Emilia-Romagna
2021-01-10,VEN,5019,1661,3358,3838,715,462,2,2,0,5019,0,ITH,ITH3,5,Veneto
2020-12-27,MAR,200,97,103,184,12,4,0,0,0,200,0,ITI,ITI3,11,Marche
2021-01-18,ABR,122,48,74,106,14,2,0,0,0,46,76,ITF,ITF1,13,Abruzzo
2021-01-29,LOM,13427,4109,9318,10441,2405,572,9,0,0,649,12778,ITC,ITC4,3,Lombardia
2021-01-31,PAT,74,15,59,55,13,6,0,0,0,0,74,ITH,ITH2,4,Provincia Autonoma Trento
2021-02-07,PIE,3087,974,2113,1649,662,776,0,0,0,445,2642,ITC,ITC1,1,Piemonte
2021-01-10,UMB,1056,275,781,740,9,307,0,0,0,1056,0,ITI,ITI2,10,Umbria
2021-02-24,LOM,13399,5393,8006,3279,1572,1690,5654,1181,23,12586,813,ITC,ITC4,3,Lombardia
2021-01-23,LIG,804,293,511,631,129,43,0,0,1,149,655,ITC,ITC3,7,Liguria
2021-01-17,CAM,1155,551,604,718,286,151,0,0,0,702,453,ITF,ITF3,15,Campania
2021-02-21,CAM,5833,2239,3594,780,653,22,3869,0,509,5608,225,ITF,ITF3,15,Campania
2021-02-02,VDA,271,70,201,225,43,3,0,0,0,2,269,ITC,ITC2,2,Valle d'Aosta / Vallée d'Aoste
2021-01-15,ABR,379,149,230,223,121,35,0,0,0,379,0,ITF,ITF1,13,Abruzzo
2021-01-02,TOS,3497,1097,2400,2682,15,800,0,0,0,3497,0,ITI,ITI1,9,Toscana
2021-02-10,PAT,848,288,560,310,10,51,477,0,0,507,341,ITH,ITH2,4,Provincia Autonoma Trento
2021-02-08,ABR,1201,398,803,710,227,264,0,0,0,491,710,ITF,ITF1,13,Abruzzo
2021-02-20,LOM,9381,3879,5502,4275,1117,215,2907,863,4,9088,293,ITC,ITC4,3,Lombardia
2021-02-07,LIG,406,152,254,190,29,187,0,0,0,2,404,ITC,ITC3,7,Liguria
2021-02-17,EMR,6528,2760,3768,802,1283,404,4039,0,0,5753,775,ITH,ITH5,8,Emilia-Romagna
2021-02-24,ABR,3302,1439,1863,391,340,247,1967,226,131,3126,176,ITF,ITF1,13,Abruzzo
2021-01-29,ABR,1386,449,937,1290,96,0,0,0,0,74,1312,ITF,ITF1,13,Abruzzo
2021-02-18,SAR,1874,732,1142,1071,362,297,1,33,110,1810,64,ITG,ITG2,20,Sardegna
2021-01-21,CAM,2093,1116,977,1379,639,75,0,0,0,677,1416,ITF,ITF3,15,Campania
2021-02-16,EMR,5701,2420,3281,738,904,424,3635,0,0,5173,528,ITH,ITH5,8,Emilia-Romagna
2021-02-25,PAB,1149,409,740,1,20,0,726,0,402,1148,1,ITH,ITH1,4,Provincia Autonoma Bolzano / Bozen
2021-01-03,LAZ,5250,1972,3278,5125,60,65,0,0,0,5250,0,ITI,ITI4,12,Lazio
2021-01-12,FVG,2257,712,1545,1525,371,361,0,0,0,2257,0,ITH,ITH4,6,Friuli-Venezia Giulia
2021-02-18,EMR,7040,2890,4150,890,534,236,5380,0,0,6458,582,ITH,ITH5,8,Emilia-Romagna
2021-02-03,LAZ,6288,2348,3940,4620,555,1078,35,0,0,901,5387,ITI,ITI4,12,Lazio
2021-01-08,SAR,3257,1184,2073,2929,328,0,0,0,0,3257,0,ITG,ITG2,20,Sardegna
2021-01-21,PIE,6868,2310,4558,4697,855,1316,0,0,0,3381,3487,ITC,ITC1,1,Piemonte
2021-03-03,PAB,669,180,489,12,11,6,0,13,627,656,13,ITH,ITH1,4,Provincia Autonoma Bolzano / Bozen
2021-01-01,PAT,206,48,158,109,11,86,0,0,0,206,0,ITH,ITH2,4,Provincia Autonoma Trento
2021-01-03,SIC,4693,2454,2239,4361,332,0,0,0,0,4693,0,ITG,ITG1,19,Sicilia
2021-02-27,UMB,1658,354,1304,14,11,13,0,60,1560,1642,16,ITI,ITI2,10,Umbria
2021-01-12,PAT,501,158,343,413,29,59,0,0,0,501,0,ITH,ITH2,4,Provincia Autonoma Trento
2021-02-03,SIC,6100,2856,3244,3356,2120,624,0,0,0,756,5344,ITG,ITG1,19,Sicilia
2020-12-31,LIG,972,347,625,735,55,154,28,0,0,972,0,ITC,ITC3,7,Liguria
2021-03-03,UMB,3421,1428,1993,695,243,23,1162,277,1021,2710,711,ITI,ITI2,10,Umbria
2021-02-23,PIE,8615,3382,5233,2117,1197,376,3858,0,1067,8010,605,ITC,ITC1,1,Piemonte
2021-01-20,MAR,398,99,299,146,62,190,0,0,0,386,12,ITI,ITI3,11,Marche
2021-01-26,SIC,9515,4679,4836,8379,882,254,0,0,0,265,9250,ITG,ITG1,19,Sicilia
2021-01-10,MAR,1737,699,1038,1462,275,0,0,0,0,1737,0,ITI,ITI3,11,Marche
2021-02-12,BAS,769,332,437,285,271,89,118,6,0,738,31,ITF,ITF5,17,Basilicata
2021-01-01,PUG,146,60,86,145,1,0,0,0,0,146,0,ITF,ITF4,16,Puglia
2021-01-12,PUG,4202,1765,2437,3628,350,218,1,0,5,4202,0,ITF,ITF4,16,Puglia
2021-02-16,LOM,9121,2970,6151,5660,2196,1231,8,7,19,8672,449,ITC,ITC4,3,Lombardia
2021-02-06,LAZ,5069,2015,3054,3270,630,660,509,0,0,769,4300,ITI,ITI4,12,Lazio
2021-02-27,VEN,8627,2497,6130,1937,1313,36,1256,12,4073,7832,795,ITH,ITH3,5,Veneto
2021-01-04,LIG,2461,808,1653,2104,233,121,0,0,3,2461,0,ITC,ITC3,7,Liguria
2021-02-26,PIE,11503,4496,7007,798,1213,484,6223,0,2785,10759,744,ITC,ITC1,1,Piemonte
2021-02-11,PAT,1130,364,766,331,17,48,734,0,0,795,335,ITH,ITH2,4,Provincia Autonoma Trento
2021-01-09,LOM,12376,4558,7818,8134,4039,192,10,1,0,12376,0,ITC,ITC4,3,Lombardia
2021-01-19,LAZ,4360,1671,2689,2967,561,424,408,0,0,3907,453,ITI,ITI4,12,Lazio
2021-02-18,UMB,1495,582,913,324,16,170,985,0,0,1029,466,ITI,ITI2,10,Umbria
2021-03-03,MOL,509,215,294,43,299,48,0,0,119,441,68,ITF,ITF2,14,Molise
2021-02-06,SIC,5044,2211,2833,2535,1939,570,0,0,0,1466,3578,ITG,ITG1,19,Sicilia
2021-02-05,TOS,5747,2244,3503,4121,1184,442,0,0,0,1923,3824,ITI,ITI1,9,Toscana
2021-02-17,ABR,2074,950,1124,512,241,394,716,210,1,1791,283,ITF,ITF1,13,Abruzzo
2021-01-25,PIE,6209,1938,4271,4782,865,562,0,0,0,980,5229,ITC,ITC1,1,Piemonte
2021-01-17,VDA,131,56,75,49,3,20,59,0,0,131,0,ITC,ITC2,2,Valle d'Aosta / Vallée d'Aoste
2021-01-08,UMB,1173,337,836,926,9,238,0,0,0,1173,0,ITI,ITI2,10,Umbria
2020-12-31,UMB,322,127,195,310,12,0,0,0,0,322,0,ITI,ITI2,10,Umbria
2021-02-26,CAM,13262,4202,9060,623,2380,166,3220,1,6872,11930,1332,ITF,ITF3,15,Campania
2021-02-27,EMR,9902,3797,6105,1710,445,115,7632,0,0,8174,1728,ITH,ITH5,8,Emilia-Romagna
2021-02-10,VDA,239,75,164,51,25,18,126,1,18,132,107,ITC,ITC2,2,Valle d'Aosta / Vallée d'Aoste
2021-02-18,PAB,1639,400,1239,23,320,20,3,0,1273,1635,4,ITH,ITH1,4,Provincia Autonoma Bolzano / Bozen
2021-02-21,LIG,861,487,374,180,317,97,267,0,0,857,4,ITC,ITC3,7,Liguria
2021-02-27,SAR,1914,643,1271,1062,379,303,170,0,0,1359,555,ITG,ITG2,20,Sardegna
2021-01-25,ABR,1604,633,971,1584,20,0,0,0,0,20,1584,ITF,ITF1,13,Abruzzo
2021-01-07,LOM,11555,3593,7962,8085,2802,594,72,2,0,11555,0,ITC,ITC4,3,Lombardia
2021-01-16,MOL,420,166,254,270,23,127,0,0,0,420,0,ITF,ITF2,14,Molise
2021-02-05,LAZ,6910,2722,4188,5095,631,995,189,0,0,1131,5779,ITI,ITI4,12,Lazio
2021-02-11,TOS,5370,2009,3361,2808,2218,323,0,10,11,5128,242,ITI,ITI1,9,Toscana
2021-01-07,CAM,8910,4166,4744,6313,2265,332,0,0,0,8910,0,ITF,ITF3,15,Campania
2021-01-08,PAB,1487,469,1018,759,466,166,96,0,0,1487,0,ITH,ITH1,4,Provincia Autonoma Bolzano / Bozen
2021-01-25,PUG,3820,1676,2144,3470,179,168,2,0,1,423,3397,ITF,ITF4,16,Puglia
2021-02-02,TOS,3734,1471,2263,3020,287,421,0,6,0,188,3546,ITI,ITI1,9,Toscana
2021-02-11,PUG,3665,1389,2276,2549,388,725,0,0,3,2394,1271,ITF,ITF4,16,Puglia
2020-12-31,PAB,867,497,370,439,428,0,0,0,0,867,0,ITH,ITH1,4,Provincia Autonoma Bolzano / Bozen
2021-02-07,MAR,1870,734,1136,1156,668,46,0,0,0,344,1526,ITI,ITI3,11,Marche
2021-02-19,PAB,1633,392,1241,121,263,73,7,0,1169,1622,11,ITH,ITH1,4,Provincia Autonoma Bolzano / Bozen
2021-03-03,PIE,8531,3299,5232,846,579,128,5377,0,1601,7897,634,ITC,ITC1,1,Piemonte
2021-02-20,CAL,1358,735,623,438,411,55,433,19,2,1043,315,ITF,ITF6,18,Calabria
2021-02-04,SAR,2271,816,1455,1737,363,170,1,0,0,916,1355,ITG,ITG2,20,Sardegna
2021-01-09,EMR,9873,3425,6448,7824,1169,880,0,0,0,9873,0,ITH,ITH5,8,Emilia-Romagna
2021-02-27,ABR,2808,1337,1471,253,185,123,732,642,873,2542,266,ITF,ITF1,13,Abruzzo
2021-02-23,UMB,1693,658,1035,1187,95,17,394,0,0,1650,43,ITI,ITI2,10,Umbria
2021-02-01,CAL,2496,1192,1304,2044,409,43,0,0,0,248,2248,ITF,ITF6,18,Calabria
2021-01-08,EMR,10808,3555,7253,8454,1274,1080,0,0,0,10808,0,ITH,ITH5,8,Emilia-Romagna
2021-01-19,SIC,1271,521,750,521,512,238,0,0,0,1093,178,ITG,ITG1,19,Sicilia
2021-02-18,VEN,5660,2431,3229,940,359,553,3803,0,5,5593,67,ITH,ITH3,5,Veneto
2021-02-24,EMR,9185,3525,5660,623,597,216,7749,0,0,8332,853,ITH,ITH5,8,Emilia-Romagna
2021-01-06,MOL,689,260,429,456,62,171,0,0,0,689,0,ITF,ITF2,14,Molise
2021-01-01,PIE,1038,395,643,922,116,0,0,0,0,1038,0,ITC,ITC1,1,Piemonte
2021-01-17,FVG,1720,524,1196,674,560,486,0,0,0,1720,0,ITH,ITH4,6,Friuli-Venezia Giulia
2021-02-20,PAT,404,244,160,329,10,30,1,3,31,121,283,ITH,ITH2,4,Provincia Autonoma Trento
2021-02-07,SIC,2346,995,1351,1610,581,155,0,0,0,673,1673,ITG,ITG1,19,Sicilia
2021-02-25,VEN,7770,3283,4487,1483,560,403,4941,109,274,7178,592,ITH,ITH3,5,Veneto
2021-01-13,LIG,2716,992,1724,1879,346,487,0,0,4,2716,0,ITC,ITC3,7,Liguria
2021-01-04,MOL,314,131,183,301,13,0,0,0,0,314,0,ITF,ITF2,14,Molise
2021-01-05,MOL,449,180,269,441,8,0,0,0,0,449,0,ITF,ITF2,14,Molise
2021-02-06,MOL,429,179,250,276,22,130,0,0,1,29,400,ITF,ITF2,14,Molise
2021-02-27,PAT,1020,452,568,441,31,0,433,3,112,598,422,ITH,ITH2,4,Provincia Autonoma Trento
2021-01-30,LIG,1649,561,1088,1254,137,256,0,0,2,25,1624,ITC,ITC3,7,Liguria
2021-02-19,EMR,7284,3000,4284,819,392,257,5816,0,0,6780,504,ITH,ITH5,8,Emilia-Romagna
2021-02-01,PAT,1218,334,884,766,78,374,0,0,0,92,1126,ITH,ITH2,4,Provincia Autonoma Trento
2021-02-16,BAS,893,371,522,247,96,65,484,1,0,795,98,ITF,ITF5,17,Basilicata
2021-02-25,UMB,1302,483,819,810,97,85,305,0,5,1250,52,ITI,ITI2,10,Umbria
2021-02-18,ABR,2291,934,1357,670,380,416,610,215,0,2161,130,ITF,ITF1,13,Abruzzo
2021-03-02,SIC,14695,6302,8393,2379,1914,482,4466,1330,4124,11876,2819,ITG,ITG1,19,Sicilia
2021-01-28,MAR,1972,659,1313,1581,290,101,0,0,0,167,1805,ITI,ITI3,11,Marche
2021-02-06,LIG,1874,757,1117,1298,201,374,0,0,1,145,1729,ITC,ITC3,7,Liguria
2021-02-14,SAR,538,262,276,288,193,57,0,0,0,536,2,ITG,ITG2,20,Sardegna
2021-01-09,ABR,1483,565,918,1430,53,0,0,0,0,1483,0,ITF,ITF1,13,Abruzzo
2021-02-27,BAS,1867,813,1054,102,177,21,1567,0,0,1702,165,ITF,ITF5,17,Basilicata
2021-02-20,PUG,2948,1073,1875,2109,260,166,3,4,406,2693,255,ITF,ITF4,16,Puglia
2021-02-19,ABR,3301,1552,1749,990,433,371,1111,388,8,3201,100,ITF,ITF1,13,Abruzzo
2021-01-08,ABR,1525,507,1018,1487,38,0,0,0,0,1525,0,ITF,ITF1,13,Abruzzo
2021-01-07,PUG,5707,2448,3259,5210,276,217,0,1,3,5707,0,ITF,ITF4,16,Puglia
2021-01-08,VEN,9397,2831,6566,5977,1605,1807,3,1,4,9397,0,ITH,ITH3,5,Veneto
2021-01-25,FVG,1582,567,1015,1369,141,72,0,0,0,194,1388,ITH,ITH4,6,Friuli-Venezia Giulia
2021-02-01,PUG,3956,1656,2300,3437,300,209,0,4,6,375,3581,ITF,ITF4,16,Puglia
2021-03-01,BAS,380,172,208,120,109,4,147,0,0,216,164,ITF,ITF5,17,Basilicata
2021-01-06,BAS,294,129,165,144,114,36,0,0,0,294,0,ITF,ITF5,17,Basilicata
2021-02-03,MOL,731,249,482,391,159,180,0,0,1,338,393,ITF,ITF2,14,Molise
2021-01-26,PAB,809,291,518,670,139,0,0,0,0,1,808,ITH,ITH1,4,Provincia Autonoma Bolzano / Bozen
2020-12-27,PIE,912,368,544,760,76,76,0,0,0,912,0,ITC,ITC1,1,Piemonte
2021-02-17,BAS,1121,488,633,120,159,57,783,1,1,1045,76,ITF,ITF5,17,Basilicata
2021-02-14,VEN,124,55,69,93,31,0,0,0,0,111,13,ITH,ITH3,5,Veneto
2021-02-04,BAS,1091,440,651,551,259,281,0,0,0,63,1028,ITF,ITF5,17,Basilicata
2021-02-19,SAR,1490,468,1022,674,436,378,1,1,0,1434,56,ITG,ITG2,20,Sardegna
2021-01-07,PAT,1269,310,959,649,64,556,0,0,0,1269,0,ITH,ITH2,4,Provincia Autonoma Trento
2021-01-22,PIE,3864,1247,2617,2279,650,935,0,0,0,2521,1343,ITC,ITC1,1,Piemonte
2021-01-07,ABR,1603,552,1051,1566,37,0,0,0,0,1603,0,ITF,ITF1,13,Abruzzo
2021-02-15,VDA,264,136,128,24,29,24,170,15,2,229,35,ITC,ITC2,2,Valle d'Aosta / Vallée d'Aoste
2021-01-19,LIG,1332,421,911,688,313,328,0,0,3,1245,87,ITC,ITC3,7,Liguria
2021-01-21,FVG,894,345,549,863,31,0,0,0,0,1,893,ITH,ITH4,6,Friuli-Venezia Giulia
2021-01-03,PAB,40,15,25,32,7,0,1,0,0,40,0,ITH,ITH1,4,Provincia Autonoma Bolzano / Bozen
2021-02-25,MOL,541,239,302,68,12,28,433,0,0,473,68,ITF,ITF2,14,Molise
2021-02-23,CAM,10915,3363,7552,514,2210,220,3685,0,4286,10389,526,ITF,ITF3,15,Campania
2021-01-15,MOL,538,242,296,398,59,81,0,0,0,538,0,ITF,ITF2,14,Molise
2021-03-03,CAM,10137,3890,6247,1383,2919,155,2967,0,2713,5541,4596,ITF,ITF3,15,Campania
2021-02-09,EMR,4139,1241,2898,2217,468,1198,256,0,0,2293,1846,ITH,ITH5,8,Emilia-Romagna
2021-01-06,SAR,1615,549,1066,1510,105,0,0,0,0,1615,0,ITG,ITG2,20,Sardegna
2021-02-25,SAR,2892,1250,1642,1472,737,464,159,51,9,2286,606,ITG,ITG2,20,Sardegna
2021-02-19,UMB,743,293,450,281,16,14,432,0,0,526,217,ITI,ITI2,10,Umbria
2021-01-03,LIG,730,228,502,654,75,0,0,0,1,730,0,ITC,ITC3,7,Liguria
2021-01-18,LAZ,5347,2071,3276,3413,756,725,453,0,0,4857,490,ITI,ITI4,12,Lazio
2020-12-29,SAR,57,32,25,56,1,0,0,0,0,57,0,ITG,ITG2,20,Sardegna
2021-02-16,ABR,1972,865,1107,841,513,139,404,75,0,1960,12,ITF,ITF1,13,Abruzzo
2021-02-23,FVG,2608,1249,1359,103,105,206,1939,254,1,2430,178,ITH,ITH4,6,Friuli-Venezia Giulia
2021-01-18,TOS,1119,636,483,430,314,375,0,0,0,1021,98,ITI,ITI1,9,Toscana
2020-12-29,LOM,100,43,57,100,0,0,0,0,0,100,0,ITC,ITC4,3,Lombardia
2021-02-26,LOM,16996,7093,9903,2887,1783,972,10027,1303,24,15510,1486,ITC,ITC4,3,Lombardia
2021-02-26,FVG,3699,2074,1625,75,139,433,1733,1020,299,3553,146,ITH,ITH4,6,Friuli-Venezia Giulia
2021-02-08,PUG,3955,1590,2365,2931,609,389,0,25,1,1566,2389,ITF,ITF4,16,Puglia
2021-01-11,MAR,1176,411,765,1021,155,0,0,0,0,1176,0,ITI,ITI3,11,Marche
2021-02-14,EMR,1397,377,1020,855,484,39,19,0,0,1277,120,ITH,ITH5,8,Emilia-Romagna
2021-02-22,TOS,9817,4253,5564,3483,2280,315,22,1014,2703,9539,278,ITI,ITI1,9,Toscana
2021-01-30,MAR,1907,668,1239,1566,341,0,0,0,0,29,1878,ITI,ITI3,11,Marche
2021-01-20,SIC,808,410,398,422,194,192,0,0,0,573,235,ITG,ITG1,19,Sicilia
2021-01-27,TOS,4835,1572,3263,4019,74,742,0,0,0,207,4628,ITI,ITI1,9,Toscana
2021-01-25,PAT,774,205,569,482,30,262,0,0,0,23,751,ITH,ITH2,4,Provincia Autonoma Trento
2021-02-10,TOS,4261,1279,2982,3535,241,484,0,1,0,3738,523,ITI,ITI1,9,Toscana
2021-02-21,EMR,4404,1693,2711,394,267,190,3553,0,0,3967,437,ITH,ITH5,8,Emilia-Romagna
2021-02-03,LIG,2205,756,1449,1571,251,382,0,0,1,113,2092,ITC,ITC3,7,Liguria
2021-01-16,PAB,2748,1229,1519,450,360,77,1861,0,0,2748,0,ITH,ITH1,4,Provincia Autonoma Bolzano / Bozen
2021-02-18,BAS,1065,400,665,264,78,149,574,0,0,849,216,ITF,ITF5,17,Basilicata
2021-02-19,VEN,7249,3110,4139,1479,885,505,4372,3,5,7047,202,ITH,ITH3,5,Veneto
2021-01-07,CAL,2179,1061,1118,1882,297,0,0,0,0,2179,0,ITF,ITF6,18,Calabria
2021-02-12,CAM,6548,2872,3676,1808,1467,214,3055,0,4,6335,213,ITF,ITF3,15,Campania
2021-01-22,CAM,1523,775,748,970,344,209,0,0,0,673,850,ITF,ITF3,15,Campania
2021-02-28,EMR,6458,2449,4009,1755,433,53,4217,0,0,4618,1840,ITH,ITH5,8,Emilia-Romagna
2021-02-22,PUG,9245,4358,4887,1396,719,140,6466,214,310,8916,329,ITF,ITF4,16,Puglia
2021-01-19,MOL,173,63,110,90,59,22,0,0,2,162,11,ITF,ITF2,14,Molise
2021-01-06,VEN,8126,2380,5746,6304,1010,807,1,2,2,8126,0,ITH,ITH3,5,Veneto
2021-02-23,CAL,1549,728,821,437,381,206,522,2,1,1434,115,ITF,ITF6,18,Calabria
2021-02-05,LIG,2464,903,1561,1601,418,442,0,0,3,301,2163,ITC,ITC3,7,Liguria
2021-02-08,PAT,1148,318,830,550,59,237,302,0,0,340,808,ITH,ITH2,4,Provincia Autonoma Trento
2021-02-07,PAB,2163,974,1189,99,397,1,1666,0,0,10,2153,ITH,ITH1,4,Provincia Autonoma Bolzano / Bozen
2021-01-19,VDA,256,77,179,160,24,15,57,0,0,256,0,ITC,ITC2,2,Valle d'Aosta / Vallée d'Aoste
2021-01-08,MAR,1574,588,986,1226,348,0,0,0,0,1574,0,ITI,ITI3,11,Marche
2021-01-29,LAZ,7593,2865,4728,6372,427,704,90,0,0,477,7116,ITI,ITI4,12,Lazio
2021-02-24,FVG,2510,1079,1431,22,53,309,1830,0,296,2492,18,ITH,ITH4,6,Friuli-Venezia Giulia
2020-12-27,EMR,968,372,596,824,118,26,0,0,0,968,0,ITH,ITH5,8,Emilia-Romagna
2021-02-25,LIG,3427,1343,2084,544,216,88,2576,2,1,3297,130,ITC,ITC3,7,Liguria
2021-01-20,MOL,18,8,10,14,4,0,0,0,0,18,0,ITF,ITF2,14,Molise
2021-02-08,PIE,6894,2350,4544,3782,1556,1556,0,0,0,664,6230,ITC,ITC1,1,Piemonte
2021-02-10,LOM,13938,4389,9549,8025,2647,3166,96,0,4,7380,6558,ITC,ITC4,3,Lombardia
2021-02-05,PAT,796,269,527,466,22,65,243,0,0,279,517,ITH,ITH2,4,Provincia Autonoma Trento
2021-02-26,SIC,12197,5967,6230,1836,1970,360,3888,1733,2410,10511,1686,ITG,ITG1,19,Sicilia
2021-01-14,ABR,530,189,341,364,166,0,0,0,0,530,0,ITF,ITF1,13,Abruzzo
2021-01-26,MAR,2016,746,1270,1736,194,86,0,0,0,92,1924,ITI,ITI3,11,Marche
2021-01-19,SAR,747,270,477,423,163,160,0,0,1,692,55,ITG,ITG2,20,Sardegna
2021-01-16,VEN,4577,1534,3043,3174,754,649,0,0,0,4577,0,ITH,ITH3,5,Veneto
2020-12-27,LIG,132,54,78,85,2,45,0,0,0,132,0,ITC,ITC3,7,Liguria
2021-01-28,VDA,290,123,167,194,88,6,2,0,0,56,234,ITC,ITC2,2,Valle d'Aosta / Vallée d'Aoste
2020-12-31,MAR,383,178,205,370,13,0,0,0,0,383,0,ITI,ITI3,11,Marche
2021-01-17,SIC,1295,584,711,619,516,160,0,0,0,1245,50,ITG,ITG1,19,Sicilia
2021-01-25,MOL,319,130,189,317,0,0,0,0,2,3,316,ITF,ITF2,14,Molise
2021-02-28,BAS,756,322,434,32,30,0,694,0,0,728,28,ITF,ITF5,17,Basilicata
2021-02-14,MAR,738,301,437,578,160,0,0,0,0,738,0,ITI,ITI3,11,Marche
2021-02-23,LOM,11379,4646,6733,3786,1582,802,4216,990,3,11077,302,ITC,ITC4,3,Lombardia
2021-01-18,CAL,1230,550,680,982,237,11,0,0,0,1040,190,ITF,ITF6,18,Calabria
2021-01-06,TOS,4519,1459,3060,3984,10,525,0,0,0,4519,0,ITI,ITI1,9,Toscana
2020-12-30,SIC,173,101,72,156,17,0,0,0,0,173,0,ITG,ITG1,19,Sicilia
2021-02-28,LAZ,10172,3987,6185,1601,687,77,4526,682,2599,9658,514,ITI,ITI4,12,Lazio
2021-02-11,LAZ,6656,2787,3869,2196,333,500,3627,0,0,6458,198,ITI,ITI4,12,Lazio
2021-02-11,FVG,1915,660,1255,1128,562,222,3,0,0,1723,192,ITH,ITH4,6,Friuli-Venezia Giulia
2021-02-07,UMB,54,17,37,46,8,0,0,0,0,1,53,ITI,ITI2,10,Umbria
2021-02-22,PIE,8058,3220,4838,1695,1240,518,3716,0,889,7466,592,ITC,ITC1,1,Piemonte
2021-01-13,LOM,25609,7883,17726,12003,9669,3620,307,10,0,25609,0,ITC,ITC4,3,Lombardia
2020-12-29,SIC,235,146,89,235,0,0,0,0,0,235,0,ITG,ITG1,19,Sicilia
2021-02-21,BAS,206,86,120,14,2,11,178,0,1,206,0,ITF,ITF5,17,Basilicata
2021-01-28,CAL,2232,1107,1125,1920,312,0,0,0,0,84,2148,ITF,ITF6,18,Calabria
2020-12-28,LIG,76,27,49,73,3,0,0,0,0,76,0,ITC,ITC3,7,Liguria
2021-02-25,BAS,1770,724,1046,67,14,0,1688,1,0,1723,47,ITF,ITF5,17,Basilicata
2021-02-05,PUG,5619,2267,3352,4560,524,526,0,3,6,1322,4297,ITF,ITF4,16,Puglia
2021-01-29,UMB,1221,343,878,934,16,271,0,0,0,79,1142,ITI,ITI2,10,Umbria
2021-01-05,PAB,820,283,537,718,102,0,0,0,0,820,0,ITH,ITH1,4,Provincia Autonoma Bolzano / Bozen
2021-02-12,MOL,329,149,180,223,32,72,0,0,2,207,122,ITF,ITF2,14,Molise
2021-02-13,VDA,215,195,20,0,54,0,0,161,0,215,0,ITC,ITC2,2,Valle d'Aosta / Vallée d'Aoste
2021-01-17,PAT,251,195,56,251,0,0,0,0,0,251,0,ITH,ITH2,4,Provincia Autonoma Trento
2021-01-21,PAB,915,426,489,719,101,68,27,0,0,138,777,ITH,ITH1,4,Provincia Autonoma Bolzano / Bozen
2020-12-27,PAB,143,65,78,136,6,0,1,0,0,143,0,ITH,ITH1,4,Provincia Autonoma Bolzano / Bozen
2021-01-27,VDA,151,71,80,53,27,18,53,0,0,79,72,ITC,ITC2,2,Valle d'Aosta / Vallée d'Aoste
2021-02-14,VDA,48,16,32,6,0,42,0,0,0,1,47,ITC,ITC2,2,Valle d'Aosta / Vallée d'Aoste
2021-01-12,TOS,3581,1398,2183,2944,283,354,0,0,0,3581,0,ITI,ITI1,9,Toscana
2021-02-24,VEN,8337,3558,4779,1270,707,494,5599,258,9,7855,482,ITH,ITH3,5,Veneto
2021-02-06,PUG,4400,1886,2514,3435,485,478,0,0,2,1563,2837,ITF,ITF4,16,Puglia
2021-01-05,EMR,9324,3163,6161,7924,636,764,0,0,0,9324,0,ITH,ITH5,8,Emilia-Romagna
2021-02-07,TOS,2806,953,1853,2349,300,157,0,0,0,885,1921,ITI,ITI1,9,Toscana
2021-02-04,PAT,971,303,668,541,17,89,324,0,0,420,551,ITH,ITH2,4,Provincia Autonoma Trento
2021-01-01,LAZ,3553,1381,2172,3483,2,68,0,0,0,3553,0,ITI,ITI4,12,Lazio
2021-02-09,SIC,4370,1831,2539,2240,1490,640,0,0,0,3364,1006,ITG,ITG1,19,Sicilia
2021-02-07,SAR,1116,394,722,975,141,0,0,0,0,228,888,ITG,ITG2,20,Sardegna
2021-01-01,TOS,2368,786,1582,1716,2,650,0,0,0,2368,0,ITI,ITI1,9,Toscana
2021-01-05,TOS,5244,1755,3489,4354,11,879,0,0,0,5244,0,ITI,ITI1,9,Toscana
2021-02-03,VDA,351,114,237,157,141,52,1,0,0,14,337,ITC,ITC2,2,Valle d'Aosta / Vallée d'Aoste
2021-01-26,VDA,139,48,91,115,12,12,0,0,0,0,139,ITC,ITC2,2,Valle d'Aosta / Vallée d'Aoste
2021-02-13,CAM,5501,2544,2957,948,807,131,3613,0,2,5283,218,ITF,ITF3,15,Campania
2021-02-26,CAL,3077,1630,1447,538,688,406,1147,294,4,2610,467,ITF,ITF6,18,Calabria
2020-12-31,SAR,32,16,16,28,4,0,0,0,0,32,0,ITG,ITG2,20,Sardegna
2021-01-12,LAZ,5391,1974,3417,4343,464,584,0,0,0,5391,0,ITI,ITI4,12,Lazio
2021-01-24,LIG,752,234,518,629,63,60,0,0,0,113,639,ITC,ITC3,7,Liguria
2021-02-01,SAR,1524,605,919,894,553,77,0,0,0,225,1299,ITG,ITG2,20,Sardegna
2021-01-23,LAZ,6883,2682,4201,6063,278,417,125,0,0,255,6628,ITI,ITI4,12,Lazio
2021-02-17,FVG,2336,989,1347,327,194,228,1541,46,0,1858,478,ITH,ITH4,6,Friuli-Venezia Giulia
2021-01-04,SAR,591,217,374,565,26,0,0,0,0,591,0,ITG,ITG2,20,Sardegna
2021-02-22,BAS,1730,750,980,126,87,2,1515,0,0,1677,53,ITF,ITF5,17,Basilicata
2021-02-12,VDA,245,94,151,51,45,13,131,0,5,215,30,ITC,ITC2,2,Valle d'Aosta / Vallée d'Aoste
2021-03-02,FVG,3913,1407,2506,1024,540,200,1535,5,609,2667,1246,ITH,ITH4,6,Friuli-Venezia Giulia
2021-01-24,CAM,4128,2123,2005,3140,822,166,0,0,0,383,3745,ITF,ITF3,15,Campania
2021-01-02,EMR,2347,903,1444,2071,79,197,0,0,0,2347,0,ITH,ITH5,8,Emilia-Romagna
2021-01-17,PUG,1295,586,709,819,147,329,0,0,0,1226,69,ITF,ITF4,16,Puglia
2021-02-27,PUG,12918,4346,8572,1564,701,126,4407,344,5776,11820,1098,ITF,ITF4,16,Puglia
2021-01-23,FVG,816,324,492,768,48,0,0,0,0,4,812,ITH,ITH4,6,Friuli-Venezia Giulia
2021-01-07,MOL,598,209,389,414,39,145,0,0,0,598,0,ITF,ITF2,14,Molise
2021-02-04,PUG,5829,2345,3484,4402,812,609,0,0,6,1163,4666,ITF,ITF4,16,Puglia
2021-01-20,EMR,1321,269,1052,391,143,787,0,0,0,1320,1,ITH,ITH5,8,Emilia-Romagna
2021-01-08,TOS,5944,1641,4303,5360,39,545,0,0,0,5944,0,ITI,ITI1,9,Toscana
2021-02-21,PIE,4860,2001,2859,612,262,47,3202,0,737,4757,103,ITC,ITC1,1,Piemonte
2021-02-22,SIC,8034,4158,3876,1107,934,554,4065,1053,321,7543,491,ITG,ITG1,19,Sicilia
2021-01-16,LAZ,5340,2069,3271,3347,461,1062,470,0,0,5340,0,ITI,ITI4,12,Lazio
2021-02-08,TOS,4095,1358,2737,3373,345,377,0,0,0,3636,459,ITI,ITI1,9,Toscana
2021-02-05,SIC,7211,3230,3981,3616,2740,855,0,0,0,2130,5081,ITG,ITG1,19,Sicilia
2021-02-13,MAR,1064,455,609,457,517,90,0,0,0,1012,52,ITI,ITI3,11,Marche
2021-01-30,TOS,4620,1622,2998,3763,219,638,0,0,0,197,4423,ITI,ITI1,9,Toscana
2021-01-25,VDA,147,65,82,125,16,6,0,0,0,0,147,ITC,ITC2,2,Valle d'Aosta / Vallée d'Aoste
2021-01-10,LOM,10511,3955,6556,6865,3619,8,17,2,0,10511,0,ITC,ITC4,3,Lombardia
2021-01-11,MOL,557,194,363,196,250,111,0,0,0,557,0,ITF,ITF2,14,Molise
2021-02-25,ABR,3086,1347,1739,615,557,18,1508,262,126,2558,528,ITF,ITF1,13,Abruzzo
2021-02-10,ABR,947,312,635,621,210,116,0,0,0,503,444,ITF,ITF1,13,Abruzzo
2021-03-03,LOM,19252,8123,11129,5069,4465,1090,6916,1361,351,13752,5500,ITC,ITC4,3,Lombardia
2021-02-16,FVG,2502,1129,1373,260,273,220,1749,0,0,2387,115,ITH,ITH4,6,Friuli-Venezia Giulia
2021-02-28,PIE,10330,3898,6432,528,444,53,6597,0,2708,10087,243,ITC,ITC1,1,Piemonte
2021-01-26,ABR,1542,567,975,1513,29,0,0,0,0,29,1513,ITF,ITF1,13,Abruzzo
2021-02-08,BAS,557,193,364,436,72,49,0,0,0,151,406,ITF,ITF5,17,Basilicata
2021-01-18,SAR,904,326,578,714,190,0,0,0,0,780,124,ITG,ITG2,20,Sardegna
2021-01-17,VEN,1932,780,1152,1587,220,120,3,0,2,1583,349,ITH,ITH3,5,Veneto
2021-01-16,MAR,2006,723,1283,1059,662,285,0,0,0,2006,0,ITI,ITI3,11,Marche
2021-02-12,LOM,13005,4086,8919,7323,3065,2572,45,0,0,8512,4493,ITC,ITC4,3,Lombardia
2021-01-25,LOM,7012,2365,4647,5504,1318,180,10,0,0,480,6532,ITC,ITC4,3,Lombardia
2021-01-30,PAB,496,244,252,216,179,101,0,0,0,4,492,ITH,ITH1,4,Provincia Autonoma Bolzano / Bozen
2021-01-02,CAM,3674,1963,1711,3167,507,0,0,0,0,3674,0,ITF,ITF3,15,Campania
2021-01-07,EMR,10204,3381,6823,8177,959,1068,0,0,0,10204,0,ITH,ITH5,8,Emilia-Romagna
2021-01-16,PAT,318,147,171,303,1,14,0,0,0,318,0,ITH,ITH2,4,Provincia Autonoma Trento
2021-01-03,CAL,6,3,3,4,2,0,0,0,0,6,0,ITF,ITF6,18,Calabria
2021-02-14,CAL,371,145,226,146,142,83,0,0,0,341,30,ITF,ITF6,18,Calabria
2021-02-14,LIG,225,119,106,29,30,106,60,0,0,225,0,ITC,ITC3,7,Liguria
2021-01-24,UMB,254,104,150,254,0,0,0,0,0,1,253,ITI,ITI2,10,Umbria
2021-01-27,LOM,8027,2675,5352,6101,1722,202,2,0,0,820,7207,ITC,ITC4,3,Lombardia
2021-01-20,CAM,1257,650,607,395,761,101,0,0,0,1257,0,ITF,ITF3,15,Campania
2021-02-22,PAT,732,254,478,118,17,69,485,0,43,649,83,ITH,ITH2,4,Provincia Autonoma Trento
2021-01-30,UMB,1577,483,1094,841,18,717,1,0,0,44,1533,ITI,ITI2,10,Umbria
2021-01-21,SAR,126,60,66,60,66,0,0,0,0,94,32,ITG,ITG2,20,Sardegna
2021-01-09,FVG,2517,841,1676,1519,405,593,0,0,0,2517,0,ITH,ITH4,6,Friuli-Venezia Giulia
2021-02-06,LOM,14693,5374,9319,9300,3503,1820,70,0,0,881,13812,ITC,ITC4,3,Lombardia
2021-02-18,PAT,1200,424,776,300,30,35,777,3,55,1137,63,ITH,ITH2,4,Provincia Autonoma Trento
2021-02-23,EMR,8173,3205,4968,407,317,111,7337,0,1,7789,384,ITH,ITH5,8,Emilia-Romagna
2021-01-10,ABR,1139,409,730,1091,48,0,0,0,0,1139,0,ITF,ITF1,13,Abruzzo
2021-01-29,TOS,6136,1698,4438,5375,139,622,0,0,0,302,5834,ITI,ITI1,9,Toscana
2021-01-27,CAM,7735,3819,3916,5836,1629,270,0,0,0,161,7574,ITF,ITF3,15,Campania
2021-01-15,LAZ,6223,2465,3758,4476,604,988,155,0,0,6223,0,ITI,ITI4,12,Lazio
2021-02-20,ABR,4781,1842,2939,310,569,192,1417,406,1887,4705,76,ITF,ITF1,13,Abruzzo
2021-02-11,MOL,293,133,160,225,19,45,0,3,1,257,36,ITF,ITF2,14,Molise
2021-02-12,VEN,4283,1420,2863,2697,900,678,6,2,0,3707,576,ITH,ITH3,5,Veneto
2021-01-08,CAL,2109,1014,1095,1898,211,0,0,0,0,2109,0,ITF,ITF6,18,Calabria
2021-01-26,LIG,2435,787,1648,1921,258,251,0,0,5,101,2334,ITC,ITC3,7,Liguria
2021-02-01,VDA,403,127,276,268,65,70,0,0,0,87,316,ITC,ITC2,2,Valle d'Aosta / Vallée d'Aoste
2021-01-12,PIE,9989,3387,6602,6821,1996,1172,0,0,0,9989,0,ITC,ITC1,1,Piemonte
2021-01-25,VEN,6466,2074,4392,5059,500,904,1,0,2,170,6296,ITH,ITH3,5,Veneto
2021-03-01,MOL,641,268,373,200,184,108,0,2,147,427,214,ITF,ITF2,14,Molise
2021-01-24,PAB,12,10,2,1,11,0,0,0,0,0,12,ITH,ITH1,4,Provincia Autonoma Bolzano / Bozen
2021-02-18,PUG,4312,1820,2492,2671,954,679,4,2,2,3709,603,ITF,ITF4,16,Puglia
2021-01-07,VDA,275,111,164,224,46,5,0,0,0,275,0,ITC,ITC2,2,Valle d'Aosta / Vallée d'Aoste
2021-02-04,MOL,758,295,463,502,114,141,0,0,1,77,681,ITF,ITF2,14,Molise
2021-01-10,PIE,5207,2273,2934,3904,784,519,0,0,0,5207,0,ITC,ITC1,1,Piemonte
2021-02-09,FVG,1847,555,1292,1052,509,286,0,0,0,1559,288,ITH,ITH4,6,Friuli-Venezia Giulia
2021-01-06,SIC,6471,3402,3069,5717,752,2,0,0,0,6471,0,ITG,ITG1,19,Sicilia
2021-01-27,LIG,1637,582,1055,1287,173,176,0,0,1,140,1497,ITC,ITC3,7,Liguria
2021-02-21,LAZ,6770,3090,3680,1243,362,51,4491,607,16,6489,281,ITI,ITI4,12,Lazio
2021-03-01,SIC,12855,6088,6767,1556,1807,392,4299,1744,3057,11196,1659,ITG,ITG1,19,Sicilia
2021-02-17,PAB,4,1,3,1,2,0,1,0,0,2,2,ITH,ITH1,4,Provincia Autonoma Bolzano / Bozen
2021-01-26,CAL,1805,861,944,1571,164,70,0,0,0,285,1520,ITF,ITF6,18,Calabria
2021-02-28,PAT,242,121,121,231,0,0,0,0,11,242,0,ITH,ITH2,4,Provincia Autonoma Trento
2021-02-15,LAZ,7724,3377,4347,2445,675,378,4218,8,0,7427,297,ITI,ITI4,12,Lazio
2021-02-01,MAR,1360,479,881,1053,226,81,0,0,0,98,1262,ITI,ITI3,11,Marche
2021-01-12,SIC,4542,2234,2308,2863,1484,195,0,0,0,4542,0,ITG,ITG1,19,Sicilia
2021-02-23,PAB,763,321,442,0,65,0,620,0,78,757,6,ITH,ITH1,4,Provincia Autonoma Bolzano / Bozen
2021-03-02,MOL,666,383,283,98,253,51,0,113,151,508,158,ITF,ITF2,14,Molise
2021-01-21,LAZ,5223,2099,3124,4758,108,232,125,0,0,196,5027,ITI,ITI4,12,Lazio
2021-01-31,CAM,8067,3711,4356,5107,2893,67,0,0,0,23,8044,ITF,ITF3,15,Campania
2021-02-13,LOM,6263,2388,3875,3854,1746,647,16,0,0,4924,1339,ITC,ITC4,3,Lombardia
2021-01-21,UMB,610,202,408,428,13,169,0,0,0,341,269,ITI,ITI2,10,Umbria
2021-02-03,SAR,1118,418,700,918,181,19,0,0,0,426,692,ITG,ITG2,20,Sardegna
2021-01-30,SAR,3862,1392,2470,2987,874,0,1,0,0,362,3500,ITG,ITG2,20,Sardegna
2021-01-05,SIC,10527,5159,5368,9074,1246,207,0,0,0,10527,0,ITG,ITG1,19,Sicilia
2021-02-15,FVG,2442,908,1534,696,401,314,1031,0,0,2192,250,ITH,ITH4,6,Friuli-Venezia Giulia
2021-01-28,EMR,10218,3333,6885,8066,1030,1122,0,0,0,350,9868,ITH,ITH5,8,Emilia-Romagna
2021-01-29,MAR,1991,730,1261,1479,438,74,0,0,0,168,1823,ITI,ITI3,11,Marche
2020-12-31,SIC,877,469,408,827,50,0,0,0,0,877,0,ITG,ITG1,19,Sicilia
2021-01-08,SIC,8328,3864,4464,6591,1524,213,0,0,0,8328,0,ITG,ITG1,19,Sicilia
2021-02-02,LAZ,5772,2133,3639,4712,486,571,3,0,0,501,5271,ITI,ITI4,12,Lazio
2021-03-03,EMR,7218,2855,4363,1821,429,108,4858,1,1,5473,1745,ITH,ITH5,8,Emilia-Romagna
2021-02-01,CAM,3985,1813,2172,2504,1329,152,0,0,0,110,3875,ITF,ITF3,15,Campania
2021-02-02,BAS,366,142,224,134,129,102,1,0,0,176,190,ITF,ITF5,17,Basilicata
2021-01-11,VEN,7236,2100,5136,3499,1533,1956,247,0,1,7236,0,ITH,ITH3,5,Veneto
2020-12-27,UMB,85,45,40,67,2,16,0,0,0,85,0,ITI,ITI2,10,Umbria
2020-12-27,LAZ,139,66,73,139,0,0,0,0,0,139,0,ITI,ITI4,12,Lazio
2021-01-15,VEN,5871,1820,4051,2991,1300,1565,9,3,3,5871,0,ITH,ITH3,5,Veneto
2021-01-03,SAR,90,36,54,89,1,0,0,0,0,90,0,ITG,ITG2,20,Sardegna
2021-01-20,FVG,750,323,427,719,31,0,0,0,0,12,738,ITH,ITH4,6,Friuli-Venezia Giulia
2021-01-28,CAM,8832,4122,4710,6216,2269,347,0,0,0,135,8697,ITF,ITF3,15,Campania
2021-01-23,EMR,2443,868,1575,1899,114,430,0,0,0,441,2002,ITH,ITH5,8,Emilia-Romagna
2021-01-03,BAS,900,344,556,790,108,0,0,0,2,900,0,ITF,ITF5,17,Basilicata
2021-01-12,LIG,2404,855,1549,1694,268,440,0,0,2,2404,0,ITC,ITC3,7,Liguria
2021-01-29,SIC,9359,4320,5039,7150,1904,305,0,0,0,432,8927,ITG,ITG1,19,Sicilia
2021-01-22,SIC,1235,625,610,1035,82,118,0,0,0,242,993,ITG,ITG1,19,Sicilia
2021-02-19,PAT,872,342,530,168,54,70,560,0,20,814,58,ITH,ITH2,4,Provincia Autonoma Trento
2021-01-30,BAS,703,226,477,301,276,126,0,0,0,127,576,ITF,ITF5,17,Basilicata
2020-12-28,PIE,1,1,0,1,0,0,0,0,0,1,0,ITC,ITC1,1,Piemonte
2021-02-12,LAZ,6487,2642,3845,1991,423,299,3774,0,0,6410,77,ITI,ITI4,12,Lazio
2021-01-19,CAM,1095,474,621,534,390,171,0,0,0,1092,3,ITF,ITF3,15,Campania
2021-01-05,CAL,1350,618,732,1256,94,0,0,0,0,1350,0,ITF,ITF6,18,Calabria
2021-01-13,PIE,10041,3214,6827,6458,2255,1328,0,0,0,10041,0,ITC,ITC1,1,Piemonte
2021-01-19,PAT,403,77,326,363,4,36,0,0,0,403,0,ITH,ITH2,4,Provincia Autonoma Trento
2021-02-05,ABR,1535,520,1015,1188,241,106,0,0,0,788,747,ITF,ITF1,13,Abruzzo
2021-01-17,UMB,54,17,37,47,7,0,0,0,0,54,0,ITI,ITI2,10,Umbria
2021-01-18,MOL,114,48,66,97,17,0,0,0,0,114,0,ITF,ITF2,14,Molise
2021-02-08,LIG,1825,704,1121,1200,376,242,0,0,7,302,1523,ITC,ITC3,7,Liguria
2021-02-11,VEN,3774,1149,2625,2468,632,663,9,1,1,3147,627,ITH,ITH3,5,Veneto
2021-02-02,LOM,19769,6558,13211,13368,4646,1676,79,0,0,480,19289,ITC,ITC4,3,Lombardia
2021-01-25,LAZ,7761,3041,4720,7006,270,363,122,0,0,421,7340,ITI,ITI4,12,Lazio
2021-01-05,FVG,1679,550,1129,1349,133,197,0,0,0,1679,0,ITH,ITH4,6,Friuli-Venezia Giulia
2021-01-20,LOM,5528,1357,4171,1991,2186,1261,90,0,0,5413,115,ITC,ITC4,3,Lombardia
2021-03-02,EMR,5546,2071,3475,1144,417,188,3795,0,2,4102,1444,ITH,ITH5,8,Emilia-Romagna
2021-02-19,TOS,8248,2927,5321,2963,1232,202,152,579,3120,7753,495,ITI,ITI1,9,Toscana
2021-02-19,PUG,4681,1986,2695,3010,1234,385,2,43,7,4290,391,ITF,ITF4,16,Puglia
2021-01-16,CAL,2394,1120,1274,1664,489,241,0,0,0,2394,0,ITF,ITF6,18,Calabria
2021-01-16,FVG,1231,360,871,771,212,248,0,0,0,1231,0,ITH,ITH4,6,Friuli-Venezia Giulia
2021-02-03,BAS,666,300,366,305,189,172,0,0,0,32,634,ITF,ITF5,17,Basilicata
2021-02-02,CAM,5722,2804,2918,3640,1728,354,0,0,0,443,5279,ITF,ITF3,15,Campania
2021-02-26,LAZ,12799,5574,7225,1908,1331,323,5114,1385,2738,11581,1218,ITI,ITI4,12,Lazio
2021-01-21,MAR,896,253,643,460,100,336,0,0,0,585,311,ITI,ITI3,11,Marche
2021-01-02,LOM,199,72,127,177,22,0,0,0,0,199,0,ITC,ITC4,3,Lombardia
2021-01-02,CAL,165,94,71,165,0,0,0,0,0,165,0,ITF,ITF6,18,Calabria
2021-01-28,PAT,530,147,383,390,33,107,0,0,0,48,482,ITH,ITH2,4,Provincia Autonoma Trento
2021-02-17,LAZ,8806,4369,4437,2282,432,499,4247,1345,1,8278,528,ITI,ITI4,12,Lazio
2021-01-16,VDA,236,80,156,127,36,22,51,0,0,236,0,ITC,ITC2,2,Valle d'Aosta / Vallée d'Aoste
2021-01-24,CAL,44,18,26,15,3,26,0,0,0,39,5,ITF,ITF6,18,Calabria
2021-02-10,MOL,150,78,72,91,6,53,0,0,0,130,20,ITF,ITF2,14,Molise
2021-01-14,EMR,8086,2572,5514,5390,1089,1606,0,1,0,8086,0,ITH,ITH5,8,Emilia-Romagna
2021-01-30,ABR,1509,566,943,1348,114,47,0,0,0,69,1440,ITF,ITF1,13,Abruzzo
2021-02-03,PAT,844,312,532,353,25,73,393,0,0,414,430,ITH,ITH2,4,Provincia Autonoma Trento
2021-01-14,VEN,7053,1924,5129,3228,1335,2473,17,0,0,7053,0,ITH,ITH3,5,Veneto
2021-02-15,MOL,144,70,74,117,12,15,0,0,0,141,3,ITF,ITF2,14,Molise
2021-01-03,PUG,2004,942,1062,1814,44,145,0,0,1,2004,0,ITF,ITF4,16,Puglia
2021-02-04,VDA,294,86,208,168,91,34,1,0,0,8,286,ITC,ITC2,2,Valle d'Aosta / Vallée d'Aoste
2021-01-04,CAM,5826,2963,2863,4850,976,0,0,0,0,5826,0,ITF,ITF3,15,Campania
2021-01-12,VEN,5230,1516,3714,2250,1058,1752,168,0,2,5230,0,ITH,ITH3,5,Veneto
2021-02-14,PUG,784,348,436,681,32,70,0,0,1,662,122,ITF,ITF4,16,Puglia
2021-01-12,PAB,1527,398,1129,299,680,475,73,0,0,1527,0,ITH,ITH1,4,Provincia Autonoma Bolzano / Bozen
2021-01-23,VEN,4063,1255,2808,3403,206,450,1,0,3,34,4029,ITH,ITH3,5,Veneto
2021-01-24,SAR,90,34,56,89,1,0,0,0,0,5,85,ITG,ITG2,20,Sardegna
2021-01-30,PIE,5977,2134,3843,4367,1115,495,0,0,0,218,5759,ITC,ITC1,1,Piemonte
2021-02-04,FVG,2730,807,1923,1722,543,465,0,0,0,36,2694,ITH,ITH4,6,Friuli-Venezia Giulia
2021-01-11,LOM,15976,5309,10667,10161,5163,552,100,0,0,15976,0,ITC,ITC4,3,Lombardia
2021-01-10,BAS,77,24,53,9,68,0,0,0,0,77,0,ITF,ITF5,17,Basilicata
2021-02-05,BAS,981,441,540,516,274,191,0,0,0,63,918,ITF,ITF5,17,Basilicata
2021-03-02,VEN,11112,4454,6658,2694,1793,1093,3283,412,1837,7957,3155,ITH,ITH3,5,Veneto
2021-02-25,PUG,11051,4657,6394,1624,863,390,5243,659,2272,9944,1107,ITF,ITF4,16,Puglia
2020-12-28,CAL,6,2,4,6,0,0,0,0,0,6,0,ITF,ITF6,18,Calabria
2021-02-13,SAR,1451,561,890,732,462,252,0,0,5,1449,2,ITG,ITG2,20,Sardegna
2021-01-15,CAM,4980,2381,2599,2740,2049,191,0,0,0,4980,0,ITF,ITF3,15,Campania
2021-01-01,SIC,815,437,378,740,75,0,0,0,0,815,0,ITG,ITG1,19,Sicilia
2021-02-06,PIE,7979,2663,5316,5097,1627,1255,0,0,0,400,7579,ITC,ITC1,1,Piemonte
2021-01-03,PAT,483,158,325,409,12,62,0,0,0,483,0,ITH,ITH2,4,Provincia Autonoma Trento
2021-02-03,CAM,8902,4002,4900,4735,3452,714,1,0,0,878,8024,ITF,ITF3,15,Campania
2021-02-20,MOL,1018,441,577,20,57,8,933,0,0,998,20,ITF,ITF2,14,Molise
2021-02-06,SAR,1970,697,1273,1544,286,139,0,0,1,569,1401,ITG,ITG2,20,Sardegna
2021-02-14,PAT,246,186,60,246,0,0,0,0,0,11,235,ITH,ITH2,4,Provincia Autonoma Trento
2021-01-04,PAT,852,223,629,481,49,321,1,0,0,852,0,ITH,ITH2,4,Provincia Autonoma Trento
2021-02-22,UMB,1858,777,1081,732,120,1,1005,0,0,1769,89,ITI,ITI2,10,Umbria
2021-02-11,EMR,4241,1412,2829,2520,667,719,333,0,2,3402,839,ITH,ITH5,8,Emilia-Romagna
2021-01-02,ABR,548,218,330,540,8,0,0,0,0,548,0,ITF,ITF1,13,Abruzzo
2021-02-28,VDA,260,86,174,78,58,24,93,3,4,77,183,ITC,ITC2,2,Valle d'Aosta / Vallée d'Aoste
2021-01-15,LOM,24394,7181,17213,10225,9914,3844,405,6,0,24394,0,ITC,ITC4,3,Lombardia
2021-02-01,LIG,2376,871,1505,1851,209,315,0,0,1,76,2300,ITC,ITC3,7,Liguria
2020-12-27,TOS,620,267,353,460,147,13,0,0,0,620,0,ITI,ITI1,9,Toscana
2021-02-25,PAT,1565,615,950,118,26,32,1308,1,80,1099,466,ITH,ITH2,4,Provincia Autonoma Trento
2021-02-06,ABR,1611,742,869,1168,371,72,0,0,0,602,1009,ITF,ITF1,13,Abruzzo
2021-01-13,BAS,915,386,529,588,178,148,0,0,1,915,0,ITF,ITF5,17,Basilicata
2021-01-06,FVG,709,264,445,514,195,0,0,0,0,709,0,ITH,ITH4,6,Friuli-Venezia Giulia
2021-02-27,SIC,12440,5567,6873,1513,2423,277,3838,1021,3368,11235,1205,ITG,ITG1,19,Sicilia
2021-01-31,VDA,290,90,200,231,41,18,0,0,0,58,232,ITC,ITC2,2,Valle d'Aosta / Vallée d'Aoste
2021-03-03,LAZ,14803,6322,8481,1686,1204,295,7236,1164,3218,10893,3910,ITI,ITI4,12,Lazio
2021-01-28,FVG,2235,792,1443,1754,287,194,0,0,0,354,1881,ITH,ITH4,6,Friuli-Venezia Giulia
2021-01-29,PAB,1488,508,980,856,331,295,2,0,4,23,1465,ITH,ITH1,4,Provincia Autonoma Bolzano / Bozen
2021-02-06,BAS,902,367,535,546,187,168,0,0,1,146,756,ITF,ITF5,17,Basilicata
2021-01-20,CAL,1395,622,773,864,352,179,0,0,0,1394,1,ITF,ITF6,18,Calabria
2021-02-11,LOM,16500,4874,11626,9061,3615,3792,32,0,0,9307,7193,ITC,ITC4,3,Lombardia
2021-02-08,SAR,1470,533,937,998,345,126,1,0,0,856,614,ITG,ITG2,20,Sardegna
2021-01-27,MOL,674,251,423,436,28,209,0,0,1,8,666,ITF,ITF2,14,Molise
2021-03-01,LAZ,16527,7068,9459,1530,1735,381,7896,1406,3579,12686,3841,ITI,ITI4,12,Lazio
2021-02-16,LAZ,8040,3861,4179,2057,577,261,4194,950,1,7783,257,ITI,ITI4,12,Lazio
2021-02-13,BAS,787,307,480,280,206,115,184,2,0,727,60,ITF,ITF5,17,Basilicata
2020-12-30,PAT,6,2,4,4,1,1,0,0,0,6,0,ITH,ITH2,4,Provincia Autonoma Trento
2021-02-26,MOL,563,260,303,42,57,3,406,0,55,490,73,ITF,ITF2,14,Molise
2020-12-30,TOS,327,104,223,34,10,283,0,0,0,327,0,ITI,ITI1,9,Toscana
2021-02-11,PAB,1047,409,638,208,392,104,343,0,0,238,809,ITH,ITH1,4,Provincia Autonoma Bolzano / Bozen
2021-01-06,LAZ,5096,1951,3145,4619,155,320,0,1,1,5096,0,ITI,ITI4,12,Lazio
2021-01-01,SAR,30,16,14,30,0,0,0,0,0,30,0,ITG,ITG2,20,Sardegna
2021-02-10,PAB,1630,602,1028,489,559,1,581,0,0,26,1604,ITH,ITH1,4,Provincia Autonoma Bolzano / Bozen
2021-02-27,LIG,1813,894,919,136,544,5,1128,0,0,1684,129,ITC,ITC3,7,Liguria
2021-02-20,EMR,5305,2100,3205,405,242,155,4503,0,0,5041,264,ITH,ITH5,8,Emilia-Romagna
2021-03-02,ABR,3963,1676,2287,934,439,53,1856,276,405,3279,684,ITF,ITF1,13,Abruzzo
2021-02-18,VDA,348,153,195,61,40,45,180,14,8,260,88,ITC,ITC2,2,Valle d'Aosta / Vallée d'Aoste
2021-02-22,SAR,1619,942,677,595,403,179,2,440,0,1390,229,ITG,ITG2,20,Sardegna
2021-02-19,VDA,292,102,190,17,30,35,145,0,65,268,24,ITC,ITC2,2,Valle d'Aosta / Vallée d'Aoste
2021-01-10,PUG,2346,1060,1286,2035,109,202,0,0,0,2346,0,ITF,ITF4,16,Puglia
2021-02-15,EMR,2891,845,2046,1981,464,157,289,0,0,2766,125,ITH,ITH5,8,Emilia-Romagna
2021-02-10,VEN,4696,1566,3130,3077,875,743,0,0,1,3645,1051,ITH,ITH3,5,Veneto
2021-02-11,UMB,841,349,492,734,99,5,0,0,3,836,5,ITI,ITI2,10,Umbria
2021-01-24,BAS,834,299,535,603,230,1,0,0,0,58,776,ITF,ITF5,17,Basilicata
2021-01-13,CAM,8019,3665,4354,4350,3082,587,0,0,0,8019,0,ITF,ITF3,15,Campania
2021-01-11,ABR,1551,557,994,1337,166,48,0,0,0,1551,0,ITF,ITF1,13,Abruzzo
2020-12-30,PUG,1,0,1,1,0,0,0,0,0,1,0,ITF,ITF4,16,Puglia
2021-01-03,CAM,3837,2009,1828,3191,646,0,0,0,0,3837,0,ITF,ITF3,15,Campania
2021-02-07,PUG,1331,598,733,949,220,162,0,0,0,246,1085,ITF,ITF4,16,Puglia
2021-02-15,PAB,72,42,30,17,10,40,5,0,0,26,46,ITH,ITH1,4,Provincia Autonoma Bolzano / Bozen
2020-12-27,SIC,89,54,35,62,2,25,0,0,0,89,0,ITG,ITG1,19,Sicilia
2021-01-21,SIC,1328,647,681,1001,190,137,0,0,0,499,829,ITG,ITG1,19,Sicilia
2021-02-14,TOS,8994,2568,6426,3033,5614,81,0,261,5,8884,110,ITI,ITI1,9,Toscana
2021-02-23,LAZ,10861,4668,6193,1896,598,309,5133,1015,1910,10237,624,ITI,ITI4,12,Lazio
2021-01-05,PUG,5096,2244,2852,4739,250,98,5,0,4,5096,0,ITF,ITF4,16,Puglia
2021-01-24,PIE,3150,957,2193,2632,372,146,0,0,0,434,2716,ITC,ITC1,1,Piemonte
2021-01-29,LIG,2945,1022,1923,2231,301,411,0,0,2,61,2884,ITC,ITC3,7,Liguria
2021-01-11,FVG,1882,609,1273,1500,336,46,0,0,0,1882,0,ITH,ITH4,6,Friuli-Venezia Giulia
2021-01-21,MOL,6,2,4,0,6,0,0,0,0,6,0,ITF,ITF2,14,Molise
2021-02-22,CAL,1996,1013,983,727,543,166,552,3,5,1441,555,ITF,ITF6,18,Calabria
2021-02-13,MOL,132,80,52,129,3,0,0,0,0,132,0,ITF,ITF2,14,Molise
2021-01-04,VDA,142,59,83,126,16,0,0,0,0,142,0,ITC,ITC2,2,Valle d'Aosta / Vallée d'Aoste
2021-01-22,LIG,1783,591,1192,1035,183,565,0,0,0,1305,478,ITC,ITC3,7,Liguria
2021-02-15,VEN,4249,1775,2474,415,184,340,3296,13,1,4008,241,ITH,ITH3,5,Veneto
2021-02-10,EMR,3928,1351,2577,2331,568,775,254,0,0,2728,1200,ITH,ITH5,8,Emilia-Romagna
2021-02-25,VDA,201,101,100,6,157,11,0,25,2,194,7,ITC,ITC2,2,Valle d'Aosta / Vallée d'Aoste
2021-02-09,TOS,4483,1468,3015,3581,388,513,1,0,0,3872,611,ITI,ITI1,9,Toscana
2021-01-08,LAZ,7707,2887,4820,6517,392,798,0,0,0,7707,0,ITI,ITI4,12,Lazio
2021-03-02,LOM,20432,8731,11701,2834,3791,1801,10247,1629,130,17801,2631,ITC,ITC4,3,Lombardia
2021-01-26,PUG,5361,2398,2963,4846,282,232,1,0,0,574,4787,ITF,ITF4,16,Puglia
2021-02-20,SIC,4598,2445,2153,564,851,316,2248,513,106,4472,126,ITG,ITG1,19,Sicilia
2021-01-02,PIE,3539,1134,2405,3072,414,53,0,0,0,3539,0,ITC,ITC1,1,Piemonte
2021-01-27,EMR,8315,2933,5382,6884,776,654,0,1,0,463,7852,ITH,ITH5,8,Emilia-Romagna
2021-02-09,LAZ,8392,3484,4908,3258,581,548,4005,0,0,4571,3821,ITI,ITI4,12,Lazio
2021-01-15,FVG,2028,606,1422,1283,370,375,0,0,0,2028,0,ITH,ITH4,6,Friuli-Venezia Giulia
2021-02-02,ABR,1798,677,1121,1243,413,142,0,0,0,241,1557,ITF,ITF1,13,Abruzzo
2021-01-14,LOM,26192,7650,18542,11486,9522,4717,459,8,0,26192,0,ITC,ITC4,3,Lombardia
2021-01-12,UMB,784,247,537,665,14,105,0,0,0,784,0,ITI,ITI2,10,Umbria
2021-01-01,PAB,1,1,0,1,0,0,0,0,0,1,0,ITH,ITH1,4,Provincia Autonoma Bolzano / Bozen
2021-02-20,VEN,6312,1980,4332,1764,306,28,970,6,3238,6307,5,ITH,ITH3,5,Veneto
2021-02-17,MAR,1791,664,1127,968,522,300,1,0,0,1672,119,ITI,ITI3,11,Marche
2020-12-31,LAZ,5218,2095,3123,4927,12,279,0,0,0,5218,0,ITI,ITI4,12,Lazio
2021-01-26,TOS,5392,1791,3601,4357,84,951,0,0,0,219,5173,ITI,ITI1,9,Toscana
2021-01-15,CAL,2793,1258,1535,1690,691,412,0,0,0,2793,0,ITF,ITF6,18,Calabria
2021-01-23,LOM,1114,357,757,500,578,36,0,0,0,916,198,ITC,ITC4,3,Lombardia
2021-01-01,UMB,269,102,167,268,1,0,0,0,0,269,0,ITI,ITI2,10,Umbria
2021-02-26,MAR,3564,1490,2074,446,231,330,2514,4,39,3088,476,ITI,ITI3,11,Marche
2021-01-26,PAT,497,138,359,397,16,84,0,0,0,25,472,ITH,ITH2,4,Provincia Autonoma Trento
2020-12-31,TOS,805,202,603,97,10,698,0,0,0,805,0,ITI,ITI1,9,Toscana
