data_somministrazione,area,totale,sesso_maschile,sesso_femminile,categoria_operatori_sanitari_sociosanitari,categoria_personale_non_sanitario,categoria_ospiti_rsa,categoria_over80,prima_dose,seconda_dose,codice_NUTS1,codice_NUTS2,codice_regione_ISTAT,nome_area
2021-01-12,PUG,4154,1741,2413,3470,478,205,1,4154,0,ITF,ITF4,16,Puglia
2021-01-26,MAR,1896,696,1200,1656,154,86,0,92,1804,ITI,ITI3,11,Marche
2021-01-04,SIC,7797,3903,3894,7052,739,6,0,7797,0,ITG,ITG1,19,Sicilia
2021-01-11,CAL,2154,1040,1114,1759,392,3,0,2154,0,ITF,ITF6,18,Calabria
2021-01-28,LIG,2718,930,1788,1908,522,288,0,10,2708,ITC,ITC3,7,Liguria
2021-02-01,EMR,10036,3517,6519,6910,1991,1135,0,340,9696,ITH,ITH5,8,Emilia-Romagna
2021-01-27,VDA,151,71,80,46,61,18,26,79,72,ITC,ITC2,2,Valle d'Aosta / Vallée d'Aoste
2020-12-27,ABR,37,19,18,34,1,2,0,37,0,ITF,ITF1,13,Abruzzo
2021-01-25,CAL,1064,512,552,1021,43,0,0,156,908,ITF,ITF6,18,Calabria
2021-01-04,LOM,5971,2055,3916,4586,1204,166,15,5971,0,ITC,ITC4,3,Lombardia
2021-01-18,SIC,1473,611,862,684,597,192,0,1361,112,ITG,ITG1,19,Sicilia
2021-01-23,VEN,4061,1254,2807,3392,218,450,1,35,4026,ITH,ITH3,5,Veneto
2021-01-30,FVG,2269,744,1525,1475,353,441,0,269,2000,ITH,ITH4,6,Friuli-Venezia Giulia
2021-01-02,LIG,686,245,441,581,105,0,0,686,0,ITC,ITC3,7,Liguria
2021-01-23,LAZ,6883,2682,4201,5820,521,417,125,255,6628,ITI,ITI4,12,Lazio
2021-01-28,TOS,6266,1877,4389,5418,66,782,0,348,5918,ITI,ITI1,9,Toscana
2021-01-10,ABR,1139,409,730,1091,48,0,0,1139,0,ITF,ITF1,13,Abruzzo
2021-01-18,CAM,942,399,543,576,193,173,0,698,244,ITF,ITF3,15,Campania
2021-01-15,BAS,811,349,462,449,190,172,0,811,0,ITF,ITF5,17,Basilicata
2021-01-26,PAB,808,291,517,666,142,0,0,1,807,ITH,ITH1,4,Provincia Autonoma Bolzano / Bozen
2021-01-13,UMB,450,139,311,379,29,42,0,450,0,ITI,ITI2,10,Umbria
2021-01-06,LAZ,5095,1950,3145,4613,162,320,0,5095,0,ITI,ITI4,12,Lazio
2021-01-10,VDA,220,71,149,168,33,19,0,220,0,ITC,ITC2,2,Valle d'Aosta / Vallée d'Aoste
2020-12-30,PIE,730,322,408,685,45,0,0,730,0,ITC,ITC1,1,Piemonte
2021-01-30,CAM,10720,5078,5642,6930,3563,227,0,39,10681,ITF,ITF3,15,Campania
2021-01-16,PIE,7740,2628,5112,4786,1588,1366,0,7740,0,ITC,ITC1,1,Piemonte
2021-01-16,TOS,3247,1037,2210,2493,537,217,0,3247,0,ITI,ITI1,9,Toscana
2020-12-27,VDA,20,9,11,20,0,0,0,20,0,ITC,ITC2,2,Valle d'Aosta / Vallée d'Aoste
2021-01-30,SIC,7312,3282,4030,4938,1899,475,0,166,7146,ITG,ITG1,19,Sicilia
2021-01-11,VEN,7228,2099,5129,3425,1602,1954,247,7228,0,ITH,ITH3,5,Veneto
2021-01-23,PAT,571,331,240,219,264,88,0,384,187,ITH,ITH2,4,Provincia Autonoma Trento
2021-01-07,MOL,598,209,389,399,54,145,0,598,0,ITF,ITF2,14,Molise
2021-01-06,EMR,8257,2938,5319,6614,992,651,0,8257,0,ITH,ITH5,8,Emilia-Romagna
2021-01-27,BAS,409,173,236,149,234,26,0,112,297,ITF,ITF5,17,Basilicata
2021-01-21,PUG,2115,896,1219,1408,183,524,0,1265,850,ITF,ITF4,16,Puglia
2021-01-22,ABR,118,57,61,2,4,112,0,118,0,ITF,ITF1,13,Abruzzo
2021-01-30,UMB,1503,455,1048,841,17,644,1,41,1462,ITI,ITI2,10,Umbria
2021-01-18,FVG,1951,605,1346,1354,491,106,0,1857,94,ITH,ITH4,6,Friuli-Venezia Giulia
2020-12-31,PAB,863,495,368,429,434,0,0,863,0,ITH,ITH1,4,Provincia Autonoma Bolzano / Bozen
2021-01-23,EMR,2441,868,1573,1893,118,430,0,439,2002,ITH,ITH5,8,Emilia-Romagna
2021-01-04,FVG,1509,558,951,1391,118,0,0,1509,0,ITH,ITH4,6,Friuli-Venezia Giulia
2021-01-30,PIE,5976,2134,3842,4365,1116,495,0,217,5759,ITC,ITC1,1,Piemonte
2021-01-02,TOS,3497,1097,2400,2682,15,800,0,3497,0,ITI,ITI1,9,Toscana
2021-01-12,MAR,1226,413,813,912,264,50,0,1226,0,ITI,ITI3,11,Marche
2021-01-16,LIG,1250,542,708,330,622,298,0,1250,0,ITC,ITC3,7,Liguria
2021-02-01,LAZ,4652,1770,2882,3878,421,346,7,269,4383,ITI,ITI4,12,Lazio
2021-01-04,CAM,5823,2961,2862,4848,975,0,0,5823,0,ITF,ITF3,15,Campania
2021-01-16,SAR,1491,525,966,1267,224,0,0,1491,0,ITG,ITG2,20,Sardegna
2021-01-30,EMR,10024,3505,6519,7229,2031,764,0,142,9882,ITH,ITH5,8,Emilia-Romagna
2021-01-21,MAR,895,252,643,459,100,336,0,585,310,ITI,ITI3,11,Marche
2021-01-11,UMB,1271,336,935,878,20,373,0,1271,0,ITI,ITI2,10,Umbria
2021-01-06,CAL,926,500,426,822,104,0,0,926,0,ITF,ITF6,18,Calabria
2021-01-16,CAM,3364,1671,1693,1354,1638,372,0,3364,0,ITF,ITF3,15,Campania
2020-12-30,SIC,103,59,44,93,10,0,0,103,0,ITG,ITG1,19,Sicilia
2021-02-02,LIG,2253,884,1369,1460,543,250,0,104,2149,ITC,ITC3,7,Liguria
2020-12-27,BAS,106,41,65,104,2,0,0,106,0,ITF,ITF5,17,Basilicata
2021-01-26,MOL,450,184,266,444,6,0,0,8,442,ITF,ITF2,14,Molise
2021-01-22,VDA,56,21,35,36,0,20,0,20,36,ITC,ITC2,2,Valle d'Aosta / Vallée d'Aoste
2021-01-28,VEN,9166,2649,6517,6401,1341,1424,0,165,9001,ITH,ITH3,5,Veneto
2021-01-30,SAR,3862,1392,2470,2913,948,0,1,362,3500,ITG,ITG2,20,Sardegna
2021-01-23,TOS,3948,1354,2594,2935,172,841,0,639,3309,ITI,ITI1,9,Toscana
2021-01-08,VDA,299,130,169,172,111,16,0,299,0,ITC,ITC2,2,Valle d'Aosta / Vallée d'Aoste
2021-01-10,BAS,77,24,53,9,68,0,0,77,0,ITF,ITF5,17,Basilicata
2020-12-31,PUG,1631,782,849,1538,49,44,0,1631,0,ITF,ITF4,16,Puglia
2021-01-15,ABR,379,149,230,223,121,35,0,379,0,ITF,ITF1,13,Abruzzo
2021-01-11,LAZ,5524,2102,3422,4450,505,569,0,5524,0,ITI,ITI4,12,Lazio
2021-01-04,EMR,7254,2509,4745,6048,629,577,0,7254,0,ITH,ITH5,8,Emilia-Romagna
2021-01-16,SIC,2599,1110,1489,1199,1109,291,0,2599,0,ITG,ITG1,19,Sicilia
2021-01-04,PIE,5559,1676,3883,4587,737,235,0,5559,0,ITC,ITC1,1,Piemonte
2020-12-30,PAT,6,2,4,4,1,1,0,6,0,ITH,ITH2,4,Provincia Autonoma Trento
2021-01-23,CAL,400,186,214,325,52,23,0,358,42,ITF,ITF6,18,Calabria
2021-01-25,CAM,5744,2926,2818,4743,945,56,0,164,5580,ITF,ITF3,15,Campania
2021-01-11,TOS,5092,1688,3404,4360,210,522,0,5092,0,ITI,ITI1,9,Toscana
2021-02-01,CAL,2495,1191,1304,2044,408,43,0,247,2248,ITF,ITF6,18,Calabria
2021-01-25,SIC,7464,3672,3792,6590,804,70,0,320,7144,ITG,ITG1,19,Sicilia
2021-01-16,VEN,4500,1514,2986,2579,1277,644,0,4500,0,ITH,ITH3,5,Veneto
2021-01-28,PAT,519,144,375,285,130,104,0,48,471,ITH,ITH2,4,Provincia Autonoma Trento
2021-01-12,MOL,336,114,222,132,75,129,0,336,0,ITF,ITF2,14,Molise
2021-01-16,LOM,14867,5586,9281,7718,5734,1236,179,14867,0,ITC,ITC4,3,Lombardia
2021-01-26,PUG,5347,2395,2952,4816,301,230,0,568,4779,ITF,ITF4,16,Puglia
2021-01-11,PAT,722,218,504,514,58,150,0,722,0,ITH,ITH2,4,Provincia Autonoma Trento
2021-01-22,BAS,66,24,42,6,60,0,0,66,0,ITF,ITF5,17,Basilicata
2021-01-25,UMB,647,322,325,645,2,0,0,5,642,ITI,ITI2,10,Umbria
2021-01-23,FVG,815,324,491,767,48,0,0,4,811,ITH,ITH4,6,Friuli-Venezia Giulia
2021-01-04,SAR,591,217,374,565,26,0,0,591,0,ITG,ITG2,20,Sardegna
2021-02-03,VDA,348,114,234,152,146,49,1,13,335,ITC,ITC2,2,Valle d'Aosta / Vallée d'Aoste
2021-01-18,PIE,6084,2035,4049,3214,1401,1469,0,5837,247,ITC,ITC1,1,Piemonte
2021-01-18,EMR,3072,876,2196,1642,346,1084,0,2395,677,ITH,ITH5,8,Emilia-Romagna
2021-01-07,MAR,1802,633,1169,1480,322,0,0,1802,0,ITI,ITI3,11,Marche
2021-01-06,FVG,709,264,445,514,195,0,0,709,0,ITH,ITH4,6,Friuli-Venezia Giulia
2021-01-21,LIG,831,308,523,423,210,197,1,460,371,ITC,ITC3,7,Liguria
2021-01-12,PAB,1524,398,1126,298,677,476,73,1524,0,ITH,ITH1,4,Provincia Autonoma Bolzano / Bozen
2021-01-30,LOM,11836,4355,7481,9218,2452,158,8,187,11649,ITC,ITC4,3,Lombardia
2021-01-24,ABR,50,22,28,49,1,0,0,6,44,ITF,ITF1,13,Abruzzo
2021-01-25,EMR,6411,2127,4284,5074,659,678,0,221,6190,ITH,ITH5,8,Emilia-Romagna
2021-01-02,PUG,2942,1294,1648,2767,154,21,0,2942,0,ITF,ITF4,16,Puglia
2021-01-08,BAS,557,220,337,262,234,61,0,557,0,ITF,ITF5,17,Basilicata
2021-01-03,ABR,471,185,286,464,7,0,0,471,0,ITF,ITF1,13,Abruzzo
2021-01-06,UMB,843,323,520,840,3,0,0,843,0,ITI,ITI2,10,Umbria
2021-01-18,SAR,904,326,578,714,190,0,0,780,124,ITG,ITG2,20,Sardegna
2021-01-11,CAM,4062,1864,2198,2381,1434,247,0,4062,0,ITF,ITF3,15,Campania
2020-12-30,LAZ,1601,621,980,1575,0,26,0,1601,0,ITI,ITI4,12,Lazio
2021-01-19,MAR,225,81,144,120,20,85,0,141,84,ITI,ITI3,11,Marche
2021-01-17,VDA,131,56,75,49,3,20,59,131,0,ITC,ITC2,2,Valle d'Aosta / Vallée d'Aoste
2020-12-28,LOM,103,44,59,102,1,0,0,103,0,ITC,ITC4,3,Lombardia
2021-01-31,MOL,268,70,198,85,19,164,0,6,262,ITF,ITF2,14,Molise
2021-01-13,LAZ,5495,2030,3465,3826,686,980,3,5495,0,ITI,ITI4,12,Lazio
2021-02-02,MAR,1193,397,796,804,296,93,0,73,1120,ITI,ITI3,11,Marche
2021-01-18,CAL,1230,550,680,982,237,11,0,1040,190,ITF,ITF6,18,Calabria
2021-01-11,SIC,5708,2504,3204,3778,1558,372,0,5708,0,ITG,ITG1,19,Sicilia
2021-01-30,VEN,8466,2598,5868,5849,1481,1133,3,607,7859,ITH,ITH3,5,Veneto
2021-01-04,PAT,842,220,622,481,49,312,0,842,0,ITH,ITH2,4,Provincia Autonoma Trento
2021-01-25,LAZ,7761,3041,4720,6791,485,363,122,421,7340,ITI,ITI4,12,Lazio
2021-01-11,LOM,15928,5297,10631,10020,5264,544,100,15928,0,ITC,ITC4,3,Lombardia
2021-01-09,LIG,1303,462,841,779,338,186,0,1303,0,ITC,ITC3,7,Liguria
2021-01-17,MOL,78,38,40,78,0,0,0,48,30,ITF,ITF2,14,Molise
2021-01-31,PUG,1793,816,977,1482,111,198,2,66,1727,ITF,ITF4,16,Puglia
2021-01-17,BAS,323,131,192,93,177,53,0,321,2,ITF,ITF5,17,Basilicata
2021-01-28,LOM,11744,3582,8162,8693,2291,730,30,592,11152,ITC,ITC4,3,Lombardia
2021-01-16,PAT,318,147,171,299,5,14,0,318,0,ITH,ITH2,4,Provincia Autonoma Trento
2021-01-24,PAB,12,10,2,1,11,0,0,0,12,ITH,ITH1,4,Provincia Autonoma Bolzano / Bozen
2021-01-20,UMB,613,222,391,583,16,14,0,613,0,ITI,ITI2,10,Umbria
2021-01-09,TOS,4483,1596,2887,3779,144,560,0,4483,0,ITI,ITI1,9,Toscana
2021-01-29,VDA,316,138,178,189,111,16,0,2,314,ITC,ITC2,2,Valle d'Aosta / Vallée d'Aoste
2021-01-30,PAT,382,130,252,343,8,31,0,151,231,ITH,ITH2,4,Provincia Autonoma Trento
2021-01-13,EMR,9022,2927,6095,5557,1751,1714,0,9022,0,ITH,ITH5,8,Emilia-Romagna
2021-01-23,PIE,4216,1321,2895,3189,522,505,0,876,3340,ITC,ITC1,1,Piemonte
2020-12-28,SIC,188,111,77,186,2,0,0,188,0,ITG,ITG1,19,Sicilia
2021-01-04,CAL,996,492,504,969,27,0,0,996,0,ITF,ITF6,18,Calabria
2021-01-04,VEN,6723,2029,4694,5202,607,913,1,6723,0,ITH,ITH3,5,Veneto
2021-01-02,MAR,453,139,314,444,9,0,0,453,0,ITI,ITI3,11,Marche
2021-01-11,FVG,1880,609,1271,1498,336,46,0,1880,0,ITH,ITH4,6,Friuli-Venezia Giulia
2021-01-14,PUG,3992,1550,2442,3095,401,496,0,3992,0,ITF,ITF4,16,Puglia
2021-01-07,PAB,886,311,575,607,228,0,51,886,0,ITH,ITH1,4,Provincia Autonoma Bolzano / Bozen
2021-01-29,ABR,1386,449,937,1290,96,0,0,74,1312,ITF,ITF1,13,Abruzzo
2021-02-03,BAS,666,300,366,305,189,172,0,32,634,ITF,ITF5,17,Basilicata
2021-01-07,PUG,5700,2445,3255,5122,359,219,0,5700,0,ITF,ITF4,16,Puglia
2021-01-03,BAS,899,344,555,787,112,0,0,899,0,ITF,ITF5,17,Basilicata
2021-01-31,MAR,1919,769,1150,1527,392,0,0,105,1814,ITI,ITI3,11,Marche
2021-01-01,UMB,269,102,167,268,1,0,0,269,0,ITI,ITI2,10,Umbria
2021-01-06,CAM,7652,3748,3904,5780,1572,300,0,7652,0,ITF,ITF3,15,Campania
2021-01-30,TOS,4549,1600,2949,3750,199,600,0,173,4376,ITI,ITI1,9,Toscana
2021-01-23,SAR,60,22,38,60,0,0,0,0,60,ITG,ITG2,20,Sardegna
2021-01-04,LAZ,7477,2907,4570,7073,88,316,0,7477,0,ITI,ITI4,12,Lazio
2021-01-14,MAR,2010,692,1318,1112,600,298,0,2010,0,ITI,ITI3,11,Marche
2021-01-23,LIG,799,289,510,626,130,43,0,145,654,ITC,ITC3,7,Liguria
2021-01-23,SIC,4001,2072,1929,3768,217,16,0,224,3777,ITG,ITG1,19,Sicilia
2021-01-18,VEN,2687,763,1924,1069,678,932,8,2486,201,ITH,ITH3,5,Veneto
2021-01-30,CAL,2173,1147,1026,1974,199,0,0,358,1815,ITF,ITF6,18,Calabria
2021-01-09,LOM,12373,4557,7816,8065,4106,192,10,12373,0,ITC,ITC4,3,Lombardia
2021-01-25,FVG,1580,566,1014,1367,141,72,0,193,1387,ITH,ITH4,6,Friuli-Venezia Giulia
2020-12-28,LIG,75,26,49,72,3,0,0,75,0,ITC,ITC3,7,Liguria
2021-01-23,CAM,3838,2029,1809,3161,609,68,0,272,3566,ITF,ITF3,15,Campania
2021-01-18,LAZ,5281,2032,3249,3232,884,712,453,4792,489,ITI,ITI4,12,Lazio
2021-01-05,ABR,1614,604,1010,1604,10,0,0,1614,0,ITF,ITF1,13,Abruzzo
2021-01-18,UMB,588,215,373,314,150,124,0,504,84,ITI,ITI2,10,Umbria
2021-01-15,VDA,218,82,136,115,69,28,6,218,0,ITC,ITC2,2,Valle d'Aosta / Vallée d'Aoste
2021-01-19,MOL,173,63,110,90,61,22,0,162,11,ITF,ITF2,14,Molise
2021-01-13,CAL,2028,1022,1006,1800,194,34,0,2028,0,ITF,ITF6,18,Calabria
2021-01-06,SIC,6144,3238,2906,5432,710,2,0,6144,0,ITG,ITG1,19,Sicilia
2021-01-09,PAT,183,40,143,139,14,30,0,183,0,ITH,ITH2,4,Provincia Autonoma Trento
2021-01-11,PIE,8737,2978,5759,6051,1561,1125,0,8737,0,ITC,ITC1,1,Piemonte
2021-01-30,LAZ,5737,2388,3349,4359,751,501,126,376,5361,ITI,ITI4,12,Lazio
2021-01-21,TOS,1570,686,884,574,220,776,0,850,720,ITI,ITI1,9,Toscana
2021-02-01,UMB,1185,313,872,870,30,285,0,41,1144,ITI,ITI2,10,Umbria
2021-02-02,PUG,3983,1695,2288,3383,373,227,0,482,3501,ITF,ITF4,16,Puglia
2021-01-14,LIG,2606,925,1681,1251,928,427,0,2606,0,ITC,ITC3,7,Liguria
2021-01-18,PAT,634,151,483,519,42,73,0,581,53,ITH,ITH2,4,Provincia Autonoma Trento
2020-12-31,MAR,383,178,205,370,13,0,0,383,0,ITI,ITI3,11,Marche
2020-12-28,SAR,65,25,40,65,0,0,0,65,0,ITG,ITG2,20,Sardegna
2021-01-11,EMR,9286,3252,6034,6228,1824,1234,0,9286,0,ITH,ITH5,8,Emilia-Romagna
2021-01-17,ABR,187,59,128,136,51,0,0,180,7,ITF,ITF1,13,Abruzzo
2021-01-23,LOM,1065,339,726,469,577,19,0,867,198,ITC,ITC4,3,Lombardia
2021-01-19,PAB,807,348,459,170,64,0,573,677,130,ITH,ITH1,4,Provincia Autonoma Bolzano / Bozen
2021-01-04,TOS,5063,1893,3170,4099,32,932,0,5063,0,ITI,ITI1,9,Toscana
2021-01-05,MOL,449,180,269,441,8,0,0,449,0,ITF,ITF2,14,Molise
2021-01-05,PAB,820,283,537,718,102,0,0,820,0,ITH,ITH1,4,Provincia Autonoma Bolzano / Bozen
2020-12-30,FVG,630,246,384,601,29,0,0,630,0,ITH,ITH4,6,Friuli-Venezia Giulia
2021-01-09,VEN,7920,2534,5386,4927,1419,1571,3,7920,0,ITH,ITH3,5,Veneto
2021-01-16,FVG,1228,358,870,769,211,248,0,1228,0,ITH,ITH4,6,Friuli-Venezia Giulia
2021-02-03,ABR,2061,717,1344,1541,402,118,0,419,1642,ITF,ITF1,13,Abruzzo
2021-01-19,PUG,1212,446,766,518,119,575,0,1208,4,ITF,ITF4,16,Puglia
2021-01-11,SAR,1180,504,676,654,526,0,0,1180,0,ITG,ITG2,20,Sardegna
2021-01-29,BAS,612,228,384,274,268,70,0,62,550,ITF,ITF5,17,Basilicata
2021-01-15,EMR,7679,2388,5291,5022,1350,1307,0,7679,0,ITH,ITH5,8,Emilia-Romagna
2021-01-27,LOM,7899,2635,5264,6016,1711,170,2,783,7116,ITC,ITC4,3,Lombardia
2021-01-25,LIG,2572,835,1737,1957,332,283,0,462,2110,ITC,ITC3,7,Liguria
2021-01-23,PAB,195,115,80,60,135,0,0,0,195,ITH,ITH1,4,Provincia Autonoma Bolzano / Bozen
2021-02-02,ABR,1778,672,1106,1235,404,139,0,241,1537,ITF,ITF1,13,Abruzzo
2021-01-27,FVG,1269,425,844,849,356,64,0,447,822,ITH,ITH4,6,Friuli-Venezia Giulia
2020-12-27,UMB,85,45,40,67,2,16,0,85,0,ITI,ITI2,10,Umbria
2021-01-08,SAR,3251,1182,2069,2856,395,0,0,3251,0,ITG,ITG2,20,Sardegna
2021-01-25,TOS,5117,1895,3222,4153,56,908,0,247,4870,ITI,ITI1,9,Toscana
2021-01-29,LAZ,7305,2786,4519,5913,675,627,90,454,6851,ITI,ITI4,12,Lazio
2021-01-01,CAM,919,506,413,831,88,0,0,919,0,ITF,ITF3,15,Campania
2021-01-09,MAR,1709,605,1104,1406,303,0,0,1709,0,ITI,ITI3,11,Marche
2021-01-07,VDA,275,111,164,194,76,5,0,275,0,ITC,ITC2,2,Valle d'Aosta / Vallée d'Aoste
2021-01-21,MOL,6,2,4,0,6,0,0,6,0,ITF,ITF2,14,Molise
2021-01-03,LAZ,5250,1972,3278,5082,103,65,0,5250,0,ITI,ITI4,12,Lazio
2021-01-23,MAR,557,190,367,440,54,63,0,123,434,ITI,ITI3,11,Marche
2021-01-25,SAR,588,212,376,553,35,0,0,22,566,ITG,ITG2,20,Sardegna
2021-01-29,EMR,10269,3466,6803,7492,1801,976,0,273,9996,ITH,ITH5,8,Emilia-Romagna
2021-01-04,MOL,314,131,183,300,14,0,0,314,0,ITF,ITF2,14,Molise
2021-01-08,CAL,2109,1014,1095,1898,211,0,0,2109,0,ITF,ITF6,18,Calabria
2021-01-01,SIC,690,368,322,621,69,0,0,690,0,ITG,ITG1,19,Sicilia
2021-01-20,VEN,1039,368,671,686,140,213,0,387,652,ITH,ITH3,5,Veneto
2020-12-27,PIE,912,368,544,760,76,76,0,912,0,ITC,ITC1,1,Piemonte
2021-01-27,UMB,838,329,509,837,1,0,0,13,825,ITI,ITI2,10,Umbria
2021-01-15,LAZ,6163,2444,3719,4124,896,988,155,6163,0,ITI,ITI4,12,Lazio
2020-12-30,LIG,9,3,6,9,0,0,0,9,0,ITC,ITC3,7,Liguria
2021-01-01,LOM,24,7,17,21,3,0,0,24,0,ITC,ITC4,3,Lombardia
2021-01-18,LOM,8827,2889,5938,4017,3280,1414,116,7853,974,ITC,ITC4,3,Lombardia
2021-01-02,ABR,548,218,330,540,8,0,0,548,0,ITF,ITF1,13,Abruzzo
2021-01-14,PAB,1627,482,1145,465,659,278,225,1627,0,ITH,ITH1,4,Provincia Autonoma Bolzano / Bozen
2021-01-07,BAS,641,319,322,306,306,29,0,641,0,ITF,ITF5,17,Basilicata
2021-02-02,VDA,270,70,200,225,43,2,0,2,268,ITC,ITC2,2,Valle d'Aosta / Vallée d'Aoste
2021-01-06,PAT,42,13,29,42,0,0,0,42,0,ITH,ITH2,4,Provincia Autonoma Trento
2021-01-10,UMB,1038,267,771,737,9,292,0,1038,0,ITI,ITI2,10,Umbria
2021-01-27,CAM,7731,3816,3915,5832,1629,270,0,161,7570,ITF,ITF3,15,Campania
2020-12-30,TOS,325,104,221,34,10,281,0,325,0,ITI,ITI1,9,Toscana
2021-01-20,PAT,287,71,216,224,15,48,0,275,12,ITH,ITH2,4,Provincia Autonoma Trento
2021-01-19,VDA,256,77,179,160,24,15,57,256,0,ITC,ITC2,2,Valle d'Aosta / Vallée d'Aoste
2021-01-13,PIE,10030,3214,6816,6456,2251,1323,0,10030,0,ITC,ITC1,1,Piemonte
2021-01-03,EMR,2730,934,1796,2472,88,170,0,2730,0,ITH,ITH5,8,Emilia-Romagna
2021-01-27,SIC,7522,3831,3691,6321,1049,152,0,188,7334,ITG,ITG1,19,Sicilia
2021-02-03,CAL,2518,1313,1205,2054,361,103,0,577,1941,ITF,ITF6,18,Calabria
2021-01-04,PUG,4502,2012,2490,4334,157,11,0,4502,0,ITF,ITF4,16,Puglia
2021-01-24,BAS,832,299,533,600,231,1,0,58,774,ITF,ITF5,17,Basilicata
2021-01-19,ABR,111,55,56,27,34,50,0,91,20,ITF,ITF1,13,Abruzzo
2020-12-27,SAR,65,34,31,65,0,0,0,65,0,ITG,ITG2,20,Sardegna
2021-01-10,EMR,7106,2657,4449,5236,1386,484,0,7106,0,ITH,ITH5,8,Emilia-Romagna
2021-01-30,LIG,1491,512,979,1031,300,160,0,21,1470,ITC,ITC3,7,Liguria
2021-02-01,FVG,2252,741,1511,1669,409,174,0,169,2083,ITH,ITH4,6,Friuli-Venezia Giulia
2021-02-03,LAZ,4991,1967,3024,3594,744,618,35,680,4311,ITI,ITI4,12,Lazio
2021-01-13,SAR,572,178,394,437,135,0,0,572,0,ITG,ITG2,20,Sardegna
2021-01-20,TOS,1331,637,694,434,256,641,0,1083,248,ITI,ITI1,9,Toscana
2020-12-27,CAM,720,422,298,703,17,0,0,720,0,ITF,ITF3,15,Campania
2021-01-27,PIE,4193,1452,2741,2981,655,557,0,999,3194,ITC,ITC1,1,Piemonte
2021-01-04,MAR,1500,563,937,1290,199,11,0,1500,0,ITI,ITI3,11,Marche
2021-01-27,EMR,8311,2931,5380,6569,1092,650,0,459,7852,ITH,ITH5,8,Emilia-Romagna
2021-01-13,LIG,2629,964,1665,1348,829,452,0,2629,0,ITC,ITC3,7,Liguria
2021-01-08,VEN,9397,2829,6568,5919,1667,1808,3,9397,0,ITH,ITH3,5,Veneto
2021-01-13,SIC,4898,2280,2618,2850,1617,431,0,4898,0,ITG,ITG1,19,Sicilia
2021-01-15,FVG,2023,605,1418,1285,365,373,0,2023,0,ITH,ITH4,6,Friuli-Venezia Giulia
2020-12-30,LOM,113,42,71,104,9,0,0,113,0,ITC,ITC4,3,Lombardia
2021-01-20,CAL,1395,622,773,864,352,179,0,1394,1,ITF,ITF6,18,Calabria
2021-01-13,CAM,8005,3655,4350,4346,3082,577,0,8005,0,ITF,ITF3,15,Campania
2021-01-08,LAZ,7704,2885,4819,6334,572,798,0,7704,0,ITI,ITI4,12,Lazio
2021-01-21,PAB,913,425,488,618,200,68,27,138,775,ITH,ITH1,4,Provincia Autonoma Bolzano / Bozen
2021-01-18,MAR,673,230,443,370,171,132,0,547,126,ITI,ITI3,11,Marche
2021-01-08,UMB,1171,337,834,926,9,236,0,1171,0,ITI,ITI2,10,Umbria
2021-01-09,MOL,450,152,298,215,57,178,0,450,0,ITF,ITF2,14,Molise
2021-01-05,VDA,150,54,96,127,12,11,0,150,0,ITC,ITC2,2,Valle d'Aosta / Vallée d'Aoste
2021-01-25,VEN,6358,2035,4323,4960,549,842,7,169,6189,ITH,ITH3,5,Veneto
2020-12-27,SIC,86,51,35,59,2,25,0,86,0,ITG,ITG1,19,Sicilia
2021-01-03,CAL,6,3,3,4,2,0,0,6,0,ITF,ITF6,18,Calabria
2021-01-27,SAR,1391,489,902,1273,118,0,0,79,1312,ITG,ITG2,20,Sardegna
2021-01-20,LAZ,4297,1636,2661,3177,447,388,285,2785,1512,ITI,ITI4,12,Lazio
2021-01-22,UMB,276,105,171,273,1,2,0,32,244,ITI,ITI2,10,Umbria
2021-01-01,PIE,1038,395,643,922,116,0,0,1038,0,ITC,ITC1,1,Piemonte
2021-01-08,PAT,1440,312,1128,762,152,526,0,1440,0,ITH,ITH2,4,Provincia Autonoma Trento
2021-01-04,LIG,2302,775,1527,1973,286,43,0,2302,0,ITC,ITC3,7,Liguria
2021-01-23,PUG,3020,1283,1737,2497,250,273,0,877,2143,ITF,ITF4,16,Puglia
2021-01-31,VDA,290,90,200,224,48,18,0,58,232,ITC,ITC2,2,Valle d'Aosta / Vallée d'Aoste
2021-01-07,ABR,1603,552,1051,1566,37,0,0,1603,0,ITF,ITF1,13,Abruzzo
2021-01-09,PAB,596,314,282,71,439,74,12,596,0,ITH,ITH1,4,Provincia Autonoma Bolzano / Bozen
2021-01-30,MAR,1817,640,1177,1498,319,0,0,29,1788,ITI,ITI3,11,Marche
2021-01-13,LOM,25199,7755,17444,11469,9906,3517,307,25199,0,ITC,ITC4,3,Lombardia
2021-01-22,CAM,1522,774,748,970,344,208,0,672,850,ITF,ITF3,15,Campania
2021-01-03,FVG,312,122,190,285,26,1,0,312,0,ITH,ITH4,6,Friuli-Venezia Giulia
2021-01-14,VDA,237,69,168,151,84,0,2,237,0,ITC,ITC2,2,Valle d'Aosta / Vallée d'Aoste
2021-01-25,PAT,766,204,562,481,30,255,0,23,743,ITH,ITH2,4,Provincia Autonoma Trento
2021-01-21,ABR,157,47,110,10,6,141,0,157,0,ITF,ITF1,13,Abruzzo
2021-01-15,PIE,8943,2944,5999,5485,1920,1538,0,8943,0,ITC,ITC1,1,Piemonte
2021-01-29,CAL,2046,984,1062,1751,247,48,0,233,1813,ITF,ITF6,18,Calabria
2021-01-22,SIC,1198,605,593,1000,82,116,0,239,959,ITG,ITG1,19,Sicilia
2020-12-30,VEN,699,245,454,598,62,39,0,699,0,ITH,ITH3,5,Veneto
2021-01-09,PUG,4854,2243,2611,4253,350,247,4,4854,0,ITF,ITF4,16,Puglia
2021-01-19,BAS,200,84,116,81,74,45,0,200,0,ITF,ITF5,17,Basilicata
2021-01-01,SAR,30,16,14,30,0,0,0,30,0,ITG,ITG2,20,Sardegna
2021-01-16,MAR,2006,723,1283,1059,662,285,0,2006,0,ITI,ITI3,11,Marche
2021-02-02,PAB,1644,452,1192,520,511,604,9,7,1637,ITH,ITH1,4,Provincia Autonoma Bolzano / Bozen
2021-01-28,MOL,613,217,396,407,52,154,0,17,596,ITF,ITF2,14,Molise
2021-01-27,VEN,7128,2065,5063,5064,1193,871,0,241,6887,ITH,ITH3,5,Veneto
2021-02-03,FVG,2636,787,1849,1693,557,386,0,19,2617,ITH,ITH4,6,Friuli-Venezia Giulia
2021-01-18,LIG,1626,622,1004,597,814,215,0,1477,149,ITC,ITC3,7,Liguria
2021-02-03,SIC,5961,2813,3148,3318,2092,551,0,754,5207,ITG,ITG1,19,Sicilia
2021-01-22,EMR,1827,477,1350,934,172,721,0,1089,738,ITH,ITH5,8,Emilia-Romagna
2021-02-01,PIE,8536,3022,5514,6137,1395,1004,0,519,8017,ITC,ITC1,1,Piemonte
2021-01-27,PAT,652,205,447,353,33,266,0,72,580,ITH,ITH2,4,Provincia Autonoma Trento
2020-12-30,MAR,17,5,12,14,3,0,0,17,0,ITI,ITI3,11,Marche
2021-01-13,VEN,5962,1597,4365,2728,1355,1876,3,5962,0,ITH,ITH3,5,Veneto
2021-01-08,SIC,7886,3641,4245,6232,1441,213,0,7886,0,ITG,ITG1,19,Sicilia
2021-01-15,CAL,2793,1258,1535,1690,691,412,0,2793,0,ITF,ITF6,18,Calabria
2021-01-20,FVG,749,323,426,718,31,0,0,11,738,ITH,ITH4,6,Friuli-Venezia Giulia
2021-01-08,CAM,10453,4968,5485,6713,3528,212,0,10453,0,ITF,ITF3,15,Campania
2021-01-18,TOS,1119,636,483,430,314,375,0,1021,98,ITI,ITI1,9,Toscana
2021-02-01,LIG,2113,783,1330,1588,354,171,0,66,2047,ITC,ITC3,7,Liguria
2021-01-05,BAS,945,409,536,710,235,0,0,945,0,ITF,ITF5,17,Basilicata
2021-01-16,PAB,2730,1219,1511,447,351,77,1855,2730,0,ITH,ITH1,4,Provincia Autonoma Bolzano / Bozen
2021-01-15,SAR,1558,570,988,1164,394,0,0,1558,0,ITG,ITG2,20,Sardegna
2021-01-14,MOL,646,239,407,417,114,115,0,646,0,ITF,ITF2,14,Molise
2021-01-03,UMB,267,111,156,267,0,0,0,267,0,ITI,ITI2,10,Umbria
2020-12-31,VDA,18,4,14,16,2,0,0,18,0,ITC,ITC2,2,Valle d'Aosta / Vallée d'Aoste
2020-12-27,LAZ,139,66,73,139,0,0,0,139,0,ITI,ITI4,12,Lazio
2021-01-20,CAM,1257,650,607,395,761,101,0,1257,0,ITF,ITF3,15,Campania
2021-01-06,PIE,3114,1110,2004,2368,433,313,0,3114,0,ITC,ITC1,1,Piemonte
2021-02-01,SAR,1519,602,917,858,584,77,0,221,1298,ITG,ITG2,20,Sardegna
2021-01-06,TOS,4514,1459,3055,3980,10,524,0,4514,0,ITI,ITI1,9,Toscana
2021-01-28,PUG,5355,2215,3140,4643,387,325,0,467,4888,ITF,ITF4,16,Puglia
2021-01-13,PAT,414,122,292,381,15,18,0,414,0,ITH,ITH2,4,Provincia Autonoma Trento
2021-01-27,CAL,1456,733,723,1225,208,23,0,396,1060,ITF,ITF6,18,Calabria
2021-01-20,SIC,786,398,388,410,187,189,0,560,226,ITG,ITG1,19,Sicilia
2021-01-01,VEN,1525,470,1055,1486,38,1,0,1525,0,ITH,ITH3,5,Veneto
2021-01-26,VDA,139,48,91,115,12,12,0,0,139,ITC,ITC2,2,Valle d'Aosta / Vallée d'Aoste
2021-01-08,LOM,12507,3874,8633,8574,3719,182,32,12507,0,ITC,ITC4,3,Lombardia
2020-12-27,EMR,968,372,596,781,161,26,0,968,0,ITH,ITH5,8,Emilia-Romagna
2021-01-04,PAB,480,195,285,396,80,4,0,480,0,ITH,ITH1,4,Provincia Autonoma Bolzano / Bozen
2021-01-11,PUG,3738,1581,2157,3149,416,173,0,3738,0,ITF,ITF4,16,Puglia
2021-01-12,ABR,1804,666,1138,1470,334,0,0,1804,0,ITF,ITF1,13,Abruzzo
2021-01-08,FVG,2320,746,1574,1669,255,396,0,2320,0,ITH,ITH4,6,Friuli-Venezia Giulia
2021-01-26,ABR,1542,567,975,1513,29,0,0,29,1513,ITF,ITF1,13,Abruzzo
2021-01-31,BAS,77,24,53,75,2,0,0,0,77,ITF,ITF5,17,Basilicata
2021-02-03,UMB,537,149,388,517,5,15,0,38,499,ITI,ITI2,10,Umbria
2021-01-20,PIE,6363,2030,4333,3558,1152,1653,0,5637,726,ITC,ITC1,1,Piemonte
2021-02-03,CAM,8896,3997,4899,4736,3448,712,0,883,8013,ITF,ITF3,15,Campania
2021-01-06,LIG,1627,600,1027,1148,301,114,64,1627,0,ITC,ITC3,7,Liguria
2021-01-06,SAR,1598,544,1054,1480,118,0,0,1598,0,ITG,ITG2,20,Sardegna
2021-02-01,TOS,5464,1941,3523,4441,407,616,0,521,4943,ITI,ITI1,9,Toscana
2021-01-22,LAZ,3661,1442,2219,3318,151,70,122,147,3514,ITI,ITI4,12,Lazio
2021-01-25,LOM,6771,2278,4493,5300,1281,180,10,468,6303,ITC,ITC4,3,Lombardia
2021-02-01,LOM,15129,5008,10121,10314,4054,740,21,224,14905,ITC,ITC4,3,Lombardia
2021-01-28,PAB,795,283,512,540,227,28,0,9,786,ITH,ITH1,4,Provincia Autonoma Bolzano / Bozen
2021-01-11,MAR,1176,411,765,1021,155,0,0,1176,0,ITI,ITI3,11,Marche
2021-01-20,EMR,1306,267,1039,409,136,761,0,1305,1,ITH,ITH5,8,Emilia-Romagna
2021-02-02,MOL,486,155,331,295,63,128,0,163,323,ITF,ITF2,14,Molise
2021-01-22,FVG,92,31,61,91,1,0,0,2,90,ITH,ITH4,6,Friuli-Venezia Giulia
2021-02-01,VEN,7598,2290,5308,3933,1887,1533,245,160,7438,ITH,ITH3,5,Veneto
2020-12-27,CAL,275,150,125,274,1,0,0,275,0,ITF,ITF6,18,Calabria
2021-02-01,PAT,1147,317,830,733,79,335,0,91,1056,ITH,ITH2,4,Provincia Autonoma Trento
2021-01-16,MOL,420,166,254,270,23,127,0,420,0,ITF,ITF2,14,Molise
2021-01-12,VDA,302,72,230,241,50,11,0,302,0,ITC,ITC2,2,Valle d'Aosta / Vallée d'Aoste
2021-01-30,PUG,5299,2410,2889,4527,353,416,3,359,4940,ITF,ITF4,16,Puglia
2021-02-03,PIE,9805,3221,6584,6456,2258,1091,0,500,9305,ITC,ITC1,1,Piemonte
2021-01-03,SIC,4441,2319,2122,4124,317,0,0,4441,0,ITG,ITG1,19,Sicilia
2021-01-10,CAL,929,524,405,830,99,0,0,929,0,ITF,ITF6,18,Calabria
2021-01-03,CAM,3835,2008,1827,3191,644,0,0,3835,0,ITF,ITF3,15,Campania
2021-01-13,TOS,4061,1398,2663,3308,349,404,0,4061,0,ITI,ITI1,9,Toscana
2021-01-28,MAR,1972,659,1313,1581,290,101,0,167,1805,ITI,ITI3,11,Marche
2021-01-20,SAR,209,77,132,134,75,0,0,207,2,ITG,ITG2,20,Sardegna
2021-02-03,EMR,8707,2830,5877,5504,1775,1396,32,896,7811,ITH,ITH5,8,Emilia-Romagna
2021-01-01,LAZ,3553,1381,2172,3483,2,68,0,3553,0,ITI,ITI4,12,Lazio
2021-01-10,LAZ,4034,1698,2336,3127,655,252,0,4034,0,ITI,ITI4,12,Lazio
2021-01-15,CAM,4965,2379,2586,2738,2037,190,0,4965,0,ITF,ITF3,15,Campania
2021-01-01,TOS,2368,786,1582,1716,2,650,0,2368,0,ITI,ITI1,9,Toscana
2021-01-15,SIC,4860,2137,2723,2687,1713,460,0,4860,0,ITG,ITG1,19,Sicilia
2021-01-06,VEN,8119,2377,5742,6234,1077,807,1,8119,0,ITH,ITH3,5,Veneto
2021-01-22,CAL,656,274,382,298,248,110,0,654,2,ITF,ITF6,18,Calabria
2021-01-06,LOM,7025,2477,4548,5230,1757,35,3,7025,0,ITC,ITC4,3,Lombardia
2021-01-16,PUG,2485,1023,1462,1609,362,514,0,2485,0,ITF,ITF4,16,Puglia
2021-01-01,PAT,206,48,158,109,11,86,0,206,0,ITH,ITH2,4,Provincia Autonoma Trento
2021-01-12,BAS,216,87,129,39,79,98,0,216,0,ITF,ITF5,17,Basilicata
2021-02-01,CAM,3985,1813,2172,2504,1329,152,0,110,3875,ITF,ITF3,15,Campania
2021-01-13,FVG,2644,833,1811,1816,599,229,0,2644,0,ITH,ITH4,6,Friuli-Venezia Giulia
2021-01-15,UMB,692,212,480,588,44,60,0,692,0,ITI,ITI2,10,Umbria
2021-02-03,SAR,1115,416,699,859,237,19,0,424,691,ITG,ITG2,20,Sardegna
2021-01-31,ABR,1502,488,1014,1154,245,103,0,287,1215,ITF,ITF1,13,Abruzzo
2021-01-26,BAS,794,350,444,478,281,35,0,101,693,ITF,ITF5,17,Basilicata
2021-01-08,PIE,5525,1759,3766,4075,1029,421,0,5525,0,ITC,ITC1,1,Piemonte
2021-01-08,EMR,10797,3552,7245,7997,1727,1073,0,10797,0,ITH,ITH5,8,Emilia-Romagna
2021-01-29,UMB,1214,342,872,932,16,266,0,77,1137,ITI,ITI2,10,Umbria
2021-02-01,SIC,5953,2620,3333,4045,1590,318,0,296,5657,ITG,ITG1,19,Sicilia
2021-01-25,PIE,6208,1938,4270,4781,865,562,0,980,5228,ITC,ITC1,1,Piemonte
2021-01-11,LIG,2448,903,1545,1584,596,268,0,2448,0,ITC,ITC3,7,Liguria
2020-12-27,FVG,262,149,113,259,3,0,0,262,0,ITH,ITH4,6,Friuli-Venezia Giulia
2021-01-20,LOM,5287,1304,3983,1910,2183,1104,90,5173,114,ITC,ITC4,3,Lombardia
2021-01-02,PAB,91,48,43,67,24,0,0,91,0,ITH,ITH1,4,Provincia Autonoma Bolzano / Bozen
2021-01-27,LAZ,5767,2169,3598,4537,644,457,129,651,5116,ITI,ITI4,12,Lazio
2021-01-14,ABR,530,189,341,364,166,0,0,530,0,ITF,ITF1,13,Abruzzo
2021-01-06,MAR,2181,792,1389,1738,296,147,0,2181,0,ITI,ITI3,11,Marche
2021-01-18,MOL,114,48,66,97,17,0,0,114,0,ITF,ITF2,14,Molise
2021-01-24,FVG,305,119,186,277,27,1,0,1,304,ITH,ITH4,6,Friuli-Venezia Giulia
2021-01-17,VEN,1928,780,1148,1145,660,120,3,1579,349,ITH,ITH3,5,Veneto
2021-01-31,CAL,1085,554,531,762,285,38,0,133,952,ITF,ITF6,18,Calabria
2021-01-24,SIC,4264,2228,2036,3921,340,3,0,147,4117,ITG,ITG1,19,Sicilia
2021-02-01,PUG,3787,1604,2183,3323,344,120,0,373,3414,ITF,ITF4,16,Puglia
2021-01-20,PAB,608,247,361,213,145,0,250,401,207,ITH,ITH1,4,Provincia Autonoma Bolzano / Bozen
2021-01-12,EMR,9289,3082,6207,6003,1671,1615,0,9289,0,ITH,ITH5,8,Emilia-Romagna
2021-01-22,PIE,3795,1228,2567,2252,649,894,0,2451,1344,ITC,ITC1,1,Piemonte
2021-01-08,LIG,2686,927,1759,1763,578,345,0,2686,0,ITC,ITC3,7,Liguria
2021-01-17,PAT,251,195,56,2,249,0,0,251,0,ITH,ITH2,4,Provincia Autonoma Trento
2021-01-05,CAL,1350,618,732,1256,94,0,0,1350,0,ITF,ITF6,18,Calabria
2021-01-03,VEN,5155,1562,3593,4456,450,249,0,5155,0,ITH,ITH3,5,Veneto
2021-01-10,FVG,2939,919,2020,1745,949,245,0,2939,0,ITH,ITH4,6,Friuli-Venezia Giulia
2020-12-29,SIC,214,132,82,214,0,0,0,214,0,ITG,ITG1,19,Sicilia
2021-01-22,LIG,1561,533,1028,746,347,468,0,1088,473,ITC,ITC3,7,Liguria
2021-01-05,SAR,1327,446,881,1281,46,0,0,1327,0,ITG,ITG2,20,Sardegna
2021-01-08,TOS,5944,1641,4303,5360,39,545,0,5944,0,ITI,ITI1,9,Toscana
2021-01-24,LOM,1164,450,714,780,359,24,1,502,662,ITC,ITC4,3,Lombardia
2021-01-06,PAB,59,18,41,59,0,0,0,59,0,ITH,ITH1,4,Provincia Autonoma Bolzano / Bozen
2021-01-30,ABR,1509,566,943,1348,114,47,0,69,1440,ITF,ITF1,13,Abruzzo
2021-02-03,PAT,683,281,402,242,72,0,369,399,284,ITH,ITH2,4,Provincia Autonoma Trento
2021-01-10,CAM,8166,3739,4427,5180,2889,97,0,8166,0,ITF,ITF3,15,Campania
2021-01-22,SAR,82,46,36,44,38,0,0,54,28,ITG,ITG2,20,Sardegna
2021-01-07,UMB,1291,383,908,883,4,404,0,1291,0,ITI,ITI2,10,Umbria
2020-12-27,TOS,619,267,352,460,146,13,0,619,0,ITI,ITI1,9,Toscana
2021-01-17,CAL,867,418,449,527,292,48,0,801,66,ITF,ITF6,18,Calabria
2021-01-10,SIC,3502,1568,1934,2039,1006,457,0,3502,0,ITG,ITG1,19,Sicilia
2021-01-26,EMR,8324,3000,5324,6280,1012,1032,0,219,8105,ITH,ITH5,8,Emilia-Romagna
2021-01-03,PAT,483,158,325,409,12,62,0,483,0,ITH,ITH2,4,Provincia Autonoma Trento
2021-01-18,PUG,1845,771,1074,1180,220,445,0,1496,349,ITF,ITF4,16,Puglia
2021-01-16,VDA,236,80,156,127,36,22,51,236,0,ITC,ITC2,2,Valle d'Aosta / Vallée d'Aoste
2021-01-01,PUG,146,60,86,145,1,0,0,146,0,ITF,ITF4,16,Puglia
2021-01-15,MAR,1771,500,1271,985,420,366,0,1771,0,ITI,ITI3,11,Marche
2020-12-29,LOM,100,43,57,100,0,0,0,100,0,ITC,ITC4,3,Lombardia
2021-01-16,ABR,587,239,348,449,123,15,0,587,0,ITF,ITF1,13,Abruzzo
2021-01-21,BAS,30,10,20,0,30,0,0,30,0,ITF,ITF5,17,Basilicata
2021-01-30,MOL,458,158,300,182,97,179,0,10,448,ITF,ITF2,14,Molise
2021-02-03,VEN,5047,1464,3583,2397,1359,1290,1,290,4757,ITH,ITH3,5,Veneto
2021-01-24,UMB,254,104,150,254,0,0,0,1,253,ITI,ITI2,10,Umbria
2021-01-24,CAM,4127,2122,2005,3140,821,166,0,383,3744,ITF,ITF3,15,Campania
2021-01-10,PIE,5205,2273,2932,3904,783,518,0,5205,0,ITC,ITC1,1,Piemonte
2020-12-27,LIG,132,54,78,85,2,45,0,132,0,ITC,ITC3,7,Liguria
2021-01-12,LAZ,5391,1974,3417,4133,674,584,0,5391,0,ITI,ITI4,12,Lazio
2021-01-15,LOM,24126,7096,17030,9922,10001,3798,405,24126,0,ITC,ITC4,3,Lombardia
2021-02-01,MAR,1338,469,869,1034,223,81,0,98,1240,ITI,ITI3,11,Marche
2021-01-22,TOS,2864,1063,1801,2027,81,756,0,525,2339,ITI,ITI1,9,Toscana
2021-01-04,BAS,607,271,336,527,80,0,0,607,0,ITF,ITF5,17,Basilicata
2021-01-10,LIG,572,239,333,158,272,142,0,572,0,ITC,ITC3,7,Liguria
2021-01-18,PAB,1549,578,971,291,267,7,984,1544,5,ITH,ITH1,4,Provincia Autonoma Bolzano / Bozen
2021-01-22,LOM,2713,770,1943,946,1656,111,0,2661,52,ITC,ITC4,3,Lombardia
2021-01-31,LAZ,4097,1709,2388,2984,746,244,123,291,3806,ITI,ITI4,12,Lazio
2021-01-12,FVG,2255,712,1543,1522,372,361,0,2255,0,ITH,ITH4,6,Friuli-Venezia Giulia
2021-01-18,ABR,122,48,74,106,14,2,0,46,76,ITF,ITF1,13,Abruzzo
2021-02-02,BAS,363,141,222,132,130,101,0,175,188,ITF,ITF5,17,Basilicata
2021-01-31,UMB,1056,276,780,765,10,281,0,25,1031,ITI,ITI2,10,Umbria
2021-01-29,FVG,2410,813,1597,1854,321,235,0,262,2148,ITH,ITH4,6,Friuli-Venezia Giulia
2021-01-22,VEN,1081,332,749,939,84,58,0,27,1054,ITH,ITH3,5,Veneto
2021-01-22,PAT,1608,418,1190,863,126,619,0,313,1295,ITH,ITH2,4,Provincia Autonoma Trento
2021-01-06,MOL,689,260,429,448,70,171,0,689,0,ITF,ITF2,14,Molise
2021-01-07,EMR,10202,3381,6821,7851,1284,1067,0,10202,0,ITH,ITH5,8,Emilia-Romagna
2021-01-19,SIC,1210,495,715,485,502,223,0,1038,172,ITG,ITG1,19,Sicilia
2021-01-26,CAL,1803,859,944,1569,164,70,0,283,1520,ITF,ITF6,18,Calabria
2021-01-02,VDA,6,5,1,0,0,6,0,6,0,ITC,ITC2,2,Valle d'Aosta / Vallée d'Aoste
2021-01-24,PIE,3148,956,2192,2630,372,146,0,432,2716,ITC,ITC1,1,Piemonte
2021-01-20,PUG,1533,535,998,778,165,590,0,1525,8,ITF,ITF4,16,Puglia
2021-01-27,LIG,1573,562,1011,1174,253,146,0,178,1395,ITC,ITC3,7,Liguria
2021-01-03,TOS,3335,1052,2283,2564,9,762,0,3335,0,ITI,ITI1,9,Toscana
2021-01-10,SAR,2183,750,1433,1632,551,0,0,2183,0,ITG,ITG2,20,Sardegna
2021-01-01,PAB,1,1,0,0,1,0,0,1,0,ITH,ITH1,4,Provincia Autonoma Bolzano / Bozen
2021-01-24,EMR,2441,883,1558,2067,124,250,0,300,2141,ITH,ITH5,8,Emilia-Romagna
2021-01-05,VEN,7328,2182,5146,5393,813,1122,0,7328,0,ITH,ITH3,5,Veneto
2021-01-05,CAM,7240,3641,3599,5813,1321,106,0,7240,0,ITF,ITF3,15,Campania
2020-12-31,LAZ,5217,2094,3123,4926,12,279,0,5217,0,ITI,ITI4,12,Lazio
2021-01-05,SIC,9970,4896,5074,8608,1169,193,0,9970,0,ITG,ITG1,19,Sicilia
2020-12-27,VEN,880,395,485,875,5,0,0,880,0,ITH,ITH3,5,Veneto
2021-01-12,CAL,2058,1017,1041,1706,323,29,0,2058,0,ITF,ITF6,18,Calabria
2020-12-27,LOM,701,407,294,549,138,13,1,701,0,ITC,ITC4,3,Lombardia
2021-01-06,PUG,3940,1662,2278,3096,467,377,0,3940,0,ITF,ITF4,16,Puglia
2021-01-02,BAS,947,379,568,847,100,0,0,947,0,ITF,ITF5,17,Basilicata
2021-02-01,MOL,562,201,361,300,151,111,0,14,548,ITF,ITF2,14,Molise
2021-01-28,VDA,290,123,167,164,120,6,0,56,234,ITC,ITC2,2,Valle d'Aosta / Vallée d'Aoste
2021-01-05,UMB,850,428,422,845,5,0,0,850,0,ITI,ITI2,10,Umbria
2021-01-24,SAR,90,34,56,89,1,0,0,5,85,ITG,ITG2,20,Sardegna
2021-02-03,TOS,4137,1420,2717,3455,238,444,0,218,3919,ITI,ITI1,9,Toscana
2021-01-05,PAT,694,229,465,485,51,158,0,694,0,ITH,ITH2,4,Provincia Autonoma Trento
2021-01-16,BAS,723,304,419,265,297,161,0,723,0,ITF,ITF5,17,Basilicata
2021-01-19,UMB,103,23,80,21,2,80,0,103,0,ITI,ITI2,10,Umbria
2021-02-01,PAB,1306,350,956,622,390,294,0,10,1296,ITH,ITH1,4,Provincia Autonoma Bolzano / Bozen
2021-01-19,CAM,1094,473,621,534,389,171,0,1091,3,ITF,ITF3,15,Campania
2021-01-01,LIG,144,55,89,133,11,0,0,144,0,ITC,ITC3,7,Liguria
2021-01-04,ABR,1401,575,826,1396,5,0,0,1401,0,ITF,ITF1,13,Abruzzo
2021-01-17,LAZ,4437,1781,2656,2836,615,176,810,4331,106,ITI,ITI4,12,Lazio
2021-01-10,LOM,10509,3955,6554,6756,3728,8,17,10509,0,ITC,ITC4,3,Lombardia
2021-01-27,MAR,1999,709,1290,1663,196,140,0,122,1877,ITI,ITI3,11,Marche
2021-01-17,TOS,2485,836,1649,2003,293,189,0,1972,513,ITI,ITI1,9,Toscana
2021-01-31,SIC,3694,1734,1960,2185,1215,294,0,111,3583,ITG,ITG1,19,Sicilia
2021-01-15,LIG,2094,711,1383,930,691,473,0,2094,0,ITC,ITC3,7,Liguria
2021-01-05,EMR,9325,3164,6161,7705,855,765,0,9325,0,ITH,ITH5,8,Emilia-Romagna
2021-01-17,LOM,8037,3257,4780,4927,2943,122,45,7839,198,ITC,ITC4,3,Lombardia
2021-01-13,PAB,1455,454,1001,367,670,252,166,1455,0,ITH,ITH1,4,Provincia Autonoma Bolzano / Bozen
2021-01-31,CAM,8065,3710,4355,5105,2893,67,0,24,8041,ITF,ITF3,15,Campania
2021-01-28,BAS,903,401,502,434,391,78,0,119,784,ITF,ITF5,17,Basilicata
2021-01-17,FVG,1718,522,1196,673,559,486,0,1717,1,ITH,ITH4,6,Friuli-Venezia Giulia
2021-01-23,ABR,263,114,149,223,14,26,0,57,206,ITF,ITF1,13,Abruzzo
2021-01-19,LAZ,4287,1647,2640,2806,692,381,408,3834,453,ITI,ITI4,12,Lazio
2021-01-26,UMB,814,390,424,813,1,0,0,18,796,ITI,ITI2,10,Umbria
2021-01-15,TOS,3878,1347,2531,2758,676,444,0,3878,0,ITI,ITI1,9,Toscana
2020-12-29,SAR,56,31,25,55,1,0,0,56,0,ITG,ITG2,20,Sardegna
2021-01-12,PIE,9987,3386,6601,6820,1996,1171,0,9987,0,ITC,ITC1,1,Piemonte
2021-01-11,MOL,557,194,363,194,252,111,0,557,0,ITF,ITF2,14,Molise
2021-01-30,PAB,296,133,163,59,136,101,0,4,292,ITH,ITH1,4,Provincia Autonoma Bolzano / Bozen
2021-01-25,PUG,3814,1675,2139,3447,199,168,0,422,3392,ITF,ITF4,16,Puglia
2021-01-29,PIE,5841,1850,3991,4114,1057,670,0,452,5389,ITC,ITC1,1,Piemonte
2021-01-13,MAR,2105,746,1359,1408,621,76,0,2105,0,ITI,ITI3,11,Marche
2021-02-03,LOM,22094,7081,15013,12152,6759,3082,101,557,21537,ITC,ITC4,3,Lombardia
2021-01-19,EMR,2031,499,1532,711,167,1153,0,2013,18,ITH,ITH5,8,Emilia-Romagna
2021-01-24,PAT,545,274,271,310,235,0,0,222,323,ITH,ITH2,4,Provincia Autonoma Trento
2021-01-10,VEN,5018,1661,3357,3208,1348,460,2,5018,0,ITH,ITH3,5,Veneto
2021-01-05,LAZ,7370,2802,4568,6690,103,577,0,7370,0,ITI,ITI4,12,Lazio
2020-12-31,CAM,1490,811,679,1273,216,1,0,1490,0,ITF,ITF3,15,Campania
2021-01-12,SAR,865,408,457,477,388,0,0,865,0,ITG,ITG2,20,Sardegna
2021-01-17,UMB,54,17,37,47,7,0,0,54,0,ITI,ITI2,10,Umbria
2021-01-08,PUG,5560,2331,3229,4689,546,325,0,5560,0,ITF,ITF4,16,Puglia
2021-01-07,CAL,2179,1061,1118,1882,297,0,0,2179,0,ITF,ITF6,18,Calabria
2021-01-25,MAR,1595,558,1037,1425,114,56,0,97,1498,ITI,ITI3,11,Marche
2020-12-27,PAT,103,40,63,76,7,20,0,103,0,ITH,ITH2,4,Provincia Autonoma Trento
2021-01-29,LIG,2693,951,1742,1960,458,275,0,39,2654,ITC,ITC3,7,Liguria
2020-12-31,UMB,322,127,195,310,12,0,0,322,0,ITI,ITI2,10,Umbria
2021-01-17,CAM,1155,551,604,718,286,151,0,702,453,ITF,ITF3,15,Campania
2021-01-29,SAR,2943,1065,1878,2548,392,3,0,48,2895,ITG,ITG2,20,Sardegna
2021-01-29,TOS,6141,1700,4441,5382,139,620,0,302,5839,ITI,ITI1,9,Toscana
2021-01-09,VDA,443,199,244,153,268,22,0,443,0,ITC,ITC2,2,Valle d'Aosta / Vallée d'Aoste
2021-01-10,PAT,84,19,65,53,19,12,0,84,0,ITH,ITH2,4,Provincia Autonoma Trento
2021-01-24,VEN,4115,1218,2897,3733,160,222,0,28,4087,ITH,ITH3,5,Veneto
2021-01-03,PIE,3061,966,2095,2714,295,52,0,3061,0,ITC,ITC1,1,Piemonte
2021-01-20,MOL,18,8,10,14,4,0,0,18,0,ITF,ITF2,14,Molise
2021-01-17,SIC,1231,557,674,585,496,150,0,1184,47,ITG,ITG1,19,Sicilia
2021-01-24,CAL,44,18,26,15,3,26,0,39,5,ITF,ITF6,18,Calabria
2021-01-09,ABR,1483,565,918,1430,53,0,0,1483,0,ITF,ITF1,13,Abruzzo
2021-01-14,BAS,966,411,555,400,245,321,0,966,0,ITF,ITF5,17,Basilicata
2021-01-05,LOM,7668,2511,5157,5695,1799,166,8,7668,0,ITC,ITC4,3,Lombardia
2021-01-31,FVG,2713,837,1876,1693,1002,18,0,385,2328,ITH,ITH4,6,Friuli-Venezia Giulia
2020-12-31,EMR,2202,773,1429,1658,215,329,0,2202,0,ITH,ITH5,8,Emilia-Romagna
2021-01-20,LIG,1184,448,736,397,468,319,0,1173,11,ITC,ITC3,7,Liguria
2021-01-13,MOL,474,160,314,256,74,144,0,474,0,ITF,ITF2,14,Molise
2021-01-23,BAS,705,298,407,480,224,1,0,33,672,ITF,ITF5,17,Basilicata
2021-01-28,ABR,1432,494,938,1369,62,1,0,12,1420,ITF,ITF1,13,Abruzzo
2021-01-24,LAZ,5467,2109,3358,4752,455,134,126,385,5082,ITI,ITI4,12,Lazio
2021-01-10,TOS,2999,1103,1896,2433,138,428,0,2999,0,ITI,ITI1,9,Toscana
2021-01-03,SAR,90,36,54,89,1,0,0,90,0,ITG,ITG2,20,Sardegna
2021-01-27,PUG,4553,1920,2633,3867,291,395,0,600,3953,ITF,ITF4,16,Puglia
2021-01-29,SIC,9157,4227,4930,7131,1791,235,0,359,8798,ITG,ITG1,19,Sicilia
2021-01-17,PIE,3511,1167,2344,2079,593,839,0,2864,647,ITC,ITC1,1,Piemonte
2021-01-25,PAB,429,166,263,353,75,0,1,3,426,ITH,ITH1,4,Provincia Autonoma Bolzano / Bozen
2021-01-17,EMR,2883,885,1998,1715,630,538,0,2637,246,ITH,ITH5,8,Emilia-Romagna
2021-01-03,LIG,727,226,501,650,77,0,0,727,0,ITC,ITC3,7,Liguria
2021-01-05,FVG,1679,550,1129,1349,133,197,0,1679,0,ITH,ITH4,6,Friuli-Venezia Giulia
2021-01-08,MAR,1574,588,986,1226,348,0,0,1574,0,ITI,ITI3,11,Marche
2021-01-11,PAB,1493,473,1020,532,640,173,148,1493,0,ITH,ITH1,4,Provincia Autonoma Bolzano / Bozen
2020-12-29,LAZ,418,150,268,418,0,0,0,418,0,ITI,ITI4,12,Lazio
2021-01-29,LOM,13031,4010,9021,10132,2373,519,7,558,12473,ITC,ITC4,3,Lombardia
2021-01-29,PAT,1341,328,1013,705,97,539,0,55,1286,ITH,ITH2,4,Provincia Autonoma Trento
2021-01-15,VEN,5769,1771,3998,2595,1679,1486,9,5769,0,ITH,ITH3,5,Veneto
2021-01-12,UMB,784,247,537,665,14,105,0,784,0,ITI,ITI2,10,Umbria
2021-01-17,SAR,859,277,582,741,118,0,0,858,1,ITG,ITG2,20,Sardegna
2021-01-31,PIE,4099,1746,2353,3076,654,369,0,112,3987,ITC,ITC1,1,Piemonte
2021-01-31,EMR,7692,2758,4934,5825,1606,261,0,242,7450,ITH,ITH5,8,Emilia-Romagna
2021-01-13,PUG,4489,1703,2786,3876,383,230,0,4489,0,ITF,ITF4,16,Puglia
2021-01-21,VDA,33,12,21,0,0,33,0,33,0,ITC,ITC2,2,Valle d'Aosta / Vallée d'Aoste
2020-12-30,PAB,362,168,194,321,41,0,0,362,0,ITH,ITH1,4,Provincia Autonoma Bolzano / Bozen
2021-02-03,LIG,1706,629,1077,1097,483,126,0,31,1675,ITC,ITC3,7,Liguria
2021-01-03,LOM,852,316,536,710,137,4,1,852,0,ITC,ITC4,3,Lombardia
2021-01-20,MAR,398,99,299,146,62,190,0,386,12,ITI,ITI3,11,Marche
2021-01-12,CAM,5214,2563,2651,3439,1435,340,0,5214,0,ITF,ITF3,15,Campania
2021-02-03,MAR,2124,741,1383,1344,614,166,0,119,2005,ITI,ITI3,11,Marche
2021-01-11,ABR,1551,557,994,1337,166,48,0,1551,0,ITF,ITF1,13,Abruzzo
2021-01-15,PAT,572,124,448,448,32,92,0,572,0,ITH,ITH2,4,Provincia Autonoma Trento
2021-01-04,VDA,142,59,83,126,16,0,0,142,0,ITC,ITC2,2,Valle d'Aosta / Vallée d'Aoste
2021-01-29,VEN,8912,2755,6157,5912,1565,1432,3,356,8556,ITH,ITH3,5,Veneto
2021-01-25,MOL,319,130,189,317,2,0,0,3,316,ITF,ITF2,14,Molise
2021-01-29,CAM,10049,4811,5238,6403,3387,259,0,47,10002,ITF,ITF3,15,Campania
2021-01-05,PIE,5376,1602,3774,4362,729,285,0,5376,0,ITC,ITC1,1,Piemonte
2021-01-12,SIC,4067,1967,2100,2652,1223,192,0,4067,0,ITG,ITG1,19,Sicilia
2021-01-31,SAR,2121,750,1371,1541,579,0,1,48,2073,ITG,ITG2,20,Sardegna
2021-01-19,CAL,1108,488,620,852,180,76,0,1098,10,ITF,ITF6,18,Calabria
2021-01-27,TOS,4799,1552,3247,4001,74,724,0,196,4603,ITI,ITI1,9,Toscana
2021-01-09,BAS,559,161,398,281,211,67,0,559,0,ITF,ITF5,17,Basilicata
2020-12-30,PUG,2,0,2,2,0,0,0,2,0,ITF,ITF4,16,Puglia
2021-01-21,SIC,1284,631,653,971,185,128,0,481,803,ITG,ITG1,19,Sicilia
2021-01-28,CAL,2232,1107,1125,1920,312,0,0,84,2148,ITF,ITF6,18,Calabria
2021-01-05,LIG,2748,858,1890,2166,353,229,0,2748,0,ITC,ITC3,7,Liguria
2021-01-07,LOM,11550,3593,7957,8064,2820,594,72,11550,0,ITC,ITC4,3,Lombardia
2021-01-26,LAZ,7601,2906,4695,6392,453,631,125,371,7230,ITI,ITI4,12,Lazio
2021-01-21,CAM,2091,1114,977,1378,638,75,0,676,1415,ITF,ITF3,15,Campania
2021-01-18,BAS,456,155,301,358,56,42,0,357,99,ITF,ITF5,17,Basilicata
2021-01-13,ABR,1253,440,813,1103,150,0,0,1253,0,ITF,ITF1,13,Abruzzo
2021-01-28,SAR,2952,1039,1913,2519,433,0,0,69,2883,ITG,ITG2,20,Sardegna
2021-01-07,FVG,2089,718,1371,1758,221,110,0,2089,0,ITH,ITH4,6,Friuli-Venezia Giulia
2021-01-09,LAZ,6286,2556,3730,4920,746,620,0,6286,0,ITI,ITI4,12,Lazio
2021-01-16,UMB,220,72,148,145,32,43,0,220,0,ITI,ITI2,10,Umbria
2021-01-05,TOS,5244,1755,3489,4354,11,879,0,5244,0,ITI,ITI1,9,Toscana
2021-01-02,PIE,3539,1134,2405,3072,414,53,0,3539,0,ITC,ITC1,1,Piemonte
2021-01-19,PIE,6387,2097,4290,3635,1312,1440,0,6285,102,ITC,ITC1,1,Piemonte
2021-01-15,PUG,4436,1810,2626,3472,435,529,0,4436,0,ITF,ITF4,16,Puglia
2021-01-31,PAT,74,15,59,54,14,6,0,0,74,ITH,ITH2,4,Provincia Autonoma Trento
2021-01-03,MAR,896,348,548,759,137,0,0,896,0,ITI,ITI3,11,Marche
2021-01-09,EMR,9862,3424,6438,7365,1603,894,0,9862,0,ITH,ITH5,8,Emilia-Romagna
2021-01-21,LOM,5043,1494,3549,1725,3178,140,0,4358,685,ITC,ITC4,3,Lombardia
2021-01-14,PAT,690,199,491,469,19,202,0,690,0,ITH,ITH2,4,Provincia Autonoma Trento
2020-12-31,VEN,3219,1044,2175,2694,273,252,0,3219,0,ITH,ITH3,5,Veneto
2021-02-02,UMB,942,274,668,713,17,212,0,32,910,ITI,ITI2,10,Umbria
2021-01-30,VDA,436,202,234,157,267,12,0,13,423,ITC,ITC2,2,Valle d'Aosta / Vallée d'Aoste
2021-01-31,VEN,4673,1535,3138,3089,1264,316,4,381,4292,ITH,ITH3,5,Veneto
2021-01-02,SAR,60,21,39,60,0,0,0,60,0,ITG,ITG2,20,Sardegna
2021-02-03,PAB,1453,458,995,565,499,321,68,5,1448,ITH,ITH1,4,Provincia Autonoma Bolzano / Bozen
2020-12-28,CAL,6,2,4,6,0,0,0,6,0,ITF,ITF6,18,Calabria
2021-01-13,VDA,283,94,189,135,148,0,0,283,0,ITC,ITC2,2,Valle d'Aosta / Vallée d'Aoste
2021-01-19,LIG,1174,397,777,493,429,252,0,1089,85,ITC,ITC3,7,Liguria
2021-02-02,PIE,10019,3457,6562,6776,2003,1240,0,657,9362,ITC,ITC1,1,Piemonte
2021-01-27,MOL,674,251,423,373,92,209,0,8,666,ITF,ITF2,14,Molise
2021-01-07,CAM,8904,4162,4742,6309,2263,332,0,8904,0,ITF,ITF3,15,Campania
2021-01-19,SAR,747,270,477,423,165,159,0,692,55,ITG,ITG2,20,Sardegna
2020-12-31,PAT,1583,437,1146,812,105,666,0,1583,0,ITH,ITH2,4,Provincia Autonoma Trento
2021-01-29,MAR,1901,687,1214,1398,429,74,0,168,1733,ITI,ITI3,11,Marche
2021-01-19,TOS,1102,529,573,392,221,489,0,1102,0,ITI,ITI1,9,Toscana
2021-01-14,VEN,6958,1881,5077,2898,1647,2396,17,6958,0,ITH,ITH3,5,Veneto
2021-01-04,UMB,809,397,412,808,1,0,0,809,0,ITI,ITI2,10,Umbria
2021-01-10,MOL,270,72,198,82,19,169,0,270,0,ITF,ITF2,14,Molise
2021-01-14,CAL,2556,1214,1342,1962,591,3,0,2556,0,ITF,ITF6,18,Calabria
2021-01-07,SIC,8653,3973,4680,7246,1201,206,0,8653,0,ITG,ITG1,19,Sicilia
2021-01-17,PAB,2272,1026,1246,54,244,19,1955,2260,12,ITH,ITH1,4,Provincia Autonoma Bolzano / Bozen
2021-01-24,PUG,1659,744,915,1274,237,148,0,146,1513,ITF,ITF4,16,Puglia
2021-01-21,FVG,891,345,546,860,31,0,0,0,891,ITH,ITH4,6,Friuli-Venezia Giulia
2021-01-02,LOM,199,72,127,177,22,0,0,199,0,ITC,ITC4,3,Lombardia
2021-01-13,BAS,915,386,529,573,194,148,0,915,0,ITF,ITF5,17,Basilicata
2021-02-02,SAR,1479,653,826,953,526,0,0,241,1238,ITG,ITG2,20,Sardegna
2021-01-02,VEN,5739,1764,3975,4772,421,544,2,5739,0,ITH,ITH3,5,Veneto
2021-01-14,LAZ,5196,1956,3240,3568,748,796,84,5196,0,ITI,ITI4,12,Lazio
2021-01-09,FVG,2517,841,1676,1518,405,594,0,2517,0,ITH,ITH4,6,Friuli-Venezia Giulia
2020-12-31,TOS,786,196,590,97,7,682,0,786,0,ITI,ITI1,9,Toscana
2021-01-07,PIE,5370,1731,3639,4145,884,341,0,5370,0,ITC,ITC1,1,Piemonte
2021-01-17,PUG,1287,582,705,809,149,329,0,1217,70,ITF,ITF4,16,Puglia
2021-01-02,PAT,497,142,355,333,25,139,0,497,0,ITH,ITH2,4,Provincia Autonoma Trento
2021-01-15,PAB,2989,1102,1887,518,879,336,1256,2989,0,ITH,ITH1,4,Provincia Autonoma Bolzano / Bozen
2021-01-28,LAZ,7954,2998,4956,6545,761,514,134,459,7495,ITI,ITI4,12,Lazio
2021-02-02,CAM,5721,2803,2918,3640,1728,353,0,443,5278,ITF,ITF3,15,Campania
2021-02-02,SIC,5448,2576,2872,3065,1954,429,0,632,4816,ITG,ITG1,19,Sicilia
2021-01-07,LIG,2933,1012,1921,1996,580,357,0,2933,0,ITC,ITC3,7,Liguria
2021-01-19,LOM,7641,2239,5402,2945,2919,1664,113,7165,476,ITC,ITC4,3,Lombardia
2021-01-30,BAS,697,225,472,298,274,125,0,126,571,ITF,ITF5,17,Basilicata
2021-01-19,PAT,402,77,325,324,42,36,0,402,0,ITH,ITH2,4,Provincia Autonoma Trento
2021-01-25,VDA,147,65,82,125,16,6,0,0,147,ITC,ITC2,2,Valle d'Aosta / Vallée d'Aoste
2021-01-28,UMB,1240,392,848,891,4,345,0,19,1221,ITI,ITI2,10,Umbria
2021-01-29,MOL,421,136,285,218,94,109,0,6,415,ITF,ITF2,14,Molise
2021-01-07,SAR,3098,1073,2025,2692,406,0,0,3098,0,ITG,ITG2,20,Sardegna
2021-01-02,UMB,301,110,191,301,0,0,0,301,0,ITI,ITI2,10,Umbria
2021-01-21,PIE,6694,2255,4439,4673,852,1169,0,3208,3486,ITC,ITC1,1,Piemonte
2021-01-29,PAB,1387,444,943,732,372,281,2,22,1365,ITH,ITH1,4,Provincia Autonoma Bolzano / Bozen
2021-01-03,PUG,2003,941,1062,1768,92,143,0,2003,0,ITF,ITF4,16,Puglia
2021-01-31,TOS,3048,1129,1919,2465,135,448,0,105,2943,ITI,ITI1,9,Toscana
2021-01-21,EMR,2138,722,1416,1270,221,647,0,802,1336,ITH,ITH5,8,Emilia-Romagna
2021-01-11,VDA,325,112,213,207,88,30,0,325,0,ITC,ITC2,2,Valle d'Aosta / Vallée d'Aoste
2021-01-10,MAR,1737,699,1038,1462,275,0,0,1737,0,ITI,ITI3,11,Marche
2021-01-24,LIG,750,233,517,625,65,60,0,113,637,ITC,ITC3,7,Liguria
2021-02-02,VEN,6121,1781,4340,2748,1402,1821,150,367,5754,ITH,ITH3,5,Veneto
2021-01-27,ABR,1364,515,849,1301,63,0,0,39,1325,ITF,ITF1,13,Abruzzo
2021-02-02,LOM,18508,6187,12321,11742,5221,1467,78,368,18140,ITC,ITC4,3,Lombardia
2021-01-02,CAM,3674,1963,1711,3167,507,0,0,3674,0,ITF,ITF3,15,Campania
2021-01-24,MAR,879,338,541,762,117,0,0,17,862,ITI,ITI3,11,Marche
2021-01-14,TOS,3253,1179,2074,2458,475,320,0,3253,0,ITI,ITI1,9,Toscana
2021-01-19,VEN,1310,472,838,706,274,324,6,1161,149,ITH,ITH3,5,Veneto
2021-01-15,MOL,538,242,296,398,59,81,0,538,0,ITF,ITF2,14,Molise
2021-01-02,SIC,4273,2222,2051,3753,520,0,0,4273,0,ITG,ITG1,19,Sicilia
2021-01-29,PUG,6007,2567,3440,5202,519,286,0,421,5586,ITF,ITF4,16,Puglia
2021-01-09,CAL,1916,1036,880,1529,387,0,0,1916,0,ITF,ITF6,18,Calabria
2021-01-21,SAR,126,60,66,60,66,0,0,94,32,ITG,ITG2,20,Sardegna
2021-01-26,FVG,1969,647,1322,1437,152,380,0,211,1758,ITH,ITH4,6,Friuli-Venezia Giulia
2020-12-28,LAZ,516,228,288,515,1,0,0,516,0,ITI,ITI4,12,Lazio
2021-01-08,MOL,429,141,288,234,75,120,0,429,0,ITF,ITF2,14,Molise
2020-12-27,MAR,200,97,103,184,12,4,0,200,0,ITI,ITI3,11,Marche
2021-01-16,LAZ,5294,2052,3242,3150,624,1052,468,5294,0,ITI,ITI4,12,Lazio
2021-01-07,VEN,8353,2318,6035,5442,1107,1804,0,8353,0,ITH,ITH3,5,Veneto
2021-01-14,FVG,2573,782,1791,1605,539,429,0,2573,0,ITH,ITH4,6,Friuli-Venezia Giulia
2021-01-22,PUG,1407,576,831,876,158,373,0,992,415,ITF,ITF4,16,Puglia
2021-01-07,PAT,1267,310,957,648,64,555,0,1267,0,ITH,ITH2,4,Provincia Autonoma Trento
2021-01-14,SIC,5000,2379,2621,2902,1846,252,0,5000,0,ITG,ITG1,19,Sicilia
2021-01-02,EMR,2346,903,1443,2069,80,197,0,2346,0,ITH,ITH5,8,Emilia-Romagna
2021-01-21,CAL,958,444,514,735,108,115,0,929,29,ITF,ITF6,18,Calabria
2020-12-29,LIG,118,32,86,87,10,21,0,118,0,ITC,ITC3,7,Liguria
2021-01-10,PAB,2,2,0,1,1,0,0,2,0,ITH,ITH1,4,Provincia Autonoma Bolzano / Bozen
2021-02-02,LAZ,4556,1749,2807,3684,613,256,3,471,4085,ITI,ITI4,12,Lazio
2020-12-31,FVG,1053,384,669,1011,42,0,0,1053,0,ITH,ITH4,6,Friuli-Venezia Giulia
2021-01-05,PUG,5096,2244,2852,4608,386,97,5,5096,0,ITF,ITF4,16,Puglia
2021-01-09,PIE,6181,2184,3997,4486,1127,568,0,6181,0,ITC,ITC1,1,Piemonte
2021-01-28,CAM,8828,4122,4706,6212,2269,347,0,134,8694,ITF,ITF3,15,Campania
2021-01-12,LIG,2150,801,1349,1298,529,323,0,2150,0,ITC,ITC3,7,Liguria
2021-01-28,SIC,9308,4391,4917,7448,1565,295,0,412,8896,ITG,ITG1,19,Sicilia
2021-01-21,PAT,349,93,256,289,44,16,0,227,122,ITH,ITH2,4,Provincia Autonoma Trento
2021-01-14,LOM,25652,7515,18137,10865,9769,4559,459,25652,0,ITC,ITC4,3,Lombardia
2020-12-27,PAB,143,65,78,136,6,0,1,143,0,ITH,ITH1,4,Provincia Autonoma Bolzano / Bozen
2021-01-25,BAS,1019,426,593,660,358,1,0,74,945,ITF,ITF5,17,Basilicata
2021-01-20,ABR,447,156,291,147,96,204,0,445,2,ITF,ITF1,13,Abruzzo
2021-01-31,LOM,9361,3580,5781,6709,2559,86,7,32,9329,ITC,ITC4,3,Lombardia
2021-02-03,MOL,731,249,482,391,160,180,0,338,393,ITF,ITF2,14,Molise
2021-01-23,UMB,277,100,177,276,1,0,0,2,275,ITI,ITI2,10,Umbria
2021-01-20,VDA,23,8,15,0,0,6,17,23,0,ITC,ITC2,2,Valle d'Aosta / Vallée d'Aoste
2021-01-28,FVG,2231,791,1440,1752,287,192,0,351,1880,ITH,ITH4,6,Friuli-Venezia Giulia
2021-02-02,PAT,543,169,374,256,66,61,160,184,359,ITH,ITH2,4,Provincia Autonoma Trento
2021-01-21,VEN,2258,719,1539,1974,165,119,0,19,2239,ITH,ITH3,5,Veneto
2021-01-26,PIE,6322,1875,4447,4720,875,727,0,733,5589,ITC,ITC1,1,Piemonte
2021-01-16,EMR,5581,1714,3867,3381,1105,1095,0,5581,0,ITH,ITH5,8,Emilia-Romagna
2021-01-26,TOS,5391,1791,3600,4356,84,951,0,218,5173,ITI,ITI1,9,Toscana
2021-01-06,VDA,65,33,32,28,19,18,0,65,0,ITC,ITC2,2,Valle d'Aosta / Vallée d'Aoste
2020-12-31,SIC,822,445,377,772,50,0,0,822,0,ITG,ITG1,19,Sicilia
2021-01-05,MAR,1562,586,976,1436,126,0,0,1562,0,ITI,ITI3,11,Marche
2021-01-09,SAR,4025,1416,2609,3125,900,0,0,4025,0,ITG,ITG2,20,Sardegna
2021-02-01,ABR,1632,573,1059,1384,247,1,0,271,1361,ITF,ITF1,13,Abruzzo
2021-02-02,EMR,9104,2941,6163,5730,1867,1467,40,465,8639,ITH,ITH5,8,Emilia-Romagna
2021-01-06,ABR,1830,664,1166,1546,151,133,0,1830,0,ITF,ITF1,13,Abruzzo
2021-01-11,BAS,183,66,117,78,64,41,0,183,0,ITF,ITF5,17,Basilicata
2021-01-14,UMB,749,200,549,696,36,17,0,749,0,ITI,ITI2,10,Umbria
2021-01-26,SAR,1335,453,882,1291,44,0,0,27,1308,ITG,ITG2,20,Sardegna
2021-02-03,PUG,4728,1852,2876,4058,486,184,0,711,4017,ITF,ITF4,16,Puglia
2021-01-14,CAM,7074,2981,4093,3705,3024,345,0,7074,0,ITF,ITF3,15,Campania
2020-12-31,PIE,3879,1318,2561,3387,358,134,0,3879,0,ITC,ITC1,1,Piemonte
2021-01-27,PAB,84,28,56,54,30,0,0,1,83,ITH,ITH1,4,Provincia Autonoma Bolzano / Bozen
2021-01-26,LIG,2392,775,1617,1844,297,251,0,154,2238,ITC,ITC3,7,Liguria
2021-01-02,LAZ,6703,2629,4074,6241,104,358,0,6703,0,ITI,ITI4,12,Lazio
2021-01-22,MAR,487,167,320,315,85,87,0,194,293,ITI,ITI3,11,Marche
2021-01-12,TOS,3581,1398,2183,2944,283,354,0,3581,0,ITI,ITI1,9,Toscana
2021-02-02,CAL,2005,993,1012,1623,307,75,0,170,1835,ITF,ITF6,18,Calabria
2021-01-26,SIC,9407,4632,4775,8325,848,234,0,234,9173,ITG,ITG1,19,Sicilia
2021-01-08,PAB,1471,467,1004,743,466,166,96,1471,0,ITH,ITH1,4,Provincia Autonoma Bolzano / Bozen
2020-12-31,LIG,948,334,614,714,53,153,28,948,0,ITC,ITC3,7,Liguria
2021-01-12,LOM,19443,6491,12952,10696,7275,1314,158,19443,0,ITC,ITC4,3,Lombardia
2021-02-01,VDA,397,124,273,236,92,69,0,81,316,ITC,ITC2,2,Valle d'Aosta / Vallée d'Aoste
2021-01-26,CAM,7294,3701,3593,5739,1333,222,0,352,6942,ITF,ITF3,15,Campania
2021-01-02,FVG,1217,471,746,1150,67,0,0,1217,0,ITH,ITH4,6,Friuli-Venezia Giulia
2021-01-21,LAZ,5220,2098,3122,4700,163,232,125,196,5024,ITI,ITI4,12,Lazio
2021-01-08,ABR,1525,507,1018,1487,38,0,0,1525,0,ITF,ITF1,13,Abruzzo
2021-01-12,VEN,5199,1516,3683,2202,1097,1734,166,5199,0,ITH,ITH3,5,Veneto
2021-01-21,UMB,607,200,407,426,13,168,0,338,269,ITI,ITI2,10,Umbria
2021-01-19,FVG,2,1,1,2,0,0,0,2,0,ITH,ITH4,6,Friuli-Venezia Giulia
2021-01-09,SIC,6986,3255,3731,4779,1775,432,0,6986,0,ITG,ITG1,19,Sicilia
2021-01-16,CAL,2394,1120,1274,1664,489,241,0,2394,0,ITF,ITF6,18,Calabria
2021-01-12,PAT,494,158,336,397,43,54,0,494,0,ITH,ITH2,4,Provincia Autonoma Trento
2020-12-27,MOL,50,20,30,29,4,17,0,50,0,ITF,ITF2,14,Molise
2021-01-14,PIE,9737,3144,6593,6163,2094,1480,0,9737,0,ITC,ITC1,1,Piemonte
2021-01-10,PUG,2339,1056,1283,1954,186,199,0,2339,0,ITF,ITF4,16,Puglia
2021-01-26,PAT,498,138,360,398,16,84,0,26,472,ITH,ITH2,4,Provincia Autonoma Trento
2021-01-17,LIG,559,258,301,152,291,116,0,559,0,ITC,ITC3,7,Liguria
2020-12-31,SAR,32,16,16,28,4,0,0,32,0,ITG,ITG2,20,Sardegna
2021-01-25,ABR,1603,632,971,1583,20,0,0,20,1583,ITF,ITF1,13,Abruzzo
2021-01-14,EMR,8038,2556,5482,4984,1488,1566,0,8038,0,ITH,ITH5,8,Emilia-Romagna
2021-01-20,BAS,84,22,62,0,84,0,0,84,0,ITF,ITF5,17,Basilicata
2021-02-02,TOS,3718,1463,2255,3019,279,420,0,173,3545,ITI,ITI1,9,Toscana
2021-01-26,LOM,8126,2647,5479,6413,1503,203,7,319,7807,ITC,ITC4,3,Lombardia
2021-01-26,VEN,6900,2080,4820,5250,689,961,0,153,6747,ITH,ITH3,5,Veneto
2021-02-02,FVG,2454,802,1652,1648,391,415,0,213,2241,ITH,ITH4,6,Friuli-Venezia Giulia
2021-01-02,CAL,165,94,71,165,0,0,0,165,0,ITF,ITF6,18,Calabria
2020-12-27,PUG,506,249,257,400,43,63,0,506,0,ITF,ITF4,16,Puglia
2021-01-28,PIE,5442,1770,3672,4019,852,571,0,349,5093,ITC,ITC1,1,Piemonte
2021-01-22,MOL,126,35,91,21,32,73,0,126,0,ITF,ITF2,14,Molise
2021-01-18,VDA,213,74,139,29,111,27,46,213,0,ITC,ITC2,2,Valle d'Aosta / Vallée d'Aoste
2021-01-14,SAR,1104,426,678,880,224,0,0,1104,0,ITG,ITG2,20,Sardegna
2021-02-01,BAS,242,91,151,89,105,48,0,46,196,ITF,ITF5,17,Basilicata
2021-01-28,EMR,10211,3332,6879,7617,1480,1114,0,353,9858,ITH,ITH5,8,Emilia-Romagna
2021-01-24,TOS,3347,1072,2275,2601,37,709,0,199,3148,ITI,ITI1,9,Toscana
2021-01-06,BAS,294,129,165,140,118,36,0,294,0,ITF,ITF5,17,Basilicata
2021-01-09,UMB,1718,492,1226,888,10,820,0,1718,0,ITI,ITI2,10,Umbria
2021-01-09,CAM,10563,5023,5540,6758,3536,269,0,10563,0,ITF,ITF3,15,Campania
2021-01-22,PAB,242,138,104,69,85,85,3,124,118,ITH,ITH1,4,Provincia Autonoma Bolzano / Bozen
2021-01-17,MAR,1598,682,916,964,588,46,0,1549,49,ITI,ITI3,11,Marche
2021-01-07,LAZ,7718,2890,4828,6752,400,566,0,7718,0,ITI,ITI4,12,Lazio
2021-01-31,LIG,617,264,353,224,259,134,0,7,610,ITC,ITC3,7,Liguria
2021-01-07,TOS,6013,1750,4263,5308,30,675,0,6013,0,ITI,ITI1,9,Toscana
2020-12-31,LOM,713,300,413,656,57,0,0,713,0,ITC,ITC4,3,Lombardia
