data_somministrazione,area,totale,sesso_maschile,sesso_femminile,prima_dose,seconda_dose,codice_NUTS1,codice_NUTS2,codice_regione_ISTAT,nome_area
2021-02-12,PAB,730,217,513,482,248,ITH,ITH1,4,Provincia Autonoma Bolzano / Bozen
2021-03-23,PIE,13077,5451,7626,6832,6245,ITC,ITC1,1,Piemonte
2021-04-19,PUG,27592,12813,14779,24548,3044,ITF,ITF4,16,Puglia
2021-04-10,PAB,5391,2664,2727,4803,588,ITH,ITH1,4,Provincia Autonoma Bolzano / Bozen
2021-06-07,CAM,55239,26339,28900,51601,3638,ITF,ITF3,15,Campania
2021-04-06,UMB,5290,2169,3121,2901,2389,ITI,ITI2,10,Umbria
2021-05-20,MAR,12365,5814,6551,7666,4699,ITI,ITI3,11,Marche
2021-01-10,ABR,1139,409,730,1139,0,ITF,ITF1,13,Abruzzo
2021-05-30,VDA,865,429,436,694,171,ITC,ITC2,2,Valle d'Aosta / Vallée d'Aoste
2021-01-16,PIE,7771,2630,5141,7771,0,ITC,ITC1,1,Piemonte
2021-02-11,SAR,1315,490,825,1204,111,ITG,ITG2,20,Sardegna
2021-01-23,PAT,577,334,243,388,189,ITH,ITH2,4,Provincia Autonoma Trento
2021-01-30,SIC,7628,3497,4131,168,7460,ITG,ITG1,19,Sicilia
2021-03-28,UMB,1096,442,654,1072,24,ITI,ITI2,10,Umbria
2021-04-28,FVG,7260,3201,4059,3796,3464,ITH,ITH4,6,Friuli-Venezia Giulia
2021-04-29,ABR,12668,5850,6818,9573,3095,ITF,ITF1,13,Abruzzo
2021-06-05,LIG,8035,4099,3936,4918,3117,ITC,ITC3,7,Liguria
2021-01-30,UMB,1590,490,1100,44,1546,ITI,ITI2,10,Umbria
2021-04-09,LIG,12422,5554,6868,10683,1739,ITC,ITC3,7,Liguria
2021-05-03,PAT,4242,2184,2058,4089,153,ITH,ITH2,4,Provincia Autonoma Trento
2021-06-05,TOS,28247,13505,14742,20755,7492,ITI,ITI1,9,Toscana
2020-12-31,PAB,913,519,394,913,0,ITH,ITH1,4,Provincia Autonoma Bolzano / Bozen
2021-02-04,LOM,27641,8068,19573,1991,25650,ITC,ITC4,3,Lombardia
2021-03-28,SIC,10913,5132,5781,6902,4011,ITG,ITG1,19,Sicilia
2021-03-04,CAL,5467,3185,2282,4671,796,ITF,ITF6,18,Calabria
2021-02-20,LAZ,9206,4274,4932,8438,768,ITI,ITI4,12,Lazio
2021-02-25,CAM,12425,4478,7947,11237,1188,ITF,ITF3,15,Campania
2021-03-31,LIG,11841,5206,6635,9071,2770,ITC,ITC3,7,Liguria
2021-04-24,PUG,29286,13334,15952,25341,3945,ITF,ITF4,16,Puglia
2021-04-09,LOM,52223,22292,29931,36234,15989,ITC,ITC4,3,Lombardia
2021-05-31,LAZ,49698,21315,28383,31269,18429,ITI,ITI4,12,Lazio
2021-01-10,BAS,77,24,53,77,0,ITF,ITF5,17,Basilicata
2021-01-15,ABR,379,149,230,379,0,ITF,ITF1,13,Abruzzo
2021-02-07,MAR,1870,734,1136,344,1526,ITI,ITI3,11,Marche
2021-04-20,BAS,4033,1920,2113,2202,1831,ITF,ITF5,17,Basilicata
2021-01-11,TOS,5094,1691,3403,5094,0,ITI,ITI1,9,Toscana
2021-04-11,EMR,15262,6926,8336,12217,3045,ITH,ITH5,8,Emilia-Romagna
2021-04-19,PAB,1871,858,1013,1689,182,ITH,ITH1,4,Provincia Autonoma Bolzano / Bozen
2021-05-28,VDA,975,414,561,563,412,ITC,ITC2,2,Valle d'Aosta / Vallée d'Aoste
2021-05-24,SAR,13672,6545,7127,8482,5190,ITG,ITG2,20,Sardegna
2021-02-17,VDA,327,144,183,227,100,ITC,ITC2,2,Valle d'Aosta / Vallée d'Aoste
2021-04-21,TOS,29602,12665,16937,17517,12085,ITI,ITI1,9,Toscana
2021-04-23,VEN,31150,13797,17353,22449,8701,ITH,ITH3,5,Veneto
2021-01-23,FVG,816,324,492,4,812,ITH,ITH4,6,Friuli-Venezia Giulia
2021-02-13,SAR,1456,565,891,1454,2,ITG,ITG2,20,Sardegna
2021-02-23,TOS,7721,3324,4397,7560,161,ITI,ITI1,9,Toscana
2021-04-04,LAZ,17463,8036,9427,12197,5266,ITI,ITI4,12,Lazio
2021-04-09,CAM,29846,13964,15882,23719,6127,ITF,ITF3,15,Campania
2021-04-05,MOL,391,189,202,292,99,ITF,ITF2,14,Molise
2021-05-05,PAT,4975,2575,2400,4689,286,ITH,ITH2,4,Provincia Autonoma Trento
2021-06-03,TOS,31785,15267,16518,27350,4435,ITI,ITI1,9,Toscana
2021-06-05,CAM,76891,37175,39716,70961,5930,ITF,ITF3,15,Campania
2021-01-08,BAS,554,219,335,554,0,ITF,ITF5,17,Basilicata
2021-03-29,MOL,2033,835,1198,1547,486,ITF,ITF2,14,Molise
2021-02-16,VEN,6642,2871,3771,6465,177,ITH,ITH3,5,Veneto
2021-04-04,LOM,7611,3230,4381,3716,3895,ITC,ITC4,3,Lombardia
2021-01-31,MOL,268,70,198,6,262,ITF,ITF2,14,Molise
2021-02-11,EMR,4251,1416,2835,3411,840,ITH,ITH5,8,Emilia-Romagna
2021-04-27,ABR,9085,4370,4715,6617,2468,ITF,ITF1,13,Abruzzo
2021-03-15,BAS,2354,983,1371,523,1831,ITF,ITF5,17,Basilicata
2021-05-29,SAR,17977,8638,9339,13386,4591,ITG,ITG2,20,Sardegna
2021-01-16,PAT,319,148,171,319,0,ITH,ITH2,4,Provincia Autonoma Trento
2021-01-17,BAS,328,133,195,327,1,ITF,ITF5,17,Basilicata
2021-05-05,FVG,9710,4232,5478,6269,3441,ITH,ITH4,6,Friuli-Venezia Giulia
2021-02-18,SAR,1878,732,1146,1814,64,ITG,ITG2,20,Sardegna
2021-04-04,SIC,6824,3325,3499,5532,1292,ITG,ITG1,19,Sicilia
2021-01-23,PIE,4257,1325,2932,879,3378,ITC,ITC1,1,Piemonte
2021-04-17,PAB,5233,2599,2634,5189,44,ITH,ITH1,4,Provincia Autonoma Bolzano / Bozen
2021-01-07,PAB,917,327,590,917,0,ITH,ITH1,4,Provincia Autonoma Bolzano / Bozen
2021-01-14,PUG,4069,1589,2480,4069,0,ITF,ITF4,16,Puglia
2021-03-21,PIE,10724,4739,5985,4190,6534,ITC,ITC1,1,Piemonte
2021-01-07,PUG,5716,2457,3259,5716,0,ITF,ITF4,16,Puglia
2021-01-31,MAR,1918,769,1149,103,1815,ITI,ITI3,11,Marche
2021-04-02,LOM,41136,16826,24310,26689,14447,ITC,ITC4,3,Lombardia
2021-04-17,PUG,39868,18889,20979,36300,3568,ITF,ITF4,16,Puglia
2021-02-25,CAL,2881,1550,1331,2286,595,ITF,ITF6,18,Calabria
2021-05-29,VEN,32649,16492,16157,25266,7383,ITH,ITH3,5,Veneto
2020-12-28,LIG,80,30,50,80,0,ITC,ITC3,7,Liguria
2021-01-25,FVG,1583,567,1016,194,1389,ITH,ITH4,6,Friuli-Venezia Giulia
2021-02-19,PUG,4730,2009,2721,4338,392,ITF,ITF4,16,Puglia
2021-04-27,BAS,4726,2242,2484,4401,325,ITF,ITF5,17,Basilicata
2021-06-03,LIG,15320,7570,7750,9038,6282,ITC,ITC3,7,Liguria
2021-03-23,FVG,3753,1559,2194,1613,2140,ITH,ITH4,6,Friuli-Venezia Giulia
2021-04-07,LIG,13583,6031,7552,11294,2289,ITC,ITC3,7,Liguria
2021-03-15,ABR,3624,1389,2235,1816,1808,ITF,ITF1,13,Abruzzo
2021-04-07,MAR,7810,3435,4375,7475,335,ITI,ITI3,11,Marche
2021-02-10,VDA,248,77,171,141,107,ITC,ITC2,2,Valle d'Aosta / Vallée d'Aoste
2021-01-17,ABR,188,59,129,181,7,ITF,ITF1,13,Abruzzo
2021-02-09,MAR,124,42,82,46,78,ITI,ITI3,11,Marche
2021-02-23,LIG,3806,1559,2247,3697,109,ITC,ITC3,7,Liguria
2021-05-12,UMB,6478,3015,3463,4335,2143,ITI,ITI2,10,Umbria
2021-04-18,EMR,17497,8393,9104,12570,4927,ITH,ITH5,8,Emilia-Romagna
2021-04-28,PAT,4241,1971,2270,4103,138,ITH,ITH2,4,Provincia Autonoma Trento
2021-04-26,PUG,26152,11972,14180,22921,3231,ITF,ITF4,16,Puglia
2021-05-05,PIE,32127,15035,17092,19117,13010,ITC,ITC1,1,Piemonte
2021-05-31,SAR,11157,5222,5935,8242,2915,ITG,ITG2,20,Sardegna
2021-02-18,VEN,5828,2455,3373,5764,64,ITH,ITH3,5,Veneto
2021-01-26,MAR,2019,748,1271,91,1928,ITI,ITI3,11,Marche
2021-03-09,CAL,6323,3252,3071,5344,979,ITF,ITF6,18,Calabria
2021-05-17,VEN,26416,12957,13459,16436,9980,ITH,ITH3,5,Veneto
2021-03-26,LIG,9122,3856,5266,5968,3154,ITC,ITC3,7,Liguria
2021-03-28,LOM,20462,7801,12661,14300,6162,ITC,ITC4,3,Lombardia
2021-04-11,SIC,15335,7575,7760,8306,7029,ITG,ITG1,19,Sicilia
2021-05-22,TOS,25989,12639,13350,21724,4265,ITI,ITI1,9,Toscana
2021-02-06,VEN,4095,1354,2741,709,3386,ITH,ITH3,5,Veneto
2021-04-14,LOM,47130,21009,26121,34164,12966,ITC,ITC4,3,Lombardia
2021-02-20,CAL,1419,760,659,1101,318,ITF,ITF6,18,Calabria
2021-05-26,LAZ,46098,20601,25497,34930,11168,ITI,ITI4,12,Lazio
2021-01-02,LIG,691,245,446,691,0,ITC,ITC3,7,Liguria
2021-01-04,LOM,6094,2101,3993,6094,0,ITC,ITC4,3,Lombardia
2021-01-30,FVG,2275,745,1530,270,2005,ITH,ITH4,6,Friuli-Venezia Giulia
2021-03-04,LAZ,18657,8015,10642,13640,5017,ITI,ITI4,12,Lazio
2021-04-21,PAT,2893,1349,1544,2843,50,ITH,ITH2,4,Provincia Autonoma Trento
2021-05-05,TOS,30118,13439,16679,15647,14471,ITI,ITI1,9,Toscana
2021-04-24,PAB,5104,2449,2655,4619,485,ITH,ITH1,4,Provincia Autonoma Bolzano / Bozen
2021-02-05,VDA,294,102,192,101,193,ITC,ITC2,2,Valle d'Aosta / Vallée d'Aoste
2021-02-07,PUG,1579,669,910,253,1326,ITF,ITF4,16,Puglia
2021-05-19,SAR,16386,8144,8242,12742,3644,ITG,ITG2,20,Sardegna
2021-01-21,PUG,2132,904,1228,1271,861,ITF,ITF4,16,Puglia
2021-01-22,ABR,118,57,61,118,0,ITF,ITF1,13,Abruzzo
2021-02-22,VDA,316,94,222,213,103,ITC,ITC2,2,Valle d'Aosta / Vallée d'Aoste
2021-03-28,CAM,15552,7501,8051,13927,1625,ITF,ITF3,15,Campania
2021-04-23,PIE,27439,12599,14840,20677,6762,ITC,ITC1,1,Piemonte
2021-02-28,TOS,1649,667,982,922,727,ITI,ITI1,9,Toscana
2021-05-01,PUG,27505,12600,14905,16863,10642,ITF,ITF4,16,Puglia
2021-06-05,SAR,17409,8213,9196,11371,6038,ITG,ITG2,20,Sardegna
2021-02-23,VEN,7376,3251,4125,7106,270,ITH,ITH3,5,Veneto
2021-04-19,MAR,9601,4497,5104,8020,1581,ITI,ITI3,11,Marche
2021-05-31,CAL,15178,7242,7936,7341,7837,ITF,ITF6,18,Calabria
2021-02-25,SAR,2899,1255,1644,2294,605,ITG,ITG2,20,Sardegna
2021-01-04,CAM,5825,2962,2863,5825,0,ITF,ITF3,15,Campania
2021-02-11,TOS,5383,2021,3362,5141,242,ITI,ITI1,9,Toscana
2021-05-16,VDA,688,341,347,347,341,ITC,ITC2,2,Valle d'Aosta / Vallée d'Aoste
2021-01-30,EMR,10077,3519,6558,141,9936,ITH,ITH5,8,Emilia-Romagna
2021-03-14,SAR,607,376,231,607,0,ITG,ITG2,20,Sardegna
2021-03-24,MOL,1631,658,973,1229,402,ITF,ITF2,14,Molise
2020-12-30,SIC,176,102,74,176,0,ITG,ITG1,19,Sicilia
2021-02-09,TOS,4488,1468,3020,3877,611,ITI,ITI1,9,Toscana
2021-04-05,PAB,301,144,157,23,278,ITH,ITH1,4,Provincia Autonoma Bolzano / Bozen
2021-01-16,SIC,2456,1098,1358,2456,0,ITG,ITG1,19,Sicilia
2021-01-28,PAT,530,147,383,48,482,ITH,ITH2,4,Provincia Autonoma Trento
2021-01-11,PAT,730,221,509,730,0,ITH,ITH2,4,Provincia Autonoma Trento
2021-01-22,BAS,67,24,43,67,0,ITF,ITF5,17,Basilicata
2021-03-21,LAZ,17863,6827,11036,12812,5051,ITI,ITI4,12,Lazio
2021-04-09,SIC,20239,9863,10376,11164,9075,ITG,ITG1,19,Sicilia
2021-01-12,PAB,1709,459,1250,1709,0,ITH,ITH1,4,Provincia Autonoma Bolzano / Bozen
2021-03-23,SIC,20774,9957,10817,15260,5514,ITG,ITG1,19,Sicilia
2021-01-02,PUG,2949,1301,1648,2949,0,ITF,ITF4,16,Puglia
2021-01-03,ABR,471,185,286,471,0,ITF,ITF1,13,Abruzzo
2021-04-12,PUG,29112,13714,15398,26286,2826,ITF,ITF4,16,Puglia
2020-12-30,LAZ,1630,629,1001,1630,0,ITI,ITI4,12,Lazio
2021-02-16,PAT,663,244,419,658,5,ITH,ITH2,4,Provincia Autonoma Trento
2021-03-09,CAM,13881,6637,7244,10096,3785,ITF,ITF3,15,Campania
2021-05-02,BAS,4179,2000,2179,3551,628,ITF,ITF5,17,Basilicata
2021-04-15,BAS,3386,1659,1727,2632,754,ITF,ITF5,17,Basilicata
2021-01-17,MOL,78,38,40,48,30,ITF,ITF2,14,Molise
2021-02-14,MAR,738,301,437,738,0,ITI,ITI3,11,Marche
2021-04-28,VEN,32376,15161,17215,23355,9021,ITH,ITH3,5,Veneto
2021-04-23,EMR,29557,13810,15747,14677,14880,ITH,ITH5,8,Emilia-Romagna
2021-04-23,PAT,3606,1752,1854,3552,54,ITH,ITH2,4,Provincia Autonoma Trento
2021-01-30,PAT,386,132,254,152,234,ITH,ITH2,4,Provincia Autonoma Trento
2021-04-21,FVG,7745,3453,4292,4066,3679,ITH,ITH4,6,Friuli-Venezia Giulia
2020-12-28,SIC,211,126,85,211,0,ITG,ITG1,19,Sicilia
2021-01-13,EMR,9074,2940,6134,9074,0,ITH,ITH5,8,Emilia-Romagna
2021-03-27,ABR,6121,2620,3501,3636,2485,ITF,ITF1,13,Abruzzo
2021-04-09,LAZ,27316,12278,15038,19076,8240,ITI,ITI4,12,Lazio
2021-01-11,FVG,1882,608,1274,1882,0,ITH,ITH4,6,Friuli-Venezia Giulia
2021-03-23,LAZ,23503,10228,13275,16926,6577,ITI,ITI4,12,Lazio
2021-04-10,MOL,2637,1260,1377,2485,152,ITF,ITF2,14,Molise
2021-05-10,PAT,3206,1644,1562,2701,505,ITH,ITH2,4,Provincia Autonoma Trento
2021-03-07,LIG,1858,1085,773,1557,301,ITC,ITC3,7,Liguria
2021-05-31,CAM,40081,20081,20000,30075,10006,ITF,ITF3,15,Campania
2021-01-03,BAS,901,344,557,901,0,ITF,ITF5,17,Basilicata
2021-01-01,UMB,274,105,169,274,0,ITI,ITI2,10,Umbria
2021-02-05,MOL,593,269,324,55,538,ITF,ITF2,14,Molise
2021-04-11,UMB,3102,1503,1599,3053,49,ITI,ITI2,10,Umbria
2021-04-30,SAR,11132,5299,5833,6923,4209,ITG,ITG2,20,Sardegna
2021-01-18,VEN,2762,776,1986,2563,199,ITH,ITH3,5,Veneto
2021-01-05,ABR,1615,604,1011,1615,0,ITF,ITF1,13,Abruzzo
2021-03-11,CAL,7264,3423,3841,6002,1262,ITF,ITF6,18,Calabria
2021-04-04,EMR,9885,4718,5167,7616,2269,ITH,ITH5,8,Emilia-Romagna
2021-04-04,PIE,9254,4059,5195,6541,2713,ITC,ITC1,1,Piemonte
2021-06-04,VDA,908,383,525,474,434,ITC,ITC2,2,Valle d'Aosta / Vallée d'Aoste
2021-01-18,UMB,614,219,395,529,85,ITI,ITI2,10,Umbria
2021-01-19,MOL,173,63,110,162,11,ITF,ITF2,14,Molise
2021-04-21,PIE,25742,11833,13909,20408,5334,ITC,ITC1,1,Piemonte
2021-05-17,SAR,12119,5690,6429,9229,2890,ITG,ITG2,20,Sardegna
2021-02-04,VEN,7386,2025,5361,553,6833,ITH,ITH3,5,Veneto
2021-04-15,ABR,7820,3680,4140,5980,1840,ITF,ITF1,13,Abruzzo
2021-04-16,LOM,53621,23905,29716,39283,14338,ITC,ITC4,3,Lombardia
2021-05-08,MAR,12268,5476,6792,5021,7247,ITI,ITI3,11,Marche
2021-01-11,PIE,8744,2980,5764,8744,0,ITC,ITC1,1,Piemonte
2021-02-06,SAR,1970,697,1273,569,1401,ITG,ITG2,20,Sardegna
2021-04-29,MOL,2237,1144,1093,890,1347,ITF,ITF2,14,Molise
2021-02-07,MOL,66,32,34,19,47,ITF,ITF2,14,Molise
2021-05-18,MOL,1645,877,768,990,655,ITF,ITF2,14,Molise
2021-05-19,PIE,32931,15138,17793,21983,10948,ITC,ITC1,1,Piemonte
2021-02-13,SIC,2976,1122,1854,2721,255,ITG,ITG1,19,Sicilia
2021-05-24,LOM,89195,43268,45927,49455,39740,ITC,ITC4,3,Lombardia
2021-03-22,MOL,1146,439,707,903,243,ITF,ITF2,14,Molise
2021-02-18,EMR,7039,2892,4147,6456,583,ITH,ITH5,8,Emilia-Romagna
2021-05-04,BAS,4137,1991,2146,3614,523,ITF,ITF5,17,Basilicata
2021-03-14,PIE,8205,3336,4869,5308,2897,ITC,ITC1,1,Piemonte
2021-04-09,SAR,12261,5436,6825,7909,4352,ITG,ITG2,20,Sardegna
2021-03-08,BAS,1456,710,746,844,612,ITF,ITF5,17,Basilicata
2021-05-10,PIE,28755,13809,14946,15740,13015,ITC,ITC1,1,Piemonte
2021-06-06,PAB,4525,2175,2350,853,3672,ITH,ITH1,4,Provincia Autonoma Bolzano / Bozen
2021-05-24,SIC,35481,17080,18401,15738,19743,ITG,ITG1,19,Sicilia
2021-01-30,PIE,5980,2136,3844,218,5762,ITC,ITC1,1,Piemonte
2021-02-26,PAB,1526,551,975,1496,30,ITH,ITH1,4,Provincia Autonoma Bolzano / Bozen
2021-03-05,PUG,17379,6894,10485,15075,2304,ITF,ITF4,16,Puglia
2021-02-11,LOM,17032,5000,12032,9694,7338,ITC,ITC4,3,Lombardia
2021-04-07,TOS,35634,15292,20342,28386,7248,ITI,ITI1,9,Toscana
2021-01-06,CAL,930,502,428,930,0,ITF,ITF6,18,Calabria
2021-02-26,PUG,13752,5047,8705,12718,1034,ITF,ITF4,16,Puglia
2020-12-31,PUG,1634,782,852,1634,0,ITF,ITF4,16,Puglia
2021-02-16,LIG,2425,956,1469,2004,421,ITC,ITC3,7,Liguria
2021-03-16,FVG,3153,1287,1866,1073,2080,ITH,ITH4,6,Friuli-Venezia Giulia
2021-05-12,FVG,10747,4967,5780,9392,1355,ITH,ITH4,6,Friuli-Venezia Giulia
2021-05-27,LIG,16348,8229,8119,12398,3950,ITC,ITC3,7,Liguria
2021-02-25,VEN,7899,3339,4560,7294,605,ITH,ITH3,5,Veneto
2021-03-09,PAT,1581,589,992,938,643,ITH,ITH2,4,Provincia Autonoma Trento
2021-03-23,UMB,3797,1685,2112,2168,1629,ITI,ITI2,10,Umbria
2021-05-04,ABR,10683,5012,5671,7066,3617,ITF,ITF1,13,Abruzzo
2021-05-17,LAZ,43907,20050,23857,35446,8461,ITI,ITI4,12,Lazio
2021-05-27,MAR,13730,6817,6913,9429,4301,ITI,ITI3,11,Marche
2021-06-07,EMR,39389,20138,19251,33307,6082,ITH,ITH5,8,Emilia-Romagna
2021-02-11,CAM,6278,2704,3574,6212,66,ITF,ITF3,15,Campania
2021-03-08,ABR,5119,1666,3453,4148,971,ITF,ITF1,13,Abruzzo
2021-03-31,MAR,7374,3086,4288,4350,3024,ITI,ITI3,11,Marche
2021-04-14,LIG,13066,5666,7400,10863,2203,ITC,ITC3,7,Liguria
2021-02-03,VDA,351,114,237,14,337,ITC,ITC2,2,Valle d'Aosta / Vallée d'Aoste
2021-04-09,VEN,31100,13694,17406,22763,8337,ITH,ITH3,5,Veneto
2021-04-16,CAL,10297,5008,5289,8642,1655,ITF,ITF6,18,Calabria
2021-06-01,PAB,3495,2261,1234,2071,1424,ITH,ITH1,4,Provincia Autonoma Bolzano / Bozen
2021-02-08,UMB,637,203,434,88,549,ITI,ITI2,10,Umbria
2021-04-11,SAR,5393,2442,2951,4273,1120,ITG,ITG2,20,Sardegna
2021-02-18,CAL,1821,824,997,1595,226,ITF,ITF6,18,Calabria
2021-04-01,VDA,776,394,382,764,12,ITC,ITC2,2,Valle d'Aosta / Vallée d'Aoste
2021-06-05,VEN,46496,23909,22587,38603,7893,ITH,ITH3,5,Veneto
2021-01-24,ABR,50,22,28,6,44,ITF,ITF1,13,Abruzzo
2021-02-06,LAZ,6136,2474,3662,817,5319,ITI,ITI4,12,Lazio
2021-03-16,PIE,10523,4269,6254,4463,6060,ITC,ITC1,1,Piemonte
2021-05-19,UMB,9396,4199,5197,5651,3745,ITI,ITI2,10,Umbria
2021-06-07,SAR,12219,5882,6337,9488,2731,ITG,ITG2,20,Sardegna
2021-06-08,PUG,36417,17455,18962,20179,16238,ITF,ITF4,16,Puglia
2021-05-12,PIE,31733,15074,16659,18960,12773,ITC,ITC1,1,Piemonte
2021-02-19,PAB,2252,512,1740,2241,11,ITH,ITH1,4,Provincia Autonoma Bolzano / Bozen
2021-05-29,LIG,6810,3227,3583,3971,2839,ITC,ITC3,7,Liguria
2021-05-31,LOM,95485,47311,48174,79362,16123,ITC,ITC4,3,Lombardia
2021-02-04,SAR,2271,816,1455,916,1355,ITG,ITG2,20,Sardegna
2021-03-01,ABR,3479,1386,2093,2727,752,ITF,ITF1,13,Abruzzo
2021-04-02,SAR,8987,3547,5440,5745,3242,ITG,ITG2,20,Sardegna
2021-02-06,UMB,396,138,258,34,362,ITI,ITI2,10,Umbria
2021-03-14,PAT,107,65,42,20,87,ITH,ITH2,4,Provincia Autonoma Trento
2021-05-17,SIC,31891,15362,16529,19237,12654,ITG,ITG1,19,Sicilia
2021-03-21,SIC,15208,7330,7878,11238,3970,ITG,ITG1,19,Sicilia
2021-04-16,TOS,28955,12889,16066,22045,6910,ITI,ITI1,9,Toscana
2021-03-26,LOM,41137,15600,25537,28068,13069,ITC,ITC4,3,Lombardia
2021-01-04,CAL,1052,518,534,1052,0,ITF,ITF6,18,Calabria
2021-02-06,SIC,4685,2088,2597,1464,3221,ITG,ITG1,19,Sicilia
2021-05-22,LOM,70497,33804,36693,32403,38094,ITC,ITC4,3,Lombardia
2021-02-11,LAZ,6999,3013,3986,6467,532,ITI,ITI4,12,Lazio
2021-05-20,MOL,2659,1369,1290,2473,186,ITF,ITF2,14,Molise
2021-02-09,LIG,1936,689,1247,256,1680,ITC,ITC3,7,Liguria
2021-04-11,LAZ,19115,8431,10684,13234,5881,ITI,ITI4,12,Lazio
2021-04-16,CAM,34304,16552,17752,23646,10658,ITF,ITF3,15,Campania
2021-05-19,FVG,11856,5801,6055,9551,2305,ITH,ITH4,6,Friuli-Venezia Giulia
2021-06-09,BAS,1666,798,868,1530,136,ITF,ITF5,17,Basilicata
2021-04-23,CAL,12917,6346,6571,9459,3458,ITF,ITF6,18,Calabria
2021-01-06,CAM,7652,3749,3903,7652,0,ITF,ITF3,15,Campania
2021-02-13,LAZ,6609,2626,3983,6194,415,ITI,ITI4,12,Lazio
2021-04-13,BAS,2113,1052,1061,1295,818,ITF,ITF5,17,Basilicata
2021-05-29,LOM,87949,42224,45725,42029,45920,ITC,ITC4,3,Lombardia
2021-02-18,LOM,14026,4915,9111,13011,1015,ITC,ITC4,3,Lombardia
2021-03-07,PAT,22,6,16,22,0,ITH,ITH2,4,Provincia Autonoma Trento
2021-03-01,BAS,547,284,263,381,166,ITF,ITF5,17,Basilicata
2021-03-29,MAR,5860,2567,3293,3435,2425,ITI,ITI3,11,Marche
2021-01-09,PAT,190,40,150,190,0,ITH,ITH2,4,Provincia Autonoma Trento
2021-01-13,CAL,2038,1026,1012,2038,0,ITF,ITF6,18,Calabria
2021-02-24,VDA,183,82,101,164,19,ITC,ITC2,2,Valle d'Aosta / Vallée d'Aoste
2021-05-31,EMR,29523,13581,15942,18237,11286,ITH,ITH5,8,Emilia-Romagna
2021-03-14,FVG,1397,549,848,1145,252,ITH,ITH4,6,Friuli-Venezia Giulia
2021-02-04,SIC,6692,3044,3648,1451,5241,ITG,ITG1,19,Sicilia
2021-02-20,EMR,5318,2094,3224,5055,263,ITH,ITH5,8,Emilia-Romagna
2021-03-02,TOS,10598,3798,6800,7154,3444,ITI,ITI1,9,Toscana
2021-04-04,SAR,1,0,1,0,1,ITG,ITG2,20,Sardegna
2021-01-04,TOS,5065,1894,3171,5065,0,ITI,ITI1,9,Toscana
2021-04-08,VDA,584,282,302,441,143,ITC,ITC2,2,Valle d'Aosta / Vallée d'Aoste
2021-05-24,LAZ,42830,19180,23650,34039,8791,ITI,ITI4,12,Lazio
2021-05-26,UMB,9615,4546,5069,8384,1231,ITI,ITI2,10,Umbria
2021-03-08,VDA,482,231,251,237,245,ITC,ITC2,2,Valle d'Aosta / Vallée d'Aoste
2021-04-23,UMB,6610,2786,3824,3489,3121,ITI,ITI2,10,Umbria
2021-05-12,EMR,38817,18262,20555,29207,9610,ITH,ITH5,8,Emilia-Romagna
2021-02-25,UMB,1336,497,839,1284,52,ITI,ITI2,10,Umbria
2021-05-04,VDA,1135,510,625,462,673,ITC,ITC2,2,Valle d'Aosta / Vallée d'Aoste
2021-02-01,EMR,10320,3610,6710,362,9958,ITH,ITH5,8,Emilia-Romagna
2021-03-11,UMB,3565,1697,1868,2559,1006,ITI,ITI2,10,Umbria
2021-01-28,TOS,6282,1882,4400,354,5928,ITI,ITI1,9,Toscana
2021-05-01,MOL,2646,1267,1379,423,2223,ITF,ITF2,14,Molise
2021-01-13,UMB,450,139,311,450,0,ITI,ITI2,10,Umbria
2021-03-05,MOL,1219,649,570,1015,204,ITF,ITF2,14,Molise
2021-05-31,PAT,4697,2165,2532,1668,3029,ITH,ITH2,4,Provincia Autonoma Trento
2021-01-30,CAM,10721,5079,5642,38,10683,ITF,ITF3,15,Campania
2021-03-25,BAS,1882,601,1281,1536,346,ITF,ITF5,17,Basilicata
2021-02-06,CAL,2906,1337,1569,442,2464,ITF,ITF6,18,Calabria
2021-01-27,BAS,411,175,236,113,298,ITF,ITF5,17,Basilicata
2021-04-17,MOL,3051,1500,1551,1565,1486,ITF,ITF2,14,Molise
2021-02-10,BAS,548,238,310,496,52,ITF,ITF5,17,Basilicata
2021-03-14,LIG,1659,752,907,1055,604,ITC,ITC3,7,Liguria
2021-04-11,FVG,3433,1520,1913,2527,906,ITH,ITH4,6,Friuli-Venezia Giulia
2021-01-12,MAR,1227,413,814,1227,0,ITI,ITI3,11,Marche
2021-05-21,BAS,4573,2319,2254,1492,3081,ITF,ITF5,17,Basilicata
2021-06-07,FVG,8572,4368,4204,7899,673,ITH,ITH4,6,Friuli-Venezia Giulia
2021-01-16,SAR,1492,525,967,1492,0,ITG,ITG2,20,Sardegna
2021-01-16,CAM,3369,1675,1694,3369,0,ITF,ITF3,15,Campania
2021-05-10,LIG,12504,5504,7000,6131,6373,ITC,ITC3,7,Liguria
2021-05-05,VEN,44166,21175,22991,37604,6562,ITH,ITH3,5,Veneto
2021-04-23,SIC,28619,13708,14911,22805,5814,ITG,ITG1,19,Sicilia
2021-01-23,CAL,400,186,214,358,42,ITF,ITF6,18,Calabria
2021-06-07,PIE,34433,17591,16842,29753,4680,ITC,ITC1,1,Piemonte
2021-01-16,LOM,15425,5731,9694,15425,0,ITC,ITC4,3,Lombardia
2021-04-30,LAZ,41246,18262,22984,27072,14174,ITI,ITI4,12,Lazio
2021-02-10,ABR,947,312,635,503,444,ITF,ITF1,13,Abruzzo
2021-01-18,EMR,3127,879,2248,2449,678,ITH,ITH5,8,Emilia-Romagna
2021-03-15,VDA,362,123,239,159,203,ITC,ITC2,2,Valle d'Aosta / Vallée d'Aoste
2021-03-16,EMR,12242,5027,7215,4934,7308,ITH,ITH5,8,Emilia-Romagna
2021-05-11,VDA,647,325,322,496,151,ITC,ITC2,2,Valle d'Aosta / Vallée d'Aoste
2021-01-25,EMR,6458,2146,4312,207,6251,ITH,ITH5,8,Emilia-Romagna
2021-01-06,UMB,846,325,521,846,0,ITI,ITI2,10,Umbria
2021-04-27,VDA,978,423,555,686,292,ITC,ITC2,2,Valle d'Aosta / Vallée d'Aoste
2021-03-23,EMR,18704,8072,10632,12017,6687,ITH,ITH5,8,Emilia-Romagna
2021-04-26,MAR,8980,3983,4997,5958,3022,ITI,ITI3,11,Marche
2021-01-17,VDA,131,56,75,131,0,ITC,ITC2,2,Valle d'Aosta / Vallée d'Aoste
2021-04-16,UMB,8111,3747,4364,6273,1838,ITI,ITI2,10,Umbria
2021-04-30,UMB,6232,2962,3270,2843,3389,ITI,ITI2,10,Umbria
2021-03-19,TOS,10141,4460,5681,7273,2868,ITI,ITI1,9,Toscana
2021-03-04,UMB,4485,1853,2632,3657,828,ITI,ITI2,10,Umbria
2021-04-24,MOL,2551,1202,1349,710,1841,ITF,ITF2,14,Molise
2021-01-24,PAB,12,10,2,0,12,ITH,ITH1,4,Provincia Autonoma Bolzano / Bozen
2021-01-31,PUG,1813,829,984,75,1738,ITF,ITF4,16,Puglia
2021-02-26,MOL,563,260,303,490,73,ITF,ITF2,14,Molise
2021-03-28,CAL,2594,1201,1393,1510,1084,ITF,ITF6,18,Calabria
2021-01-20,UMB,613,222,391,613,0,ITI,ITI2,10,Umbria
2021-04-30,SIC,34915,16305,18610,23936,10979,ITG,ITG1,19,Sicilia
2021-06-06,MOL,2007,1035,972,1685,322,ITF,ITF2,14,Molise
2021-04-01,BAS,2803,1127,1676,2084,719,ITF,ITF5,17,Basilicata
2021-05-03,LIG,13267,5918,7349,6455,6812,ITC,ITC3,7,Liguria
2021-05-31,FVG,8375,4086,4289,6375,2000,ITH,ITH4,6,Friuli-Venezia Giulia
2021-02-03,BAS,666,300,366,32,634,ITF,ITF5,17,Basilicata
2021-05-12,VEN,36538,17686,18852,31446,5092,ITH,ITH3,5,Veneto
2021-03-21,LIG,550,220,330,69,481,ITC,ITC3,7,Liguria
2020-12-28,PIE,1,1,0,1,0,ITC,ITC1,1,Piemonte
2021-01-23,LIG,809,295,514,153,656,ITC,ITC3,7,Liguria
2021-01-09,LOM,12411,4573,7838,12411,0,ITC,ITC4,3,Lombardia
2021-01-30,CAL,2180,1149,1031,357,1823,ITF,ITF6,18,Calabria
2021-01-23,CAM,3838,2028,1810,273,3565,ITF,ITF3,15,Campania
2021-03-04,SIC,14943,6445,8498,10825,4118,ITG,ITG1,19,Sicilia
2021-03-07,LOM,12079,5354,6725,9523,2556,ITC,ITC4,3,Lombardia
2021-03-16,VEN,12517,5348,7169,6902,5615,ITH,ITH3,5,Veneto
2021-03-21,CAM,9983,4591,5392,7593,2390,ITF,ITF3,15,Campania
2021-05-17,LIG,11851,5364,6487,8542,3309,ITC,ITC3,7,Liguria
2021-01-21,TOS,1589,686,903,867,722,ITI,ITI1,9,Toscana
2021-05-07,LAZ,48166,22577,25589,30440,17726,ITI,ITI4,12,Lazio
2021-03-11,LAZ,23828,10596,13232,17598,6230,ITI,ITI4,12,Lazio
2021-03-09,EMR,14709,5983,8726,10754,3955,ITH,ITH5,8,Emilia-Romagna
2021-05-05,EMR,30076,13977,16099,18828,11248,ITH,ITH5,8,Emilia-Romagna
2021-02-03,ABR,2060,717,1343,419,1641,ITF,ITF1,13,Abruzzo
2021-01-27,LOM,8033,2672,5361,808,7225,ITC,ITC4,3,Lombardia
2021-02-17,CAL,1834,799,1035,1623,211,ITF,ITF6,18,Calabria
2021-05-29,PUG,30123,14201,15922,20886,9237,ITF,ITF4,16,Puglia
2021-02-10,CAM,6904,3413,3491,6728,176,ITF,ITF3,15,Campania
2021-03-19,MOL,1184,482,702,757,427,ITF,ITF2,14,Molise
2021-05-02,PIE,25056,11264,13792,14311,10745,ITC,ITC1,1,Piemonte
2021-03-25,LOM,42601,15892,26709,30013,12588,ITC,ITC4,3,Lombardia
2021-04-02,PUG,12600,5770,6830,8078,4522,ITF,ITF4,16,Puglia
2021-05-28,CAL,20938,10164,10774,11523,9415,ITF,ITF6,18,Calabria
2021-01-21,MOL,6,2,4,6,0,ITF,ITF2,14,Molise
2021-04-08,CAM,28271,13639,14632,22435,5836,ITF,ITF3,15,Campania
2021-05-21,LOM,93609,45141,48468,29051,64558,ITC,ITC4,3,Lombardia
2021-01-23,MAR,557,190,367,123,434,ITI,ITI3,11,Marche
2021-02-20,PAT,407,245,162,123,284,ITH,ITH2,4,Provincia Autonoma Trento
2021-06-01,BAS,6131,2923,3208,3058,3073,ITF,ITF5,17,Basilicata
2021-06-04,CAM,73762,35241,38521,65064,8698,ITF,ITF3,15,Campania
2021-04-15,CAL,7593,3721,3872,5982,1611,ITF,ITF6,18,Calabria
2021-05-03,MAR,10196,4605,5591,4790,5406,ITI,ITI3,11,Marche
2021-02-27,FVG,3529,1200,2329,3528,1,ITH,ITH4,6,Friuli-Venezia Giulia
2021-02-28,ABR,1702,508,1194,1700,2,ITF,ITF1,13,Abruzzo
2021-04-11,CAM,17523,8606,8917,15441,2082,ITF,ITF3,15,Campania
2021-05-24,FVG,11025,5277,5748,7525,3500,ITH,ITH4,6,Friuli-Venezia Giulia
2021-06-04,BAS,4826,2282,2544,3781,1045,ITF,ITF5,17,Basilicata
2021-02-22,ABR,2642,1173,1469,2612,30,ITF,ITF1,13,Abruzzo
2021-06-02,UMB,3941,1894,2047,3901,40,ITI,ITI2,10,Umbria
2021-02-13,FVG,566,179,387,560,6,ITH,ITH4,6,Friuli-Venezia Giulia
2021-02-18,LAZ,10018,4976,5042,9209,809,ITI,ITI4,12,Lazio
2021-02-21,PUG,2177,474,1703,2115,62,ITF,ITF4,16,Puglia
2021-04-28,CAM,36411,17620,18791,26661,9750,ITF,ITF3,15,Campania
2021-01-18,CAM,957,399,558,713,244,ITF,ITF3,15,Campania
2021-06-01,PUG,33730,16598,17132,21368,12362,ITF,ITF4,16,Puglia
2021-02-24,BAS,1803,743,1060,1734,69,ITF,ITF5,17,Basilicata
2021-05-15,PUG,43197,18804,24393,23355,19842,ITF,ITF4,16,Puglia
2021-05-26,EMR,32998,14571,18427,10194,22804,ITH,ITH5,8,Emilia-Romagna
2021-04-26,LIG,10444,4913,5531,7818,2626,ITC,ITC3,7,Liguria
2021-05-12,LAZ,47401,21472,25929,30880,16521,ITI,ITI4,12,Lazio
2021-03-09,VEN,16465,7381,9084,10143,6322,ITH,ITH3,5,Veneto
2021-04-05,MAR,5688,2355,3333,4419,1269,ITI,ITI3,11,Marche
2021-02-05,ABR,1534,521,1013,788,746,ITF,ITF1,13,Abruzzo
2021-03-04,EMR,16445,5347,11098,13431,3014,ITH,ITH5,8,Emilia-Romagna
2021-02-19,MOL,169,93,76,167,2,ITF,ITF2,14,Molise
2021-01-16,LIG,1278,557,721,1278,0,ITC,ITC3,7,Liguria
2021-05-16,ABR,9579,4138,5441,5764,3815,ITF,ITF1,13,Abruzzo
2021-05-31,VEN,31361,16036,15325,21648,9713,ITH,ITH3,5,Veneto
2021-02-01,LAZ,5675,2177,3498,354,5321,ITI,ITI4,12,Lazio
2021-03-02,FVG,4219,1519,2700,2720,1499,ITH,ITH4,6,Friuli-Venezia Giulia
2021-03-21,PAT,129,69,60,129,0,ITH,ITH2,4,Provincia Autonoma Trento
2021-06-03,PUG,48806,23354,25452,30498,18308,ITF,ITF4,16,Puglia
2021-06-04,ABR,15562,7338,8224,10870,4692,ITF,ITF1,13,Abruzzo
2021-02-22,BAS,1790,773,1017,1737,53,ITF,ITF5,17,Basilicata
2021-02-20,UMB,282,100,182,258,24,ITI,ITI2,10,Umbria
2021-05-24,PIE,28621,13132,15489,16983,11638,ITC,ITC1,1,Piemonte
2021-02-02,LIG,2668,1005,1663,134,2534,ITC,ITC3,7,Liguria
2021-05-18,ABR,12116,5662,6454,7732,4384,ITF,ITF1,13,Abruzzo
2021-03-22,PAB,1143,522,621,1138,5,ITH,ITH1,4,Provincia Autonoma Bolzano / Bozen
2021-04-15,VDA,810,377,433,671,139,ITC,ITC2,2,Valle d'Aosta / Vallée d'Aoste
2021-05-24,EMR,29675,13527,16148,18412,11263,ITH,ITH5,8,Emilia-Romagna
2021-06-05,LOM,101903,52707,49196,92318,9585,ITC,ITC4,3,Lombardia
2021-02-13,EMR,3627,1085,2542,3029,598,ITH,ITH5,8,Emilia-Romagna
2021-02-24,ABR,3305,1441,1864,3129,176,ITF,ITF1,13,Abruzzo
2021-03-19,MAR,3835,1597,2238,339,3496,ITI,ITI3,11,Marche
2021-03-26,VEN,29537,13115,16422,24070,5467,ITH,ITH3,5,Veneto
2021-04-30,CAL,14924,7321,7603,10602,4322,ITF,ITF6,18,Calabria
2021-03-09,UMB,4051,1971,2080,2760,1291,ITI,ITI2,10,Umbria
2021-03-10,MOL,1737,720,1017,1687,50,ITF,ITF2,14,Molise
2021-03-28,SAR,4620,1815,2805,4541,79,ITG,ITG2,20,Sardegna
2021-03-04,FVG,3446,1595,1851,2788,658,ITH,ITH4,6,Friuli-Venezia Giulia
2021-03-02,PIE,11202,4506,6696,10386,816,ITC,ITC1,1,Piemonte
2021-03-14,LOM,14872,5348,9524,11589,3283,ITC,ITC4,3,Lombardia
2021-01-04,SAR,592,217,375,592,0,ITG,ITG2,20,Sardegna
2021-06-01,MOL,2567,1316,1251,2488,79,ITF,ITF2,14,Molise
2021-04-28,LIG,14443,6519,7924,6459,7984,ITC,ITC3,7,Liguria
2021-03-10,PUG,14413,6251,8162,11294,3119,ITF,ITF4,16,Puglia
2021-02-04,LIG,2817,986,1831,179,2638,ITC,ITC3,7,Liguria
2021-04-02,TOS,31945,13535,18410,23921,8024,ITI,ITI1,9,Toscana
2021-05-24,PAT,4378,2009,2369,1349,3029,ITH,ITH2,4,Provincia Autonoma Trento
2021-03-17,MAR,3428,1494,1934,107,3321,ITI,ITI3,11,Marche
2021-03-28,VEN,31237,13580,17657,27618,3619,ITH,ITH3,5,Veneto
2021-05-15,LIG,7254,3237,4017,4298,2956,ITC,ITC3,7,Liguria
2021-05-31,SIC,37602,16790,20812,21513,16089,ITG,ITG1,19,Sicilia
2021-01-13,LAZ,5692,2150,3542,5692,0,ITI,ITI4,12,Lazio
2021-02-21,LIG,869,491,378,865,4,ITC,ITC3,7,Liguria
2021-02-23,LOM,11791,4797,6994,11465,326,ITC,ITC4,3,Lombardia
2021-03-02,PAT,1304,440,864,928,376,ITH,ITH2,4,Provincia Autonoma Trento
2021-03-21,FVG,2602,937,1665,2193,409,ITH,ITH4,6,Friuli-Venezia Giulia
2021-01-18,CAL,1270,573,697,1046,224,ITF,ITF6,18,Calabria
2021-04-23,LAZ,37658,18083,19575,22404,15254,ITI,ITI4,12,Lazio
2021-03-29,PUG,12908,6014,6894,6172,6736,ITF,ITF4,16,Puglia
2021-03-05,PAB,1839,625,1214,1397,442,ITH,ITH1,4,Provincia Autonoma Bolzano / Bozen
2021-05-17,CAM,49228,21608,27620,24088,25140,ITF,ITF3,15,Campania
2021-01-09,TOS,4485,1596,2889,4485,0,ITI,ITI1,9,Toscana
2021-02-06,CAM,5340,2665,2675,2102,3238,ITF,ITF3,15,Campania
2021-04-13,VDA,373,171,202,329,44,ITC,ITC2,2,Valle d'Aosta / Vallée d'Aoste
2021-02-28,MAR,2836,1251,1585,2830,6,ITI,ITI3,11,Marche
2021-04-11,CAL,4166,1895,2271,2223,1943,ITF,ITF6,18,Calabria
2021-04-14,VEN,15884,6883,9001,9259,6625,ITH,ITH3,5,Veneto
2021-05-27,PAB,6072,3192,2880,4063,2009,ITH,ITH1,4,Provincia Autonoma Bolzano / Bozen
2021-05-31,UMB,5782,2817,2965,4919,863,ITI,ITI2,10,Umbria
2021-03-12,PUG,13938,6111,7827,10010,3928,ITF,ITF4,16,Puglia
2021-04-16,SAR,14441,6488,7953,9098,5343,ITG,ITG2,20,Sardegna
2021-01-04,VEN,6735,2033,4702,6735,0,ITH,ITH3,5,Veneto
2021-03-27,VDA,333,164,169,302,31,ITC,ITC2,2,Valle d'Aosta / Vallée d'Aoste
2021-06-08,MAR,13916,7015,6901,11305,2611,ITI,ITI3,11,Marche
2021-05-14,UMB,5250,2439,2811,3443,1807,ITI,ITI2,10,Umbria
2021-05-25,PAB,3814,1972,1842,2940,874,ITH,ITH1,4,Provincia Autonoma Bolzano / Bozen
2021-01-23,SAR,60,22,38,0,60,ITG,ITG2,20,Sardegna
2021-05-13,MOL,3037,1409,1628,2580,457,ITF,ITF2,14,Molise
2021-02-14,PAB,297,130,167,297,0,ITH,ITH1,4,Provincia Autonoma Bolzano / Bozen
2021-02-18,SIC,5276,3100,2176,4847,429,ITG,ITG1,19,Sicilia
2021-04-30,CAM,42242,20136,22106,25794,16448,ITF,ITF3,15,Campania
2021-05-08,PAB,4426,2381,2045,3762,664,ITH,ITH1,4,Provincia Autonoma Bolzano / Bozen
2021-01-30,LAZ,7010,2892,4118,807,6203,ITI,ITI4,12,Lazio
2021-02-01,UMB,1285,342,943,48,1237,ITI,ITI2,10,Umbria
2021-02-04,CAM,7943,3429,4514,1308,6635,ITF,ITF3,15,Campania
2021-05-12,SIC,36673,17250,19423,21823,14850,ITG,ITG1,19,Sicilia
2021-03-13,BAS,1796,889,907,751,1045,ITF,ITF5,17,Basilicata
2021-02-18,UMB,1496,582,914,1030,466,ITI,ITI2,10,Umbria
2021-03-02,SIC,14607,6251,8356,11835,2772,ITG,ITG1,19,Sicilia
2021-05-30,ABR,8560,4067,4493,5348,3212,ITF,ITF1,13,Abruzzo
2021-03-09,SAR,5153,2373,2780,4424,729,ITG,ITG2,20,Sardegna
2021-01-04,SIC,8234,4115,4119,8234,0,ITG,ITG1,19,Sicilia
2021-04-03,ABR,5085,2221,2864,3489,1596,ITF,ITF1,13,Abruzzo
2021-01-28,LIG,2847,971,1876,39,2808,ITC,ITC3,7,Liguria
2021-02-11,PIE,6764,2107,4657,3006,3758,ITC,ITC1,1,Piemonte
2021-05-05,SAR,10153,4643,5510,8143,2010,ITG,ITG2,20,Sardegna
2021-01-18,SIC,1436,581,855,1289,147,ITG,ITG1,19,Sicilia
2021-01-23,VEN,4050,1246,2804,31,4019,ITH,ITH3,5,Veneto
2021-01-26,PAB,810,291,519,1,809,ITH,ITH1,4,Provincia Autonoma Bolzano / Bozen
2021-04-09,PIE,25848,11387,14461,21339,4509,ITC,ITC1,1,Piemonte
2021-03-21,VEN,11983,4754,7229,8521,3462,ITH,ITH3,5,Veneto
2021-04-28,SIC,29167,13680,15487,20145,9022,ITG,ITG1,19,Sicilia
2020-12-30,PIE,730,322,408,730,0,ITC,ITC1,1,Piemonte
2021-03-16,CAM,8087,3519,4568,3773,4314,ITF,ITF3,15,Campania
2021-03-24,PAB,2059,995,1064,2046,13,ITH,ITH1,4,Provincia Autonoma Bolzano / Bozen
2021-06-05,PIE,34665,17639,17026,30229,4436,ITC,ITC1,1,Piemonte
2021-04-28,LOM,95589,43605,51984,68752,26837,ITC,ITC4,3,Lombardia
2021-02-25,PIE,12218,5252,6966,11671,547,ITC,ITC1,1,Piemonte
2021-03-16,LAZ,13537,5732,7805,7093,6444,ITI,ITI4,12,Lazio
2021-03-16,LOM,25476,10112,15364,16417,9059,ITC,ITC4,3,Lombardia
2021-01-23,EMR,2448,871,1577,443,2005,ITH,ITH5,8,Emilia-Romagna
2021-05-12,LOM,87253,41624,45629,59803,27450,ITC,ITC4,3,Lombardia
2021-01-21,MAR,906,259,647,585,321,ITI,ITI3,11,Marche
2021-05-30,BAS,2771,1420,1351,921,1850,ITF,ITF5,17,Basilicata
2021-04-09,PAT,2709,1145,1564,1509,1200,ITH,ITH2,4,Provincia Autonoma Trento
2021-05-02,VDA,765,345,420,605,160,ITC,ITC2,2,Valle d'Aosta / Vallée d'Aoste
2021-05-07,EMR,35202,16935,18267,23357,11845,ITH,ITH5,8,Emilia-Romagna
2021-05-17,TOS,29476,14630,14846,20806,8670,ITI,ITI1,9,Toscana
2021-02-18,FVG,3218,1492,1726,2811,407,ITH,ITH4,6,Friuli-Venezia Giulia
2021-04-03,BAS,1806,748,1058,1471,335,ITF,ITF5,17,Basilicata
2021-05-01,MAR,9318,3924,5394,3576,5742,ITI,ITI3,11,Marche
2021-01-22,VDA,56,21,35,20,36,ITC,ITC2,2,Valle d'Aosta / Vallée d'Aoste
2021-02-11,PAT,1132,365,767,796,336,ITH,ITH2,4,Provincia Autonoma Trento
2021-03-21,TOS,3231,1573,1658,1798,1433,ITI,ITI1,9,Toscana
2021-02-09,PUG,3840,1570,2270,2168,1672,ITF,ITF4,16,Puglia
2021-03-09,LAZ,20873,8939,11934,15676,5197,ITI,ITI4,12,Lazio
2021-01-08,VDA,299,130,169,299,0,ITC,ITC2,2,Valle d'Aosta / Vallée d'Aoste
2021-01-23,TOS,3949,1354,2595,640,3309,ITI,ITI1,9,Toscana
2021-02-25,PAT,1641,643,998,1200,441,ITH,ITH2,4,Provincia Autonoma Trento
2021-01-11,LAZ,5531,2105,3426,5531,0,ITI,ITI4,12,Lazio
2021-04-02,FVG,6566,2915,3651,4733,1833,ITH,ITH4,6,Friuli-Venezia Giulia
2021-05-20,PUG,32743,14566,18177,20639,12104,ITF,ITF4,16,Puglia
2020-12-30,PAT,7,3,4,7,0,ITH,ITH2,4,Provincia Autonoma Trento
2021-03-06,VDA,22,4,18,22,0,ITC,ITC2,2,Valle d'Aosta / Vallée d'Aoste
2021-05-03,TOS,11934,5510,6424,10615,1319,ITI,ITI1,9,Toscana
2021-06-05,PAT,3930,1840,2090,746,3184,ITH,ITH2,4,Provincia Autonoma Trento
2021-01-25,CAM,5745,2927,2818,164,5581,ITF,ITF3,15,Campania
2021-03-24,PUG,13047,6020,7027,5744,7303,ITF,ITF4,16,Puglia
2021-01-12,MOL,336,114,222,336,0,ITF,ITF2,14,Molise
2021-01-16,VEN,4611,1542,3069,4611,0,ITH,ITH3,5,Veneto
2021-02-01,CAL,2499,1193,1306,244,2255,ITF,ITF6,18,Calabria
2021-03-10,PAB,1268,529,739,1125,143,ITH,ITH1,4,Provincia Autonoma Bolzano / Bozen
2021-01-26,PUG,5360,2397,2963,570,4790,ITF,ITF4,16,Puglia
2021-03-23,CAM,15335,7055,8280,12822,2513,ITF,ITF3,15,Campania
2021-03-14,VEN,15172,5939,9233,14278,894,ITH,ITH3,5,Veneto
2021-05-06,PAB,5181,2747,2434,2612,2569,ITH,ITH1,4,Provincia Autonoma Bolzano / Bozen
2021-05-12,CAL,16319,7924,8395,10893,5426,ITF,ITF6,18,Calabria
2021-02-05,BAS,986,443,543,64,922,ITF,ITF5,17,Basilicata
2021-03-05,MAR,6171,2856,3315,4703,1468,ITI,ITI3,11,Marche
2021-04-16,FVG,6915,2997,3918,4991,1924,ITH,ITH4,6,Friuli-Venezia Giulia
2021-05-06,PUG,39354,17176,22178,19710,19644,ITF,ITF4,16,Puglia
2021-05-19,CAM,51017,22493,28524,34517,16500,ITF,ITF3,15,Campania
2021-02-24,MOL,666,278,388,333,333,ITF,ITF2,14,Molise
2021-05-22,PAT,3241,1590,1651,920,2321,ITH,ITH2,4,Provincia Autonoma Trento
2021-05-26,CAL,18589,9192,9397,10378,8211,ITF,ITF6,18,Calabria
2021-01-06,FVG,710,264,446,710,0,ITH,ITH4,6,Friuli-Venezia Giulia
2021-01-07,MAR,1808,636,1172,1808,0,ITI,ITI3,11,Marche
2021-01-21,LIG,1104,385,719,673,431,ITC,ITC3,7,Liguria
2021-03-02,SAR,2865,1459,1406,1712,1153,ITG,ITG2,20,Sardegna
2021-05-16,BAS,4970,2467,2503,2858,2112,ITF,ITF5,17,Basilicata
2021-03-30,CAL,6156,2641,3515,3440,2716,ITF,ITF6,18,Calabria
2021-04-02,PIE,20131,8298,11833,11704,8427,ITC,ITC1,1,Piemonte
2021-04-28,SAR,9019,4277,4742,5320,3699,ITG,ITG2,20,Sardegna
2021-02-12,ABR,1228,567,661,1039,189,ITF,ITF1,13,Abruzzo
2021-01-18,SAR,904,326,578,780,124,ITG,ITG2,20,Sardegna
2021-05-29,PIE,32755,15214,17541,20602,12153,ITC,ITC1,1,Piemonte
2021-02-23,SIC,8682,4587,4095,8219,463,ITG,ITG1,19,Sicilia
2021-05-23,ABR,9886,4700,5186,7189,2697,ITF,ITF1,13,Abruzzo
2021-02-18,PIE,4790,2093,2697,4360,430,ITC,ITC1,1,Piemonte
2021-03-16,SAR,4374,1949,2425,3452,922,ITG,ITG2,20,Sardegna
2021-03-17,PAB,581,213,368,580,1,ITH,ITH1,4,Provincia Autonoma Bolzano / Bozen
2021-03-09,SIC,12806,5437,7369,10607,2199,ITG,ITG1,19,Sicilia
2021-05-10,VEN,36406,17017,19389,26533,9873,ITH,ITH3,5,Veneto
2021-06-06,ABR,11025,5256,5769,8832,2193,ITF,ITF1,13,Abruzzo
2021-04-16,PIE,28394,13209,15185,23409,4985,ITC,ITC1,1,Piemonte
2021-05-05,CAM,51139,24846,26293,44760,6379,ITF,ITF3,15,Campania
2021-05-13,PAB,2994,1355,1639,1064,1930,ITH,ITH1,4,Provincia Autonoma Bolzano / Bozen
2021-01-11,SIC,5755,2533,3222,5755,0,ITG,ITG1,19,Sicilia
2021-01-30,VEN,8747,2672,6075,693,8054,ITH,ITH3,5,Veneto
2021-04-10,ABR,8772,4057,4715,6264,2508,ITF,ITF1,13,Abruzzo
2021-01-25,LAZ,8111,3246,4865,770,7341,ITI,ITI4,12,Lazio
2021-05-05,LAZ,46728,21434,25294,30909,15819,ITI,ITI4,12,Lazio
2021-03-09,LOM,33199,12848,20351,25805,7394,ITC,ITC4,3,Lombardia
2021-05-05,LOM,87809,41876,45933,72547,15262,ITC,ITC4,3,Lombardia
2021-03-13,VDA,147,88,59,147,0,ITC,ITC2,2,Valle d'Aosta / Vallée d'Aoste
2021-04-16,LAZ,34403,15682,18721,22336,12067,ITI,ITI4,12,Lazio
2021-04-18,CAL,5840,2791,3049,4931,909,ITF,ITF6,18,Calabria
2021-04-08,BAS,764,348,416,754,10,ITF,ITF5,17,Basilicata
2021-01-27,VDA,151,71,80,79,72,ITC,ITC2,2,Valle d'Aosta / Vallée d'Aoste
2021-02-06,PAT,574,298,276,433,141,ITH,ITH2,4,Provincia Autonoma Trento
2021-03-26,TOS,20410,9166,11244,14644,5766,ITI,ITI1,9,Toscana
2021-04-20,VDA,932,430,502,738,194,ITC,ITC2,2,Valle d'Aosta / Vallée d'Aoste
2021-04-22,BAS,5036,2346,2690,3433,1603,ITF,ITF5,17,Basilicata
2021-01-23,LAZ,7213,2869,4344,584,6629,ITI,ITI4,12,Lazio
2021-03-30,EMR,23294,10295,12999,18256,5038,ITH,ITH5,8,Emilia-Romagna
2021-01-06,LAZ,5123,1961,3162,5123,0,ITI,ITI4,12,Lazio
2021-01-10,VDA,220,71,149,220,0,ITC,ITC2,2,Valle d'Aosta / Vallée d'Aoste
2021-02-23,PAT,1108,395,713,897,211,ITH,ITH2,4,Provincia Autonoma Trento
2021-03-09,TOS,10674,4152,6522,5122,5552,ITI,ITI1,9,Toscana
2021-03-24,MAR,7033,2984,4049,3365,3668,ITI,ITI3,11,Marche
2021-03-28,FVG,4823,2277,2546,4682,141,ITH,ITH4,6,Friuli-Venezia Giulia
2021-04-05,PUG,12699,6169,6530,12166,533,ITF,ITF4,16,Puglia
2020-12-27,VDA,20,9,11,20,0,ITC,ITC2,2,Valle d'Aosta / Vallée d'Aoste
2021-03-19,PUG,7958,3653,4305,3413,4545,ITF,ITF4,16,Puglia
2021-01-07,MOL,598,209,389,598,0,ITF,ITF2,14,Molise
2021-01-11,VEN,7239,2102,5137,7239,0,ITH,ITH3,5,Veneto
2021-06-01,MAR,12052,6155,5897,9962,2090,ITI,ITI3,11,Marche
2021-02-28,LIG,1058,580,478,1049,9,ITC,ITC3,7,Liguria
2021-05-07,UMB,10106,4695,5411,6906,3200,ITI,ITI2,10,Umbria
2021-01-18,FVG,1961,606,1355,1867,94,ITH,ITH4,6,Friuli-Venezia Giulia
2021-03-03,ABR,4622,1881,2741,3716,906,ITF,ITF1,13,Abruzzo
2021-03-10,MAR,5666,2400,3266,4529,1137,ITI,ITI3,11,Marche
2021-05-24,CAM,31077,14899,16178,16187,14890,ITF,ITF3,15,Campania
2021-01-04,FVG,1507,558,949,1507,0,ITH,ITH4,6,Friuli-Venezia Giulia
2021-04-09,TOS,24533,10546,13987,21124,3409,ITI,ITI1,9,Toscana
2021-05-17,PAT,4293,2122,2171,3942,351,ITH,ITH2,4,Provincia Autonoma Trento
2021-02-13,CAM,5508,2550,2958,5291,217,ITF,ITF3,15,Campania
2021-02-21,MAR,376,141,235,375,1,ITI,ITI3,11,Marche
2021-04-04,CAL,1762,886,876,1262,500,ITF,ITF6,18,Calabria
2021-04-21,VEN,32312,13173,19139,16249,16063,ITH,ITH3,5,Veneto
2021-02-07,PAB,2361,1057,1304,14,2347,ITH,ITH1,4,Provincia Autonoma Bolzano / Bozen
2021-02-12,MOL,330,149,181,208,122,ITF,ITF2,14,Molise
2021-02-25,SIC,9866,5156,4710,8704,1162,ITG,ITG1,19,Sicilia
2021-03-28,PIE,16056,6899,9157,8435,7621,ITC,ITC1,1,Piemonte
2021-04-23,SAR,12845,5735,7110,7384,5461,ITG,ITG2,20,Sardegna
2021-05-22,VEN,34706,16649,18057,13323,21383,ITH,ITH3,5,Veneto
2021-02-11,VEN,4012,1238,2774,3384,628,ITH,ITH3,5,Veneto
2021-04-08,ABR,7394,3336,4058,5069,2325,ITF,ITF1,13,Abruzzo
2021-06-05,SIC,59363,28250,31113,48800,10563,ITG,ITG1,19,Sicilia
2021-04-23,CAM,32301,15509,16792,23161,9140,ITF,ITF3,15,Campania
2021-05-10,SAR,9733,4337,5396,7196,2537,ITG,ITG2,20,Sardegna
2021-01-28,VEN,9209,2662,6547,173,9036,ITH,ITH3,5,Veneto
2021-04-22,ABR,6661,3192,3469,4980,1681,ITF,ITF1,13,Abruzzo
2021-01-30,SAR,3863,1392,2471,362,3501,ITG,ITG2,20,Sardegna
2021-03-14,SIC,8774,3928,4846,4938,3836,ITG,ITG1,19,Sicilia
2021-04-11,PIE,20824,9317,11507,18663,2161,ITC,ITC1,1,Piemonte
2021-05-18,PAB,3313,1732,1581,2149,1164,ITH,ITH1,4,Provincia Autonoma Bolzano / Bozen
2021-01-04,EMR,7312,2527,4785,7312,0,ITH,ITH5,8,Emilia-Romagna
2021-01-04,PIE,5564,1679,3885,5564,0,ITC,ITC1,1,Piemonte
2021-04-23,LOM,73388,33280,40108,56870,16518,ITC,ITC4,3,Lombardia
2021-04-28,PIE,26028,11735,14293,15996,10032,ITC,ITC1,1,Piemonte
2021-01-18,PIE,6166,2048,4118,5917,249,ITC,ITC1,1,Piemonte
2021-03-22,ABR,4281,1852,2429,2310,1971,ITF,ITF1,13,Abruzzo
2021-05-10,LOM,85190,40858,44332,63683,21507,ITC,ITC4,3,Lombardia
2021-02-11,SIC,5235,2060,3175,4774,461,ITG,ITG1,19,Sicilia
2021-01-30,LOM,12306,4562,7744,154,12152,ITC,ITC4,3,Lombardia
2021-02-06,FVG,1154,338,816,22,1132,ITH,ITH4,6,Friuli-Venezia Giulia
2021-02-17,BAS,1135,493,642,1059,76,ITF,ITF5,17,Basilicata
2021-02-25,LAZ,12652,5517,7135,11602,1050,ITI,ITI4,12,Lazio
2021-04-14,PAT,3115,1464,1651,2379,736,ITH,ITH2,4,Provincia Autonoma Trento
2021-02-04,TOS,4253,1594,2659,961,3292,ITI,ITI1,9,Toscana
2021-02-23,FVG,2643,1277,1366,2463,180,ITH,ITH4,6,Friuli-Venezia Giulia
2021-03-28,PAT,749,292,457,747,2,ITH,ITH2,4,Provincia Autonoma Trento
2021-06-07,CAL,16939,7865,9074,13747,3192,ITF,ITF6,18,Calabria
2021-01-19,MAR,228,83,145,142,86,ITI,ITI3,11,Marche
2021-05-28,BAS,3604,1802,1802,948,2656,ITF,ITF5,17,Basilicata
2021-06-05,LAZ,65148,31944,33204,43018,22130,ITI,ITI4,12,Lazio
2021-02-14,PUG,787,348,439,663,124,ITF,ITF4,16,Puglia
2021-05-15,TOS,29312,13833,15479,23559,5753,ITI,ITI1,9,Toscana
2021-05-19,EMR,33655,14933,18722,18511,15144,ITH,ITH5,8,Emilia-Romagna
2021-02-02,MAR,1191,397,794,72,1119,ITI,ITI3,11,Marche
2021-06-09,VDA,173,83,90,154,19,ITC,ITC2,2,Valle d'Aosta / Vallée d'Aoste
2021-05-25,PUG,33626,15297,18329,20546,13080,ITF,ITF4,16,Puglia
2021-01-04,PAT,870,227,643,870,0,ITH,ITH2,4,Provincia Autonoma Trento
2021-03-01,VDA,181,66,115,147,34,ITC,ITC2,2,Valle d'Aosta / Vallée d'Aoste
2021-03-15,MOL,832,338,494,587,245,ITF,ITF2,14,Molise
2021-04-28,TOS,19119,8186,10933,3832,15287,ITI,ITI1,9,Toscana
2021-05-13,MAR,12601,5694,6907,7102,5499,ITI,ITI3,11,Marche
2021-05-17,FVG,8775,4076,4699,6294,2481,ITH,ITH4,6,Friuli-Venezia Giulia
2021-03-02,VEN,11483,4622,6861,8176,3307,ITH,ITH3,5,Veneto
2021-03-09,FVG,3861,1589,2272,1114,2747,ITH,ITH4,6,Friuli-Venezia Giulia
2021-04-12,MAR,8567,3772,4795,8083,484,ITI,ITI3,11,Marche
2021-05-24,CAL,17691,8810,8881,10023,7668,ITF,ITF6,18,Calabria
2021-01-09,LIG,1335,481,854,1335,0,ITC,ITC3,7,Liguria
2021-02-15,VDA,264,136,128,229,35,ITC,ITC2,2,Valle d'Aosta / Vallée d'Aoste
2021-03-18,UMB,2942,1164,1778,1704,1238,ITI,ITI2,10,Umbria
2021-06-02,EMR,23898,11902,11996,19089,4809,ITH,ITH5,8,Emilia-Romagna
2021-04-19,LIG,12807,5613,7194,8999,3808,ITC,ITC3,7,Liguria
2021-05-01,PAB,2104,1067,1037,1944,160,ITH,ITH1,4,Provincia Autonoma Bolzano / Bozen
2021-05-07,CAL,16086,7584,8502,9717,6369,ITF,ITF6,18,Calabria
2021-05-08,PUG,54053,22869,31184,24366,29687,ITF,ITF4,16,Puglia
2021-02-18,TOS,8819,3284,5535,7924,895,ITI,ITI1,9,Toscana
2021-01-12,PUG,4212,1772,2440,4212,0,ITF,ITF4,16,Puglia
2021-02-16,LOM,9503,3073,6430,9055,448,ITC,ITC4,3,Lombardia
2021-03-02,CAM,12757,4554,8203,8412,4345,ITF,ITF3,15,Campania
2021-05-20,PAB,4706,2321,2385,3250,1456,ITH,ITH1,4,Provincia Autonoma Bolzano / Bozen
2021-01-11,CAL,2160,1044,1116,2160,0,ITF,ITF6,18,Calabria
2020-12-27,ABR,37,19,18,37,0,ITF,ITF1,13,Abruzzo
2021-01-25,CAL,1070,514,556,147,923,ITF,ITF6,18,Calabria
2021-01-15,BAS,813,350,463,813,0,ITF,ITF5,17,Basilicata
2021-02-11,LIG,1979,767,1212,1103,876,ITC,ITC3,7,Liguria
2021-03-02,LOM,22802,9697,13105,19769,3033,ITC,ITC4,3,Lombardia
2021-05-05,CAL,13600,6508,7092,8493,5107,ITF,ITF6,18,Calabria
2021-03-23,SAR,6157,2640,3517,5079,1078,ITG,ITG2,20,Sardegna
2021-05-22,LIG,6551,3195,3356,4943,1608,ITC,ITC3,7,Liguria
2021-06-07,SIC,48786,22921,25865,41053,7733,ITG,ITG1,19,Sicilia
2021-01-16,TOS,3271,1046,2225,3271,0,ITI,ITI1,9,Toscana
2021-03-20,ABR,4787,2197,2590,2618,2169,ITF,ITF1,13,Abruzzo
2021-04-16,EMR,29168,13740,15428,20331,8837,ITH,ITH5,8,Emilia-Romagna
2021-01-06,EMR,8286,2954,5332,8286,0,ITH,ITH5,8,Emilia-Romagna
2021-04-26,TOS,10153,4943,5210,7598,2555,ITI,ITI1,9,Toscana
2021-04-03,VDA,676,341,335,661,15,ITC,ITC2,2,Valle d'Aosta / Vallée d'Aoste
2021-04-04,VEN,7775,3531,4244,6624,1151,ITH,ITH3,5,Veneto
2021-02-13,UMB,115,28,87,112,3,ITI,ITI2,10,Umbria
2021-03-20,VDA,208,86,122,172,36,ITC,ITC2,2,Valle d'Aosta / Vallée d'Aoste
2021-03-30,LAZ,25256,11584,13672,18108,7148,ITI,ITI4,12,Lazio
2021-01-02,TOS,3497,1096,2401,3497,0,ITI,ITI1,9,Toscana
2021-04-30,EMR,36579,16778,19801,21789,14790,ITH,ITH5,8,Emilia-Romagna
2021-05-24,UMB,9015,4480,4535,8169,846,ITI,ITI2,10,Umbria
2021-04-18,UMB,1530,680,850,600,930,ITI,ITI2,10,Umbria
2021-01-11,UMB,1315,346,969,1315,0,ITI,ITI2,10,Umbria
2021-03-28,EMR,13492,6021,7471,9628,3864,ITH,ITH5,8,Emilia-Romagna
2021-04-07,PUG,15335,6793,8542,8663,6672,ITF,ITF4,16,Puglia
2020-12-27,BAS,106,41,65,106,0,ITF,ITF5,17,Basilicata
2021-01-26,MOL,450,184,266,8,442,ITF,ITF2,14,Molise
2021-02-04,FVG,2725,808,1917,35,2690,ITH,ITH4,6,Friuli-Venezia Giulia
2021-05-15,MAR,13965,6376,7589,8076,5889,ITI,ITI3,11,Marche
2021-05-05,UMB,7196,3291,3905,3896,3300,ITI,ITI2,10,Umbria
2021-05-06,MOL,2679,1214,1465,2081,598,ITF,ITF2,14,Molise
2021-04-18,LAZ,23773,10556,13217,16139,7634,ITI,ITI4,12,Lazio
2021-03-20,BAS,1287,567,720,275,1012,ITF,ITF5,17,Basilicata
2021-01-25,SIC,7397,3670,3727,300,7097,ITG,ITG1,19,Sicilia
2021-02-19,MAR,1962,712,1250,1827,135,ITI,ITI3,11,Marche
2021-04-30,FVG,7322,3230,4092,3692,3630,ITH,ITH4,6,Friuli-Venezia Giulia
2021-01-25,UMB,648,323,325,5,643,ITI,ITI2,10,Umbria
2021-05-05,SIC,26165,12119,14046,16676,9489,ITG,ITG1,19,Sicilia
2021-03-19,LIG,5294,2234,3060,2149,3145,ITC,ITC3,7,Liguria
2021-05-19,SIC,42514,20512,22002,28310,14204,ITG,ITG1,19,Sicilia
2021-02-04,PIE,10203,3339,6864,588,9615,ITC,ITC1,1,Piemonte
2021-03-02,LIG,4074,1689,2385,3764,310,ITC,ITC3,7,Liguria
2021-03-26,PAT,3161,1228,1933,2562,599,ITH,ITH2,4,Provincia Autonoma Trento
2021-01-11,CAM,4072,1871,2201,4072,0,ITF,ITF3,15,Campania
2021-03-31,PAB,1832,694,1138,821,1011,ITH,ITH1,4,Provincia Autonoma Bolzano / Bozen
2020-12-28,LOM,107,47,60,107,0,ITC,ITC4,3,Lombardia
2021-03-02,CAL,4367,2489,1878,3611,756,ITF,ITF6,18,Calabria
2021-05-24,VEN,32704,16148,16556,7752,24952,ITH,ITH3,5,Veneto
2021-03-16,CAL,3835,1883,1952,2175,1660,ITF,ITF6,18,Calabria
2021-03-06,BAS,1354,536,818,758,596,ITF,ITF5,17,Basilicata
2021-04-02,LIG,11670,5116,6554,9184,2486,ITC,ITC3,7,Liguria
2021-05-12,SAR,10779,5036,5743,7700,3079,ITG,ITG2,20,Sardegna
2021-04-21,LOM,71665,32505,39160,57078,14587,ITC,ITC4,3,Lombardia
2021-05-23,VDA,999,465,534,658,341,ITC,ITC2,2,Valle d'Aosta / Vallée d'Aoste
2021-01-11,LOM,16142,5346,10796,16142,0,ITC,ITC4,3,Lombardia
2021-02-25,EMR,9250,3499,5751,8296,954,ITH,ITH5,8,Emilia-Romagna
2021-03-07,TOS,5647,2357,3290,2104,3543,ITI,ITI1,9,Toscana
2021-01-28,LOM,12186,3690,8496,766,11420,ITC,ITC4,3,Lombardia
2021-01-29,VDA,318,138,180,2,316,ITC,ITC2,2,Valle d'Aosta / Vallée d'Aoste
2021-04-30,PIE,31770,14277,17493,18444,13326,ITC,ITC1,1,Piemonte
2021-05-19,LAZ,46469,21219,25250,36648,9821,ITI,ITI4,12,Lazio
2021-04-04,UMB,59,20,39,23,36,ITI,ITI2,10,Umbria
2021-01-29,ABR,1387,449,938,74,1313,ITF,ITF1,13,Abruzzo
2021-03-11,EMR,17260,7137,10123,11410,5850,ITH,ITH5,8,Emilia-Romagna
2021-04-22,VDA,1067,449,618,684,383,ITC,ITC2,2,Valle d'Aosta / Vallée d'Aoste
2021-06-07,UMB,6851,3352,3499,6211,640,ITI,ITI2,10,Umbria
2021-05-09,VDA,574,287,287,444,130,ITC,ITC2,2,Valle d'Aosta / Vallée d'Aoste
2021-01-04,LAZ,7481,2908,4573,7481,0,ITI,ITI4,12,Lazio
2021-02-06,EMR,7601,2407,5194,2131,5470,ITH,ITH5,8,Emilia-Romagna
2021-03-16,UMB,3538,1454,2084,1911,1627,ITI,ITI2,10,Umbria
2021-03-17,MOL,908,385,523,576,332,ITF,ITF2,14,Molise
2021-05-27,PUG,39227,18036,21191,22672,16555,ITF,ITF4,16,Puglia
2021-06-07,LAZ,59916,27320,32596,32438,27478,ITI,ITI4,12,Lazio
2021-02-27,UMB,1658,354,1304,1642,16,ITI,ITI2,10,Umbria
2021-04-21,LIG,14243,6431,7812,8921,5322,ITC,ITC3,7,Liguria
2020-12-28,SAR,65,25,40,65,0,ITG,ITG2,20,Sardegna
2020-12-31,MAR,387,181,206,387,0,ITI,ITI3,11,Marche
2021-02-11,CAL,2330,1041,1289,1082,1248,ITF,ITF6,18,Calabria
2021-05-09,BAS,4685,2340,2345,2990,1695,ITF,ITF5,17,Basilicata
2021-06-08,MOL,2844,1580,1264,2189,655,ITF,ITF2,14,Molise
2021-03-16,SIC,9557,4276,5281,3623,5934,ITG,ITG1,19,Sicilia
2021-01-05,PAB,830,286,544,830,0,ITH,ITH1,4,Provincia Autonoma Bolzano / Bozen
2021-02-04,PAT,975,304,671,421,554,ITH,ITH2,4,Provincia Autonoma Trento
2021-02-15,BAS,622,232,390,580,42,ITF,ITF5,17,Basilicata
2021-05-08,LIG,7528,3333,4195,2314,5214,ITC,ITC3,7,Liguria
2021-01-09,VEN,7927,2539,5388,7927,0,ITH,ITH3,5,Veneto
2021-01-29,BAS,615,230,385,63,552,ITF,ITF5,17,Basilicata
2021-05-26,CAM,52363,25582,26781,21457,30906,ITF,ITF3,15,Campania
2021-01-23,PAB,197,117,80,0,197,ITH,ITH1,4,Provincia Autonoma Bolzano / Bozen
2021-01-25,LIG,2723,888,1835,478,2245,ITC,ITC3,7,Liguria
2021-04-03,UMB,2111,716,1395,1058,1053,ITI,ITI2,10,Umbria
2021-03-25,VDA,389,154,235,379,10,ITC,ITC2,2,Valle d'Aosta / Vallée d'Aoste
2021-04-12,PAB,2105,946,1159,2098,7,ITH,ITH1,4,Provincia Autonoma Bolzano / Bozen
2021-01-16,FVG,1230,360,870,1230,0,ITH,ITH4,6,Friuli-Venezia Giulia
2021-03-28,LAZ,18836,7541,11295,13526,5310,ITI,ITI4,12,Lazio
2021-03-30,UMB,3948,1705,2243,2416,1532,ITI,ITI2,10,Umbria
2021-02-16,TOS,9279,3339,5940,8558,721,ITI,ITI1,9,Toscana
2021-04-16,VEN,24419,10481,13938,12538,11881,ITH,ITH3,5,Veneto
2021-05-21,VDA,917,433,484,531,386,ITC,ITC2,2,Valle d'Aosta / Vallée d'Aoste
2021-04-18,SAR,5127,2225,2902,2258,2869,ITG,ITG2,20,Sardegna
2020-12-27,UMB,86,45,41,86,0,ITI,ITI2,10,Umbria
2021-04-17,VDA,638,407,231,636,2,ITC,ITC2,2,Valle d'Aosta / Vallée d'Aoste
2021-05-02,TOS,11167,4931,6236,9204,1963,ITI,ITI1,9,Toscana
2021-01-08,SAR,3258,1184,2074,3258,0,ITG,ITG2,20,Sardegna
2021-04-16,MAR,10082,4702,5380,9557,525,ITI,ITI3,11,Marche
2021-01-07,VDA,276,111,165,276,0,ITC,ITC2,2,Valle d'Aosta / Vallée d'Aoste
2021-03-25,FVG,5313,2262,3051,3180,2133,ITH,ITH4,6,Friuli-Venezia Giulia
2021-02-27,CAM,13950,4473,9477,12308,1642,ITF,ITF3,15,Campania
2021-03-07,PAB,114,13,101,9,105,ITH,ITH1,4,Provincia Autonoma Bolzano / Bozen
2021-04-01,PAT,2893,1227,1666,1800,1093,ITH,ITH2,4,Provincia Autonoma Trento
2021-06-04,SIC,57097,26367,30730,45353,11744,ITG,ITG1,19,Sicilia
2021-03-06,CAL,8426,4339,4087,7634,792,ITF,ITF6,18,Calabria
2021-06-09,LAZ,27714,12857,14857,15191,12523,ITI,ITI4,12,Lazio
2021-02-19,VDA,292,102,190,268,24,ITC,ITC2,2,Valle d'Aosta / Vallée d'Aoste
2021-02-22,UMB,1859,778,1081,1773,86,ITI,ITI2,10,Umbria
2021-03-16,PUG,9868,4685,5183,3509,6359,ITF,ITF4,16,Puglia
2021-04-11,LOM,32195,13935,18260,24806,7389,ITC,ITC4,3,Lombardia
2021-01-01,LOM,24,7,17,24,0,ITC,ITC4,3,Lombardia
2021-02-25,TOS,10634,4306,6328,9635,999,ITI,ITI1,9,Toscana
2021-06-07,LOM,98185,49998,48187,85101,13084,ITC,ITC4,3,Lombardia
2021-04-18,VEN,17516,7255,10261,9944,7572,ITH,ITH3,5,Veneto
2021-02-27,LOM,13944,5869,8075,13303,641,ITC,ITC4,3,Lombardia
2021-04-21,PAB,3012,1468,1544,2164,848,ITH,ITH1,4,Provincia Autonoma Bolzano / Bozen
2021-04-28,PUG,19744,8846,10898,14995,4749,ITF,ITF4,16,Puglia
2021-03-17,ABR,4539,1873,2666,2799,1740,ITF,ITF1,13,Abruzzo
2021-03-31,MOL,2193,919,1274,1374,819,ITF,ITF2,14,Molise
2021-02-25,LIG,3455,1349,2106,3325,130,ITC,ITC3,7,Liguria
2021-06-02,SAR,9784,4690,5094,8143,1641,ITG,ITG2,20,Sardegna
2021-01-10,EMR,7170,2683,4487,7170,0,ITH,ITH5,8,Emilia-Romagna
2021-04-06,SIC,17622,8450,9172,13340,4282,ITG,ITG1,19,Sicilia
2021-01-20,TOS,1331,637,694,1083,248,ITI,ITI1,9,Toscana
2021-03-08,EMR,12179,5064,7115,9504,2675,ITH,ITH5,8,Emilia-Romagna
2021-03-23,PAT,2445,944,1501,1705,740,ITH,ITH2,4,Provincia Autonoma Trento
2021-01-04,MAR,1506,568,938,1506,0,ITI,ITI3,11,Marche
2021-03-30,FVG,7093,3141,3952,6171,922,ITH,ITH4,6,Friuli-Venezia Giulia
2021-04-20,SAR,10993,4993,6000,7779,3214,ITG,ITG2,20,Sardegna
2020-12-30,LOM,114,42,72,114,0,ITC,ITC4,3,Lombardia
2021-01-08,VEN,9405,2835,6570,9405,0,ITH,ITH3,5,Veneto
2021-04-30,TOS,40174,17771,22403,20316,19858,ITI,ITI1,9,Toscana
2021-02-22,SIC,7888,4091,3797,7398,490,ITG,ITG1,19,Sicilia
2021-01-05,VDA,150,54,96,150,0,ITC,ITC2,2,Valle d'Aosta / Vallée d'Aoste
2020-12-27,SIC,92,55,37,92,0,ITG,ITG1,19,Sicilia
2021-06-02,SIC,35158,16238,18920,27394,7764,ITG,ITG1,19,Sicilia
2021-05-09,CAL,9615,4479,5136,6086,3529,ITF,ITF6,18,Calabria
2021-04-27,LAZ,30636,13826,16810,19792,10844,ITI,ITI4,12,Lazio
2021-04-29,BAS,4831,2385,2446,4410,421,ITF,ITF5,17,Basilicata
2021-05-02,CAM,43492,21539,21953,32138,11354,ITF,ITF3,15,Campania
2021-01-09,PAB,612,326,286,612,0,ITH,ITH1,4,Provincia Autonoma Bolzano / Bozen
2021-05-28,PAT,3678,1719,1959,1442,2236,ITH,ITH2,4,Provincia Autonoma Trento
2021-01-22,CAM,1524,776,748,673,851,ITF,ITF3,15,Campania
2021-03-01,LAZ,17092,7346,9746,13207,3885,ITI,ITI4,12,Lazio
2021-01-14,VDA,237,69,168,237,0,ITC,ITC2,2,Valle d'Aosta / Vallée d'Aoste
2021-01-25,PAT,817,215,602,23,794,ITH,ITH2,4,Provincia Autonoma Trento
2021-03-17,BAS,1453,609,844,28,1425,ITF,ITF5,17,Basilicata
2021-04-14,MAR,10214,4563,5651,9842,372,ITI,ITI3,11,Marche
2021-01-29,CAL,2049,988,1061,230,1819,ITF,ITF6,18,Calabria
2021-01-09,PUG,4886,2251,2635,4886,0,ITF,ITF4,16,Puglia
2021-01-19,BAS,199,84,115,199,0,ITF,ITF5,17,Basilicata
2021-03-25,PAT,2874,1104,1770,1825,1049,ITH,ITH2,4,Provincia Autonoma Trento
2021-03-24,ABR,6385,2784,3601,4133,2252,ITF,ITF1,13,Abruzzo
2021-04-24,VDA,722,400,322,555,167,ITC,ITC2,2,Valle d'Aosta / Vallée d'Aoste
2020-12-30,MAR,17,5,12,17,0,ITI,ITI3,11,Marche
2021-01-13,VEN,5985,1606,4379,5985,0,ITH,ITH3,5,Veneto
2021-02-22,LAZ,11455,4989,6466,10953,502,ITI,ITI4,12,Lazio
2021-04-25,TOS,11054,5248,5806,8917,2137,ITI,ITI1,9,Toscana
2021-03-30,PIE,16891,7033,9858,9020,7871,ITC,ITC1,1,Piemonte
2021-02-09,ABR,908,311,597,499,409,ITF,ITF1,13,Abruzzo
2021-06-02,LAZ,43130,21397,21733,31728,11402,ITI,ITI4,12,Lazio
2021-02-23,MOL,582,223,359,363,219,ITF,ITF2,14,Molise
2021-03-06,CAM,16308,6753,9555,10639,5669,ITF,ITF3,15,Campania
2021-05-04,CAL,16352,7533,8819,11715,4637,ITF,ITF6,18,Calabria
2021-06-03,MOL,3133,1500,1633,2611,522,ITF,ITF2,14,Molise
2021-03-01,SIC,12692,6012,6680,11038,1654,ITG,ITG1,19,Sicilia
2021-04-07,MOL,1688,847,841,1413,275,ITF,ITF2,14,Molise
2021-03-04,LIG,4738,2118,2620,3891,847,ITC,ITC3,7,Liguria
2021-03-06,LOM,21300,9082,12218,16788,4512,ITC,ITC4,3,Lombardia
2021-04-01,FVG,6315,2993,3322,5300,1015,ITH,ITH4,6,Friuli-Venezia Giulia
2021-04-09,MAR,9560,4189,5371,9360,200,ITI,ITI3,11,Marche
2021-04-20,EMR,22602,10395,12207,14252,8350,ITH,ITH5,8,Emilia-Romagna
2021-05-28,FVG,9915,4593,5322,5952,3963,ITH,ITH4,6,Friuli-Venezia Giulia
2021-04-08,UMB,5873,2506,3367,4078,1795,ITI,ITI2,10,Umbria
2021-03-30,PAT,2387,973,1414,1750,637,ITH,ITH2,4,Provincia Autonoma Trento
2021-03-24,BAS,1758,690,1068,1361,397,ITF,ITF5,17,Basilicata
2021-04-19,VDA,751,325,426,542,209,ITC,ITC2,2,Valle d'Aosta / Vallée d'Aoste
2021-04-30,LIG,14346,6389,7957,5778,8568,ITC,ITC3,7,Liguria
2021-06-09,SIC,15641,7259,8382,12453,3188,ITG,ITG1,19,Sicilia
2021-01-13,TOS,4062,1398,2664,4062,0,ITI,ITI1,9,Toscana
2021-04-25,VEN,18317,8148,10169,13480,4837,ITH,ITH3,5,Veneto
2021-05-03,LOM,83643,39734,43909,71527,12116,ITC,ITC4,3,Lombardia
2021-04-23,FVG,7457,3376,4081,3599,3858,ITH,ITH4,6,Friuli-Venezia Giulia
2021-01-11,EMR,9348,3273,6075,9348,0,ITH,ITH5,8,Emilia-Romagna
2021-01-23,LOM,1114,357,757,916,198,ITC,ITC4,3,Lombardia
2021-02-23,SAR,1519,1010,509,1285,234,ITG,ITG2,20,Sardegna
2021-04-12,MOL,1299,557,742,1048,251,ITF,ITF2,14,Molise
2021-05-24,TOS,33368,16400,16968,24090,9278,ITI,ITI1,9,Toscana
2021-01-19,PUG,1221,452,769,1211,10,ITF,ITF4,16,Puglia
2021-02-15,LAZ,8025,3539,4486,7394,631,ITI,ITI4,12,Lazio
2021-01-25,TOS,5127,1896,3231,248,4879,ITI,ITI1,9,Toscana
2021-01-29,LAZ,8042,3079,4963,813,7229,ITI,ITI4,12,Lazio
2021-03-18,PAT,2319,957,1362,1239,1080,ITH,ITH2,4,Provincia Autonoma Trento
2021-03-21,PAB,768,285,483,14,754,ITH,ITH1,4,Provincia Autonoma Bolzano / Bozen
2021-01-09,MAR,1710,605,1105,1710,0,ITI,ITI3,11,Marche
2021-04-30,VEN,49965,23468,26497,34313,15652,ITH,ITH3,5,Veneto
2021-04-06,PIE,20240,8810,11430,15044,5196,ITC,ITC1,1,Piemonte
2021-05-02,SAR,5885,2669,3216,5304,581,ITG,ITG2,20,Sardegna
2021-05-30,UMB,5971,2992,2979,5780,191,ITI,ITI2,10,Umbria
2021-01-20,VEN,1038,368,670,386,652,ITH,ITH3,5,Veneto
2021-04-18,TOS,8338,4083,4255,7342,996,ITI,ITI1,9,Toscana
2020-12-27,PIE,913,369,544,913,0,ITC,ITC1,1,Piemonte
2021-04-02,MAR,6875,2973,3902,6135,740,ITI,ITI3,11,Marche
2021-05-14,CAL,19941,9588,10353,13070,6871,ITF,ITF6,18,Calabria
2021-03-08,UMB,3672,1801,1871,2309,1363,ITI,ITI2,10,Umbria
2021-06-09,PAT,1699,835,864,605,1094,ITH,ITH2,4,Provincia Autonoma Trento
2021-01-14,PAB,1946,575,1371,1946,0,ITH,ITH1,4,Provincia Autonoma Bolzano / Bozen
2021-02-08,SAR,1470,533,937,856,614,ITG,ITG2,20,Sardegna
2021-03-16,MAR,3471,1485,1986,290,3181,ITI,ITI3,11,Marche
2021-04-27,CAL,9947,4890,5057,8005,1942,ITF,ITF6,18,Calabria
2021-01-19,VDA,256,77,179,256,0,ITC,ITC2,2,Valle d'Aosta / Vallée d'Aoste
2021-03-25,SIC,20282,9403,10879,14817,5465,ITG,ITG1,19,Sicilia
2021-04-07,PAB,1798,823,975,1258,540,ITH,ITH1,4,Provincia Autonoma Bolzano / Bozen
2021-02-03,CAL,2768,1429,1339,578,2190,ITF,ITF6,18,Calabria
2021-03-25,UMB,3904,1699,2205,2840,1064,ITI,ITI2,10,Umbria
2021-06-02,LIG,8531,4343,4188,5364,3167,ITC,ITC3,7,Liguria
2021-01-04,PUG,4508,2016,2492,4508,0,ITF,ITF4,16,Puglia
2021-04-12,VDA,486,186,300,323,163,ITC,ITC2,2,Valle d'Aosta / Vallée d'Aoste
2021-04-29,VDA,1291,634,657,757,534,ITC,ITC2,2,Valle d'Aosta / Vallée d'Aoste
2021-06-02,CAM,42732,20102,22630,38105,4627,ITF,ITF3,15,Campania
2021-02-17,LAZ,9181,4603,4578,8307,874,ITI,ITI4,12,Lazio
2021-02-22,CAM,10681,3294,7387,10418,263,ITF,ITF3,15,Campania
2021-03-02,PAB,695,200,495,693,2,ITH,ITH1,4,Provincia Autonoma Bolzano / Bozen
2021-03-07,MOL,1132,501,631,1130,2,ITF,ITF2,14,Molise
2021-04-06,PAT,2259,949,1310,1494,765,ITH,ITH2,4,Provincia Autonoma Trento
2021-04-17,BAS,3461,1655,1806,2199,1262,ITF,ITF5,17,Basilicata
2021-05-28,LAZ,55926,25581,30345,43428,12498,ITI,ITI4,12,Lazio
2021-03-11,CAM,17584,8672,8912,10306,7278,ITF,ITF3,15,Campania
2021-03-19,PAB,1906,773,1133,799,1107,ITH,ITH1,4,Provincia Autonoma Bolzano / Bozen
2021-06-02,LOM,84602,43567,41035,78288,6314,ITC,ITC4,3,Lombardia
2021-03-06,SIC,12640,5059,7581,9858,2782,ITG,ITG1,19,Sicilia
2021-03-11,LOM,36183,13463,22720,26291,9892,ITC,ITC4,3,Lombardia
2021-05-16,CAM,51118,23199,27919,33572,17546,ITF,ITF3,15,Campania
2021-02-20,CAM,8573,3080,5493,8270,303,ITF,ITF3,15,Campania
2021-03-29,BAS,2435,881,1554,2149,286,ITF,ITF5,17,Basilicata
2021-03-27,UMB,4253,1512,2741,3913,340,ITI,ITI2,10,Umbria
2021-01-05,BAS,946,409,537,946,0,ITF,ITF5,17,Basilicata
2021-03-01,FVG,2957,1041,1916,2905,52,ITH,ITH4,6,Friuli-Venezia Giulia
2021-03-20,EMR,16087,6831,9256,9123,6964,ITH,ITH5,8,Emilia-Romagna
2021-03-18,FVG,3372,1421,1951,1691,1681,ITH,ITH4,6,Friuli-Venezia Giulia
2021-03-26,PUG,11544,5423,6121,6899,4645,ITF,ITF4,16,Puglia
2021-05-28,SIC,50971,22753,28218,24694,26277,ITG,ITG1,19,Sicilia
2021-03-09,PUG,13296,5794,7502,11287,2009,ITF,ITF4,16,Puglia
2021-04-06,EMR,24746,11161,13585,20008,4738,ITH,ITH5,8,Emilia-Romagna
2021-01-01,VEN,1528,471,1057,1528,0,ITH,ITH3,5,Veneto
2021-01-13,PAT,421,123,298,421,0,ITH,ITH2,4,Provincia Autonoma Trento
2020-12-27,EMR,970,372,598,970,0,ITH,ITH5,8,Emilia-Romagna
2021-02-18,LIG,2764,1126,1638,2430,334,ITC,ITC3,7,Liguria
2021-03-06,LAZ,18334,7065,11269,14077,4257,ITI,ITI4,12,Lazio
2021-03-25,VEN,25835,10951,14884,19729,6106,ITH,ITH3,5,Veneto
2021-06-09,PIE,15947,8409,7538,14629,1318,ITC,ITC1,1,Piemonte
2021-02-03,CAM,8903,4003,4900,878,8025,ITF,ITF3,15,Campania
2021-04-11,VEN,21002,8873,12129,14695,6307,ITH,ITH3,5,Veneto
2021-01-11,MAR,1176,411,765,1176,0,ITI,ITI3,11,Marche
2021-02-22,CAL,2037,1032,1005,1479,558,ITF,ITF6,18,Calabria
2021-03-18,PIE,11757,4804,6953,4029,7728,ITC,ITC1,1,Piemonte
2021-04-14,PUG,31815,15023,16792,28509,3306,ITF,ITF4,16,Puglia
2021-05-07,TOS,32084,14674,17410,11994,20090,ITI,ITI1,9,Toscana
2021-03-28,PUG,3528,1650,1878,1203,2325,ITF,ITF4,16,Puglia
2021-03-29,ABR,5624,2524,3100,2985,2639,ITF,ITF1,13,Abruzzo
2021-03-30,LOM,39467,15478,23989,24695,14772,ITC,ITC4,3,Lombardia
2021-04-21,MAR,10781,4967,5814,9587,1194,ITI,ITI3,11,Marche
2021-06-02,CAL,11904,5704,6200,8639,3265,ITF,ITF6,18,Calabria
2021-03-20,FVG,3341,1352,1989,1250,2091,ITH,ITH4,6,Friuli-Venezia Giulia
2021-05-14,LIG,12892,5653,7239,8595,4297,ITC,ITC3,7,Liguria
2021-01-20,SAR,210,77,133,208,2,ITG,ITG2,20,Sardegna
2021-01-28,MAR,2086,725,1361,165,1921,ITI,ITI3,11,Marche
2021-05-18,VDA,969,484,485,353,616,ITC,ITC2,2,Valle d'Aosta / Vallée d'Aoste
2021-01-06,LOM,7058,2491,4567,7058,0,ITC,ITC4,3,Lombardia
2021-05-31,LIG,14411,7123,7288,8951,5460,ITC,ITC3,7,Liguria
2021-02-07,VDA,292,120,172,190,102,ITC,ITC2,2,Valle d'Aosta / Vallée d'Aoste
2021-04-13,VEN,14020,6320,7700,8535,5485,ITH,ITH3,5,Veneto
2021-06-03,ABR,12972,6153,6819,9269,3703,ITF,ITF1,13,Abruzzo
2021-01-13,FVG,2650,834,1816,2650,0,ITH,ITH4,6,Friuli-Venezia Giulia
2021-02-13,TOS,7785,2360,5425,7558,227,ITI,ITI1,9,Toscana
2021-03-09,LIG,5930,2753,3177,4499,1431,ITC,ITC3,7,Liguria
2021-04-06,FVG,6279,2772,3507,5129,1150,ITH,ITH4,6,Friuli-Venezia Giulia
2021-03-12,ABR,6015,1987,4028,4433,1582,ITF,ITF1,13,Abruzzo
2021-05-07,SIC,36486,17238,19248,24930,11556,ITG,ITG1,19,Sicilia
2021-06-02,TOS,27544,13598,13946,22040,5504,ITI,ITI1,9,Toscana
2021-01-02,ABR,548,218,330,548,0,ITF,ITF1,13,Abruzzo
2021-03-11,SIC,15090,6382,8708,12720,2370,ITG,ITG1,19,Sicilia
2021-04-06,TOS,22171,9774,12397,18457,3714,ITI,ITI1,9,Toscana
2021-04-25,FVG,2363,990,1373,2352,11,ITH,ITH4,6,Friuli-Venezia Giulia
2021-05-23,EMR,25450,11854,13596,13885,11565,ITH,ITH5,8,Emilia-Romagna
2021-06-08,ABR,12698,6473,6225,10551,2147,ITF,ITF1,13,Abruzzo
2021-02-08,TOS,4097,1360,2737,3638,459,ITI,ITI1,9,Toscana
2021-04-01,CAL,8495,3844,4651,3980,4515,ITF,ITF6,18,Calabria
2021-01-27,SIC,7278,3711,3567,181,7097,ITG,ITG1,19,Sicilia
2021-04-26,ABR,8563,4066,4497,7349,1214,ITF,ITF1,13,Abruzzo
2021-05-19,TOS,27831,13479,14352,18879,8952,ITI,ITI1,9,Toscana
2021-05-21,CAM,63386,29339,34047,43179,20207,ITF,ITF3,15,Campania
2021-01-30,LIG,1660,566,1094,24,1636,ITC,ITC3,7,Liguria
2021-03-23,VEN,22149,10187,11962,17430,4719,ITH,ITH3,5,Veneto
2021-05-15,PAB,6997,3685,3312,6702,295,ITH,ITH1,4,Provincia Autonoma Bolzano / Bozen
2021-02-03,LAZ,6487,2487,4000,963,5524,ITI,ITI4,12,Lazio
2021-02-04,PAB,1958,593,1365,8,1950,ITH,ITH1,4,Provincia Autonoma Bolzano / Bozen
2021-05-19,VEN,32631,14959,17672,16818,15813,ITH,ITH3,5,Veneto
2021-01-13,SIC,5118,2421,2697,5118,0,ITG,ITG1,19,Sicilia
2021-01-15,FVG,2021,605,1416,2021,0,ITH,ITH4,6,Friuli-Venezia Giulia
2021-06-01,ABR,10921,4821,6100,6557,4364,ITF,ITF1,13,Abruzzo
2021-03-28,LIG,1141,511,630,390,751,ITC,ITC3,7,Liguria
2021-05-07,SAR,14129,6459,7670,9629,4500,ITG,ITG2,20,Sardegna
2021-04-13,TOS,8491,3509,4982,6031,2460,ITI,ITI1,9,Toscana
2021-01-20,LAZ,4806,1942,2864,3263,1543,ITI,ITI4,12,Lazio
2021-01-27,SAR,1411,496,915,79,1332,ITG,ITG2,20,Sardegna
2021-03-28,MAR,4126,1739,2387,2435,1691,ITI,ITI3,11,Marche
2021-01-08,PAT,1449,313,1136,1449,0,ITH,ITH2,4,Provincia Autonoma Trento
2021-01-31,VDA,291,91,200,58,233,ITC,ITC2,2,Valle d'Aosta / Vallée d'Aoste
2021-01-30,MAR,1907,668,1239,29,1878,ITI,ITI3,11,Marche
2021-02-27,PIE,12691,4851,7840,12346,345,ITC,ITC1,1,Piemonte
2021-03-25,SAR,8795,3704,5091,7490,1305,ITG,ITG2,20,Sardegna
2021-06-08,BAS,4566,2179,2387,4209,357,ITF,ITF5,17,Basilicata
2021-04-18,PAT,1855,845,1010,1846,9,ITH,ITH2,4,Provincia Autonoma Trento
2021-04-16,PUG,35864,16861,19003,32583,3281,ITF,ITF4,16,Puglia
2021-04-25,PIE,20227,9303,10924,17726,2501,ITC,ITC1,1,Piemonte
2021-05-14,LAZ,50942,23244,27698,32727,18215,ITI,ITI4,12,Lazio
2021-05-21,SAR,21103,10346,10757,15451,5652,ITG,ITG2,20,Sardegna
2021-02-08,VEN,4976,1541,3435,1929,3047,ITH,ITH3,5,Veneto
2021-04-02,PAB,2077,837,1240,720,1357,ITH,ITH1,4,Provincia Autonoma Bolzano / Bozen
2021-01-15,PIE,9114,3012,6102,9114,0,ITC,ITC1,1,Piemonte
2021-02-18,PUG,4378,1846,2532,3774,604,ITF,ITF4,16,Puglia
2021-03-18,LAZ,14225,6077,8148,7835,6390,ITI,ITI4,12,Lazio
2021-05-07,LOM,92133,43625,48508,69877,22256,ITC,ITC4,3,Lombardia
2021-03-06,PAT,783,277,506,632,151,ITH,ITH2,4,Provincia Autonoma Trento
2021-04-06,VEN,28874,13277,15597,23806,5068,ITH,ITH3,5,Veneto
2021-05-29,PAB,7131,3767,3364,3994,3137,ITH,ITH1,4,Provincia Autonoma Bolzano / Bozen
2021-01-28,MOL,613,217,396,17,596,ITF,ITF2,14,Molise
2021-03-13,PIE,13045,4721,8324,11601,1444,ITC,ITC1,1,Piemonte
2021-04-01,CAM,24338,11687,12651,20205,4133,ITF,ITF3,15,Campania
2021-03-18,LOM,27376,10951,16425,16146,11230,ITC,ITC4,3,Lombardia
2021-04-08,CAL,9391,4426,4965,5803,3588,ITF,ITF6,18,Calabria
2021-04-09,PUG,21851,9395,12456,17229,4622,ITF,ITF4,16,Puglia
2021-05-28,CAM,72252,34638,37614,26640,45612,ITF,ITF3,15,Campania
2021-02-10,CAL,2509,1078,1431,884,1625,ITF,ITF6,18,Calabria
2021-02-11,PUG,3699,1401,2298,2421,1278,ITF,ITF4,16,Puglia
2021-05-14,LOM,85647,41244,44403,55542,30105,ITC,ITC4,3,Lombardia
2021-03-12,MOL,1459,637,822,1423,36,ITF,ITF2,14,Molise
2021-04-11,PAT,2340,1135,1205,2249,91,ITH,ITH2,4,Provincia Autonoma Trento
2021-04-12,BAS,2171,1052,1119,1680,491,ITF,ITF5,17,Basilicata
2021-05-10,MAR,9447,4336,5111,4895,4552,ITI,ITI3,11,Marche
2021-05-22,PUG,34209,15665,18544,23924,10285,ITF,ITF4,16,Puglia
2021-01-14,MOL,646,239,407,646,0,ITF,ITF2,14,Molise
2021-03-14,MAR,2500,1032,1468,1907,593,ITI,ITI3,11,Marche
2021-06-04,CAL,17253,8000,9253,12735,4518,ITF,ITF6,18,Calabria
2021-01-20,SIC,785,398,387,531,254,ITG,ITG1,19,Sicilia
2021-04-18,FVG,6038,2799,3239,5631,407,ITH,ITH4,6,Friuli-Venezia Giulia
2021-04-19,ABR,6225,2856,3369,3854,2371,ITF,ITF1,13,Abruzzo
2021-01-08,FVG,2322,747,1575,2322,0,ITH,ITH4,6,Friuli-Venezia Giulia
2021-02-21,ABR,1218,550,668,1217,1,ITF,ITF1,13,Abruzzo
2021-05-26,TOS,35181,16776,18405,20170,15011,ITI,ITI1,9,Toscana
2021-05-11,UMB,6230,2828,3402,4028,2202,ITI,ITI2,10,Umbria
2021-05-14,CAM,60803,27471,33332,36311,24492,ITF,ITF3,15,Campania
2021-03-30,TOS,16861,7498,9363,13297,3564,ITI,ITI1,9,Toscana
2021-05-21,CAL,21342,10863,10479,13979,7363,ITF,ITF6,18,Calabria
2021-02-20,FVG,2068,933,1135,1924,144,ITH,ITH4,6,Friuli-Venezia Giulia
2021-03-18,SIC,15285,7664,7621,9790,5495,ITG,ITG1,19,Sicilia
2021-01-22,FVG,90,30,60,0,90,ITH,ITH4,6,Friuli-Venezia Giulia
2021-02-01,VEN,8560,2502,6058,161,8399,ITH,ITH3,5,Veneto
2021-03-26,PAB,1655,731,924,522,1133,ITH,ITH1,4,Provincia Autonoma Bolzano / Bozen
2021-04-12,ABR,6224,2949,3275,5050,1174,ITF,ITF1,13,Abruzzo
2021-02-06,LIG,1892,768,1124,145,1747,ITC,ITC3,7,Liguria
2021-03-06,FVG,3500,1196,2304,3175,325,ITH,ITH4,6,Friuli-Venezia Giulia
2021-03-18,SAR,7257,3071,4186,5652,1605,ITG,ITG2,20,Sardegna
2021-02-15,VEN,4389,1824,2565,4149,240,ITH,ITH3,5,Veneto
2021-02-27,PAT,1029,457,572,608,421,ITH,ITH2,4,Provincia Autonoma Trento
2021-04-09,PAB,2937,1301,1636,2207,730,ITH,ITH1,4,Provincia Autonoma Bolzano / Bozen
2021-04-19,BAS,4164,1911,2253,2526,1638,ITF,ITF5,17,Basilicata
2021-05-14,SAR,13891,6375,7516,10705,3186,ITG,ITG2,20,Sardegna
2021-01-01,PAT,213,50,163,213,0,ITH,ITH2,4,Provincia Autonoma Trento
2021-06-07,PAT,5474,2715,2759,2644,2830,ITH,ITH2,4,Provincia Autonoma Trento
2021-02-03,SAR,1119,419,700,426,693,ITG,ITG2,20,Sardegna
2021-03-21,MAR,4506,1873,2633,1630,2876,ITI,ITI3,11,Marche
2021-04-18,PIE,22961,10819,12142,20205,2756,ITC,ITC1,1,Piemonte
2021-03-30,VEN,35888,15240,20648,30638,5250,ITH,ITH3,5,Veneto
2021-04-14,TOS,20169,8337,11832,15060,5109,ITI,ITI1,9,Toscana
2021-05-12,PAT,3299,1491,1808,2114,1185,ITH,ITH2,4,Provincia Autonoma Trento
2021-02-18,CAM,9080,3812,5268,8372,708,ITF,ITF3,15,Campania
2021-02-28,PUG,6048,1806,4242,5862,186,ITF,ITF4,16,Puglia
2021-06-03,MAR,14645,7478,7167,12385,2260,ITI,ITI3,11,Marche
2021-03-16,PAT,1391,506,885,608,783,ITH,ITH2,4,Provincia Autonoma Trento
2021-05-25,MOL,1963,887,1076,1333,630,ITF,ITF2,14,Molise
2021-06-08,PAB,3702,1841,1861,399,3303,ITH,ITH1,4,Provincia Autonoma Bolzano / Bozen
2021-01-15,EMR,7746,2403,5343,7746,0,ITH,ITH5,8,Emilia-Romagna
2021-05-14,PAT,5304,2536,2768,3932,1372,ITH,ITH2,4,Provincia Autonoma Trento
2021-02-02,ABR,1778,672,1106,222,1556,ITF,ITF1,13,Abruzzo
2021-05-13,ABR,11148,5042,6106,7188,3960,ITF,ITF1,13,Abruzzo
2021-02-08,PIE,6917,2356,4561,666,6251,ITC,ITC1,1,Piemonte
2021-01-03,LAZ,5251,1973,3278,5251,0,ITI,ITI4,12,Lazio
2021-05-12,PUG,36187,16085,20102,23804,12383,ITF,ITF4,16,Puglia
2021-01-04,MOL,314,131,183,314,0,ITF,ITF2,14,Molise
2021-04-25,CAM,30731,15171,15560,25339,5392,ITF,ITF3,15,Campania
2021-01-01,SIC,816,437,379,816,0,ITG,ITG1,19,Sicilia
2021-03-31,ABR,6650,2881,3769,4582,2068,ITF,ITF1,13,Abruzzo
2021-04-13,LAZ,25670,11872,13798,17957,7713,ITI,ITI4,12,Lazio
2021-04-14,MOL,1806,767,1039,1145,661,ITF,ITF2,14,Molise
2021-04-08,FVG,7212,3017,4195,5290,1922,ITH,ITH4,6,Friuli-Venezia Giulia
2021-02-16,MOL,156,70,86,150,6,ITF,ITF2,14,Molise
2021-04-20,SIC,19122,9009,10113,13874,5248,ITG,ITG1,19,Sicilia
2021-02-18,MAR,2101,745,1356,1815,286,ITI,ITI3,11,Marche
2021-05-27,MOL,2834,1348,1486,1998,836,ITF,ITF2,14,Molise
2021-04-23,LIG,14672,6637,8035,8552,6120,ITC,ITC3,7,Liguria
2021-05-21,FVG,11059,4923,6136,8170,2889,ITH,ITH4,6,Friuli-Venezia Giulia
2021-06-09,EMR,9379,4767,4612,8097,1282,ITH,ITH5,8,Emilia-Romagna
2021-05-29,MAR,12789,6195,6594,8261,4528,ITI,ITI3,11,Marche
2021-01-24,BAS,837,300,537,58,779,ITF,ITF5,17,Basilicata
2021-02-10,FVG,1352,496,856,1266,86,ITH,ITH4,6,Friuli-Venezia Giulia
2021-03-01,EMR,10097,3581,6516,7841,2256,ITH,ITH5,8,Emilia-Romagna
2021-05-02,VEN,37238,17263,19975,26903,10335,ITH,ITH3,5,Veneto
2021-05-15,ABR,11421,5174,6247,6126,5295,ITF,ITF1,13,Abruzzo
2021-02-01,FVG,2097,688,1409,16,2081,ITH,ITH4,6,Friuli-Venezia Giulia
2021-03-11,LIG,6351,3053,3298,4345,2006,ITC,ITC3,7,Liguria
2021-05-28,UMB,9507,4369,5138,7268,2239,ITI,ITI2,10,Umbria
2021-01-13,LIG,2754,1013,1741,2754,0,ITC,ITC3,7,Liguria
2021-05-13,BAS,5982,2966,3016,3385,2597,ITF,ITF5,17,Basilicata
2021-06-08,VDA,712,356,356,679,33,ITC,ITC2,2,Valle d'Aosta / Vallée d'Aoste
2021-05-04,EMR,29260,13699,15561,15602,13658,ITH,ITH5,8,Emilia-Romagna
2021-01-08,LAZ,7729,2895,4834,7729,0,ITI,ITI4,12,Lazio
2021-01-13,CAM,8020,3666,4354,8020,0,ITF,ITF3,15,Campania
2021-04-15,UMB,7630,3484,4146,5744,1886,ITI,ITI2,10,Umbria
2021-02-08,PAT,1151,318,833,342,809,ITH,ITH2,4,Provincia Autonoma Trento
2021-03-04,TOS,17626,6760,10866,14544,3082,ITI,ITI1,9,Toscana
2021-03-06,VEN,10627,4316,6311,7365,3262,ITH,ITH3,5,Veneto
2021-04-28,PAB,2464,1302,1162,2459,5,ITH,ITH1,4,Provincia Autonoma Bolzano / Bozen
2021-02-17,UMB,1618,748,870,1267,351,ITI,ITI2,10,Umbria
2021-05-21,PIE,35878,16621,19257,20379,15499,ITC,ITC1,1,Piemonte
2021-01-04,LIG,2615,854,1761,2615,0,ITC,ITC3,7,Liguria
2021-01-23,PUG,3040,1294,1746,886,2154,ITF,ITF4,16,Puglia
2021-05-29,MOL,2326,1207,1119,1940,386,ITF,ITF2,14,Molise
2021-03-13,CAL,6849,2989,3860,5877,972,ITF,ITF6,18,Calabria
2021-05-03,PUG,33187,14824,18363,22567,10620,ITF,ITF4,16,Puglia
2021-02-27,EMR,10967,3999,6968,9229,1738,ITH,ITH5,8,Emilia-Romagna
2021-03-07,PUG,4923,1943,2980,4352,571,ITF,ITF4,16,Puglia
2020-12-30,VEN,699,245,454,699,0,ITH,ITH3,5,Veneto
2021-04-25,EMR,22344,10239,12105,14836,7508,ITH,ITH5,8,Emilia-Romagna
2021-01-01,SAR,32,17,15,32,0,ITG,ITG2,20,Sardegna
2021-02-16,MAR,1288,475,813,1258,30,ITI,ITI3,11,Marche
2021-02-26,VDA,207,58,149,122,85,ITC,ITC2,2,Valle d'Aosta / Vallée d'Aoste
2021-04-13,UMB,7679,3400,4279,6010,1669,ITI,ITI2,10,Umbria
2021-05-14,FVG,10616,5261,5355,8134,2482,ITH,ITH4,6,Friuli-Venezia Giulia
2021-02-25,MAR,3510,1434,2076,3331,179,ITI,ITI3,11,Marche
2021-02-27,SAR,1921,647,1274,1366,555,ITG,ITG2,20,Sardegna
2021-02-03,FVG,2647,791,1856,23,2624,ITH,ITH4,6,Friuli-Venezia Giulia
2021-02-15,UMB,1368,692,676,1367,1,ITI,ITI2,10,Umbria
2021-02-01,PIE,8645,3055,5590,579,8066,ITC,ITC1,1,Piemonte
2021-04-18,CAM,27216,13281,13935,18318,8898,ITF,ITF3,15,Campania
2021-05-08,BAS,4835,2399,2436,3429,1406,ITF,ITF5,17,Basilicata
2021-06-05,MAR,13855,6962,6893,11796,2059,ITI,ITI3,11,Marche
2021-01-15,CAL,2796,1258,1538,2796,0,ITF,ITF6,18,Calabria
2021-04-10,VDA,404,190,214,399,5,ITC,ITC2,2,Valle d'Aosta / Vallée d'Aoste
2021-01-08,CAM,10454,4967,5487,10454,0,ITF,ITF3,15,Campania
2021-01-16,PAB,2840,1265,1575,2840,0,ITH,ITH1,4,Provincia Autonoma Bolzano / Bozen
2020-12-31,VDA,18,4,14,18,0,ITC,ITC2,2,Valle d'Aosta / Vallée d'Aoste
2021-01-03,UMB,270,112,158,270,0,ITI,ITI2,10,Umbria
2021-02-20,LOM,9334,3866,5468,9037,297,ITC,ITC4,3,Lombardia
2021-04-25,CAL,15830,8033,7797,14695,1135,ITF,ITF6,18,Calabria
2021-05-05,PUG,38883,16992,21891,24741,14142,ITF,ITF4,16,Puglia
2021-06-06,VDA,1160,582,578,787,373,ITC,ITC2,2,Valle d'Aosta / Vallée d'Aoste
2021-04-23,MAR,11159,5140,6019,8104,3055,ITI,ITI3,11,Marche
2021-05-21,PAT,5026,2412,2614,3329,1697,ITH,ITH2,4,Provincia Autonoma Trento
2021-01-06,TOS,4520,1460,3060,4520,0,ITI,ITI1,9,Toscana
2021-03-10,ABR,5013,1656,3357,4057,956,ITF,ITF1,13,Abruzzo
2021-04-16,LIG,11969,5279,6690,10159,1810,ITC,ITC3,7,Liguria
2021-04-18,LOM,36343,16203,20140,31115,5228,ITC,ITC4,3,Lombardia
2021-04-27,CAM,32131,15598,16533,24211,7920,ITF,ITF3,15,Campania
2021-06-07,VEN,44079,22951,21128,37277,6802,ITH,ITH3,5,Veneto
2021-01-08,LOM,12695,3916,8779,12695,0,ITC,ITC4,3,Lombardia
2021-02-27,VEN,8988,2691,6297,8141,847,ITH,ITH3,5,Veneto
2021-01-26,ABR,1542,567,975,30,1512,ITF,ITF1,13,Abruzzo
2021-02-09,MOL,359,170,189,197,162,ITF,ITF2,14,Molise
2021-01-06,LIG,1660,616,1044,1660,0,ITC,ITC3,7,Liguria
2021-05-06,ABR,13045,6111,6934,7999,5046,ITF,ITF1,13,Abruzzo
2021-03-03,PAB,1179,393,786,1166,13,ITH,ITH1,4,Provincia Autonoma Bolzano / Bozen
2021-05-17,LOM,94539,45283,49256,30208,64331,ITC,ITC4,3,Lombardia
2021-01-27,FVG,1272,425,847,450,822,ITH,ITH4,6,Friuli-Venezia Giulia
2021-02-07,BAS,373,159,214,49,324,ITF,ITF5,17,Basilicata
2021-01-01,CAM,919,506,413,919,0,ITF,ITF3,15,Campania
2021-04-28,MOL,1686,916,770,469,1217,ITF,ITF2,14,Molise
2021-05-14,VEN,46381,22050,24331,25679,20702,ITH,ITH3,5,Veneto
2021-05-18,BAS,5896,2855,3041,3403,2493,ITF,ITF5,17,Basilicata
2021-02-04,PUG,5927,2366,3561,1195,4732,ITF,ITF4,16,Puglia
2021-05-09,EMR,25605,12249,13356,18637,6968,ITH,ITH5,8,Emilia-Romagna
2021-01-29,EMR,10415,3497,6918,290,10125,ITH,ITH5,8,Emilia-Romagna
2021-04-08,SIC,16571,8205,8366,8119,8452,ITG,ITG1,19,Sicilia
2021-05-07,FVG,10573,4833,5740,7087,3486,ITH,ITH4,6,Friuli-Venezia Giulia
2021-01-15,LAZ,6577,2705,3872,6577,0,ITI,ITI4,12,Lazio
2021-02-20,VEN,6424,2014,4410,6353,71,ITH,ITH3,5,Veneto
2021-03-04,PAT,2358,793,1565,1580,778,ITH,ITH2,4,Provincia Autonoma Trento
2020-12-30,LIG,12,5,7,12,0,ITC,ITC3,7,Liguria
2021-02-15,EMR,2903,850,2053,2778,125,ITH,ITH5,8,Emilia-Romagna
2021-04-25,LAZ,24512,11242,13270,16701,7811,ITI,ITI4,12,Lazio
2021-04-20,PIE,25471,11661,13810,19125,6346,ITC,ITC1,1,Piemonte
2021-03-25,CAM,19992,9336,10656,16489,3503,ITF,ITF3,15,Campania
2021-05-01,BAS,4703,2135,2568,3952,751,ITF,ITF5,17,Basilicata
2021-01-19,ABR,111,55,56,91,20,ITF,ITF1,13,Abruzzo
2021-03-18,TOS,9978,3984,5994,6006,3972,ITI,ITI1,9,Toscana
2021-05-09,FVG,7349,3298,4051,3494,3855,ITH,ITH4,6,Friuli-Venezia Giulia
2021-02-07,ABR,778,307,471,201,577,ITF,ITF1,13,Abruzzo
2021-02-22,SAR,1639,949,690,1411,228,ITG,ITG2,20,Sardegna
2021-03-02,MAR,4953,1941,3012,4387,566,ITI,ITI3,11,Marche
2021-04-13,CAL,6775,3267,3508,5465,1310,ITF,ITF6,18,Calabria
2021-05-07,PIE,32950,15552,17398,18904,14046,ITC,ITC1,1,Piemonte
2021-01-27,EMR,8360,2946,5414,462,7898,ITH,ITH5,8,Emilia-Romagna
2021-01-27,PIE,4196,1453,2743,999,3197,ITC,ITC1,1,Piemonte
2021-05-19,LOM,82694,39520,43174,33785,48909,ITC,ITC4,3,Lombardia
2021-01-20,CAL,1399,626,773,1398,1,ITF,ITF6,18,Calabria
2021-02-13,PIE,4153,1334,2819,2931,1222,ITC,ITC1,1,Piemonte
2021-03-11,SAR,6036,2726,3310,4835,1201,ITG,ITG2,20,Sardegna
2021-02-08,LOM,10077,2917,7160,2130,7947,ITC,ITC4,3,Lombardia
2021-05-17,PUG,32257,14778,17479,20594,11663,ITF,ITF4,16,Puglia
2021-06-09,TOS,7943,3910,4033,7866,77,ITI,ITI1,9,Toscana
2021-02-25,LOM,15224,6312,8912,13666,1558,ITC,ITC4,3,Lombardia
2021-01-03,CAL,6,3,3,6,0,ITF,ITF6,18,Calabria
2021-04-11,LIG,4248,1930,2318,3999,249,ITC,ITC3,7,Liguria
2021-06-02,VEN,20298,10231,10067,15952,4346,ITH,ITH3,5,Veneto
2021-02-21,MOL,574,227,347,572,2,ITF,ITF2,14,Molise
2021-03-29,VDA,493,233,260,453,40,ITC,ITC2,2,Valle d'Aosta / Vallée d'Aoste
2021-01-21,ABR,157,47,110,157,0,ITF,ITF1,13,Abruzzo
2021-03-27,CAL,8590,3890,4700,4591,3999,ITF,ITF6,18,Calabria
2021-05-16,UMB,5318,2535,2783,5266,52,ITI,ITI2,10,Umbria
2021-02-04,MOL,758,295,463,77,681,ITF,ITF2,14,Molise
2021-04-04,TOS,13911,6602,7309,13658,253,ITI,ITI1,9,Toscana
2021-05-26,FVG,12748,6310,6438,9440,3308,ITH,ITH4,6,Friuli-Venezia Giulia
2021-03-12,VDA,531,175,356,305,226,ITC,ITC2,2,Valle d'Aosta / Vallée d'Aoste
2021-05-01,ABR,10746,5052,5694,5772,4974,ITF,ITF1,13,Abruzzo
2021-05-24,MAR,10795,5110,5685,8121,2674,ITI,ITI3,11,Marche
2021-02-15,FVG,2453,911,1542,2201,252,ITH,ITH4,6,Friuli-Venezia Giulia
2021-05-15,MOL,2979,1398,1581,2595,384,ITF,ITF2,14,Molise
2021-02-06,LOM,15235,5532,9703,1014,14221,ITC,ITC4,3,Lombardia
2021-02-20,SIC,7139,3692,3447,6897,242,ITG,ITG1,19,Sicilia
2021-04-06,LAZ,23878,10653,13225,16775,7103,ITI,ITI4,12,Lazio
2021-05-20,ABR,12553,5785,6768,7335,5218,ITF,ITF1,13,Abruzzo
2021-05-10,PAB,3018,1300,1718,1413,1605,ITH,ITH1,4,Provincia Autonoma Bolzano / Bozen
2021-05-09,PIE,27055,12900,14155,13447,13608,ITC,ITC1,1,Piemonte
2021-06-04,SAR,13941,6590,7351,9765,4176,ITG,ITG2,20,Sardegna
2021-01-18,LIG,2137,745,1392,1980,157,ITC,ITC3,7,Liguria
2021-01-27,PAT,803,277,526,92,711,ITH,ITH2,4,Provincia Autonoma Trento
2021-02-03,SIC,5916,2776,3140,721,5195,ITG,ITG1,19,Sicilia
2021-03-16,TOS,4904,1884,3020,2653,2251,ITI,ITI1,9,Toscana
2020-12-27,LAZ,274,132,142,274,0,ITI,ITI4,12,Lazio
2021-02-13,PAT,537,333,204,172,365,ITH,ITH2,4,Provincia Autonoma Trento
2021-02-27,TOS,1984,756,1228,1082,902,ITI,ITI1,9,Toscana
2021-03-11,VEN,19707,8779,10928,14138,5569,ITH,ITH3,5,Veneto
2021-03-13,SAR,2755,1076,1679,2474,281,ITG,ITG2,20,Sardegna
2021-05-26,PIE,32335,14806,17529,15618,16717,ITC,ITC1,1,Piemonte
2021-01-20,CAM,1257,650,607,1257,0,ITF,ITF3,15,Campania
2021-04-27,SIC,26211,12631,13580,15517,10694,ITG,ITG1,19,Sicilia
2021-02-15,PIE,4432,1597,2835,3227,1205,ITC,ITC1,1,Piemonte
2021-05-22,MAR,11933,5718,6215,7485,4448,ITI,ITI3,11,Marche
2021-03-04,PIE,14497,5734,8763,11549,2948,ITC,ITC1,1,Piemonte
2021-03-08,CAL,5416,2902,2514,4350,1066,ITF,ITF6,18,Calabria
2021-03-30,SAR,8644,3463,5181,6368,2276,ITG,ITG2,20,Sardegna
2021-04-27,UMB,5665,2403,3262,3088,2577,ITI,ITI2,10,Umbria
2021-02-26,BAS,2149,904,1245,2069,80,ITF,ITF5,17,Basilicata
2021-02-03,UMB,725,174,551,67,658,ITI,ITI2,10,Umbria
2021-03-10,VDA,438,183,255,225,213,ITC,ITC2,2,Valle d'Aosta / Vallée d'Aoste
2021-03-20,LAZ,18225,6811,11414,12341,5884,ITI,ITI4,12,Lazio
2021-05-07,PAT,5986,3079,2907,5147,839,ITH,ITH2,4,Provincia Autonoma Trento
2021-05-14,SIC,52032,24376,27656,36317,15715,ITG,ITG1,19,Sicilia
2021-02-16,PAB,530,205,325,530,0,ITH,ITH1,4,Provincia Autonoma Bolzano / Bozen
2021-02-23,PUG,9349,4421,4928,8874,475,ITF,ITF4,16,Puglia
2021-04-20,PAT,2876,1375,1501,2839,37,ITH,ITH2,4,Provincia Autonoma Trento
2021-05-02,LOM,83495,38330,45165,61035,22460,ITC,ITC4,3,Lombardia
2021-01-06,SAR,1615,549,1066,1615,0,ITG,ITG2,20,Sardegna
2021-02-11,MAR,1987,657,1330,1598,389,ITI,ITI3,11,Marche
2021-03-25,CAL,7392,3466,3926,4546,2846,ITF,ITF6,18,Calabria
2021-01-28,PAB,871,308,563,10,861,ITH,ITH1,4,Provincia Autonoma Bolzano / Bozen
2021-02-02,MOL,539,176,363,216,323,ITF,ITF2,14,Molise
2021-02-21,VDA,18,3,15,0,18,ITC,ITC2,2,Valle d'Aosta / Vallée d'Aoste
2021-03-28,TOS,6212,2808,3404,5958,254,ITI,ITI1,9,Toscana
2021-05-29,PAT,2220,1157,1063,817,1403,ITH,ITH2,4,Provincia Autonoma Trento
2021-02-11,FVG,1930,664,1266,1738,192,ITH,ITH4,6,Friuli-Venezia Giulia
2021-03-02,LAZ,16988,7430,9558,13054,3934,ITI,ITI4,12,Lazio
2021-03-12,MAR,4640,1972,2668,3402,1238,ITI,ITI3,11,Marche
2021-01-30,TOS,4622,1622,3000,198,4424,ITI,ITI1,9,Toscana
2021-04-02,PAT,2801,1146,1655,2126,675,ITH,ITH2,4,Provincia Autonoma Trento
2021-01-14,MAR,2010,692,1318,2010,0,ITI,ITI3,11,Marche
2021-04-09,FVG,7763,3528,4235,6519,1244,ITH,ITH4,6,Friuli-Venezia Giulia
2021-05-23,BAS,4515,2300,2215,1533,2982,ITF,ITF5,17,Basilicata
2021-04-16,PAT,2837,1344,1493,2692,145,ITH,ITH2,4,Provincia Autonoma Trento
2021-05-10,TOS,26140,12352,13788,15522,10618,ITI,ITI1,9,Toscana
2021-01-18,LAZ,6268,2557,3711,5290,978,ITI,ITI4,12,Lazio
2021-04-25,UMB,4364,1685,2679,4282,82,ITI,ITI2,10,Umbria
2021-01-15,VDA,218,82,136,218,0,ITC,ITC2,2,Valle d'Aosta / Vallée d'Aoste
2021-02-18,PAT,1206,426,780,1144,62,ITH,ITH2,4,Provincia Autonoma Trento
2021-03-14,TOS,7165,2560,4605,3230,3935,ITI,ITI1,9,Toscana
2021-03-31,PUG,14051,6358,7693,8495,5556,ITF,ITF4,16,Puglia
2021-04-28,LAZ,32865,15003,17862,21316,11549,ITI,ITI4,12,Lazio
2021-03-07,VEN,4475,1756,2719,3914,561,ITH,ITH3,5,Veneto
2021-04-29,PAB,2630,1351,1279,1936,694,ITH,ITH1,4,Provincia Autonoma Bolzano / Bozen
2021-05-19,CAL,18348,9085,9263,11359,6989,ITF,ITF6,18,Calabria
2021-01-14,LIG,2980,1055,1925,2980,0,ITC,ITC3,7,Liguria
2021-02-02,PUG,4345,1847,2498,593,3752,ITF,ITF4,16,Puglia
2021-05-12,CAM,40829,19923,20906,31689,9140,ITF,ITF3,15,Campania
2021-01-19,PAB,853,371,482,723,130,ITH,ITH1,4,Provincia Autonoma Bolzano / Bozen
2021-03-03,MOL,672,316,356,590,82,ITF,ITF2,14,Molise
2021-03-23,CAL,5253,2460,2793,3444,1809,ITF,ITF6,18,Calabria
2021-05-03,VEN,40611,19770,20841,34180,6431,ITH,ITH3,5,Veneto
2021-05-13,PUG,38384,17075,21309,21338,17046,ITF,ITF4,16,Puglia
2021-01-05,MOL,449,180,269,449,0,ITF,ITF2,14,Molise
2020-12-30,FVG,626,244,382,626,0,ITH,ITH4,6,Friuli-Venezia Giulia
2021-03-17,PUG,10344,4701,5643,4171,6173,ITF,ITF4,16,Puglia
2021-03-27,BAS,2233,853,1380,1816,417,ITF,ITF5,17,Basilicata
2021-04-21,SAR,12074,5557,6517,6541,5533,ITG,ITG2,20,Sardegna
2021-04-24,MAR,12022,5303,6719,7558,4464,ITI,ITI3,11,Marche
2021-06-05,FVG,10110,5231,4879,8598,1512,ITH,ITH4,6,Friuli-Venezia Giulia
2021-01-11,SAR,1183,505,678,1183,0,ITG,ITG2,20,Sardegna
2021-02-25,FVG,3160,1651,1509,3135,25,ITH,ITH4,6,Friuli-Venezia Giulia
2021-02-26,MAR,3630,1499,2131,3154,476,ITI,ITI3,11,Marche
2021-03-12,LIG,6150,2813,3337,3681,2469,ITC,ITC3,7,Liguria
2021-03-27,LAZ,26020,10402,15618,19549,6471,ITI,ITI4,12,Lazio
2021-02-09,PAB,317,126,191,1,316,ITH,ITH1,4,Provincia Autonoma Bolzano / Bozen
2021-03-31,VDA,555,302,253,529,26,ITC,ITC2,2,Valle d'Aosta / Vallée d'Aoste
2021-04-17,ABR,7346,3398,3948,4293,3053,ITF,ITF1,13,Abruzzo
2021-05-19,LIG,13534,5948,7586,10415,3119,ITC,ITC3,7,Liguria
2021-01-25,SAR,588,212,376,22,566,ITG,ITG2,20,Sardegna
2021-02-19,ABR,3300,1551,1749,3200,100,ITF,ITF1,13,Abruzzo
2021-03-23,LIG,9053,4090,4963,5844,3209,ITC,ITC3,7,Liguria
2021-05-23,LAZ,47026,22786,24240,39685,7341,ITI,ITI4,12,Lazio
2021-05-27,VDA,1089,497,592,586,503,ITC,ITC2,2,Valle d'Aosta / Vallée d'Aoste
2021-05-13,VDA,1139,556,583,540,599,ITC,ITC2,2,Valle d'Aosta / Vallée d'Aoste
2021-05-12,MAR,10422,4685,5737,4922,5500,ITI,ITI3,11,Marche
2021-05-28,VEN,45912,22457,23455,24749,21163,ITH,ITH3,5,Veneto
2021-01-07,BAS,640,319,321,640,0,ITF,ITF5,17,Basilicata
2021-01-06,PAT,42,13,29,42,0,ITH,ITH2,4,Provincia Autonoma Trento
2021-01-18,LOM,9144,2968,6176,8169,975,ITC,ITC4,3,Lombardia
2021-02-02,VDA,272,70,202,2,270,ITC,ITC2,2,Valle d'Aosta / Vallée d'Aoste
2021-05-09,LAZ,37527,17250,20277,26260,11267,ITI,ITI4,12,Lazio
2021-05-16,SAR,8186,3818,4368,6026,2160,ITG,ITG2,20,Sardegna
2021-01-13,PIE,10080,3223,6857,10080,0,ITC,ITC1,1,Piemonte
2021-05-10,MOL,2889,1285,1604,2516,373,ITF,ITF2,14,Molise
2021-03-23,LOM,42496,15401,27095,29638,12858,ITC,ITC4,3,Lombardia
2021-05-03,MOL,2484,1164,1320,2321,163,ITF,ITF2,14,Molise
2021-05-16,SIC,33131,16133,16998,21807,11324,ITG,ITG1,19,Sicilia
2021-02-15,CAL,1140,539,601,991,149,ITF,ITF6,18,Calabria
2021-03-06,UMB,4267,1110,3157,4124,143,ITI,ITI2,10,Umbria
2021-03-25,EMR,21396,9351,12045,14408,6988,ITH,ITH5,8,Emilia-Romagna
2021-02-19,BAS,1623,738,885,1561,62,ITF,ITF5,17,Basilicata
2021-05-21,EMR,39113,17495,21618,22194,16919,ITH,ITH5,8,Emilia-Romagna
2021-01-22,UMB,276,105,171,32,244,ITI,ITI2,10,Umbria
2021-05-02,SIC,24622,11433,13189,18022,6600,ITG,ITG1,19,Sicilia
2021-02-10,EMR,4020,1383,2637,2765,1255,ITH,ITH5,8,Emilia-Romagna
2021-01-07,ABR,1603,552,1051,1603,0,ITF,ITF1,13,Abruzzo
2021-05-02,UMB,3787,1868,1919,1333,2454,ITI,ITI2,10,Umbria
2021-04-08,EMR,31115,14287,16828,25814,5301,ITH,ITH5,8,Emilia-Romagna
2021-03-20,SIC,18554,8949,9605,13418,5136,ITG,ITG1,19,Sicilia
2021-02-08,CAM,5113,2449,2664,4310,803,ITF,ITF3,15,Campania
2021-03-20,UMB,2298,833,1465,2273,25,ITI,ITI2,10,Umbria
2021-02-06,TOS,4527,1550,2977,1294,3233,ITI,ITI1,9,Toscana
2021-02-02,PAB,1745,506,1239,8,1737,ITH,ITH1,4,Provincia Autonoma Bolzano / Bozen
2021-05-16,LAZ,50898,24508,26390,37423,13475,ITI,ITI4,12,Lazio
2021-02-01,LIG,2557,922,1635,90,2467,ITC,ITC3,7,Liguria
2021-05-20,VDA,807,363,444,367,440,ITC,ITC2,2,Valle d'Aosta / Vallée d'Aoste
2021-04-27,FVG,8079,3704,4375,3622,4457,ITH,ITH4,6,Friuli-Venezia Giulia
2021-05-12,LIG,11900,5334,6566,6560,5340,ITC,ITC3,7,Liguria
2021-01-06,PIE,3116,1111,2005,3116,0,ITC,ITC1,1,Piemonte
2021-05-26,LIG,16183,8021,8162,12000,4183,ITC,ITC3,7,Liguria
2021-03-24,VDA,515,230,285,258,257,ITC,ITC2,2,Valle d'Aosta / Vallée d'Aoste
2021-03-30,LIG,12142,5378,6764,8753,3389,ITC,ITC3,7,Liguria
2021-05-17,MOL,2228,1092,1136,1732,496,ITF,ITF2,14,Molise
2021-03-21,MOL,1246,542,704,479,767,ITF,ITF2,14,Molise
2021-05-21,VEN,44598,21929,22669,20887,23711,ITH,ITH3,5,Veneto
2021-01-25,LOM,7011,2367,4644,473,6538,ITC,ITC4,3,Lombardia
2021-05-06,VDA,1063,509,554,679,384,ITC,ITC2,2,Valle d'Aosta / Vallée d'Aoste
2021-05-31,PUG,36391,17048,19343,23072,13319,ITF,ITF4,16,Puglia
2021-02-01,LOM,16053,5315,10738,303,15750,ITC,ITC4,3,Lombardia
2021-04-04,CAM,7962,4014,3948,6918,1044,ITF,ITF3,15,Campania
2021-01-02,MAR,454,139,315,454,0,ITI,ITI3,11,Marche
2021-02-13,CAL,1396,603,793,1031,365,ITF,ITF6,18,Calabria
2021-05-11,BAS,2654,1353,1301,1621,1033,ITF,ITF5,17,Basilicata
2021-05-29,TOS,31530,15243,16287,23387,8143,ITI,ITI1,9,Toscana
2021-02-17,ABR,2071,948,1123,1789,282,ITF,ITF1,13,Abruzzo
2021-03-04,SAR,4002,1953,2049,2747,1255,ITG,ITG2,20,Sardegna
2021-04-02,VEN,23985,10554,13431,17655,6330,ITH,ITH3,5,Veneto
2021-04-16,SIC,28559,14335,14224,20294,8265,ITG,ITG1,19,Sicilia
2021-05-17,PIE,30617,14373,16244,17674,12943,ITC,ITC1,1,Piemonte
2021-02-06,PIE,7995,2666,5329,400,7595,ITC,ITC1,1,Piemonte
2021-01-23,SIC,4334,2240,2094,215,4119,ITG,ITG1,19,Sicilia
2021-02-23,PIE,9234,3713,5521,8653,581,ITC,ITC1,1,Piemonte
2021-03-04,CAM,14658,5352,9306,8765,5893,ITF,ITF3,15,Campania
2021-03-12,PAB,1664,734,930,1251,413,ITH,ITH1,4,Provincia Autonoma Bolzano / Bozen
2021-03-21,SAR,4030,1809,2221,2590,1440,ITG,ITG2,20,Sardegna
2021-01-06,SIC,6228,3279,2949,6228,0,ITG,ITG1,19,Sicilia
2021-03-29,PAB,1171,499,672,412,759,ITH,ITH1,4,Provincia Autonoma Bolzano / Bozen
2021-05-31,PIE,28867,13882,14985,20479,8388,ITC,ITC1,1,Piemonte
2021-01-18,PAT,643,154,489,588,55,ITH,ITH2,4,Provincia Autonoma Trento
2021-03-09,PIE,13967,5428,8539,11624,2343,ITC,ITC1,1,Piemonte
2021-03-21,LOM,23506,8492,15014,18313,5193,ITC,ITC4,3,Lombardia
2021-05-11,ABR,10739,5098,5641,5908,4831,ITF,ITF1,13,Abruzzo
2021-04-02,SIC,13841,6520,7321,9108,4733,ITG,ITG1,19,Sicilia
2021-02-10,SIC,4355,1777,2578,3973,382,ITG,ITG1,19,Sicilia
2021-03-23,TOS,9094,4102,4992,6820,2274,ITI,ITI1,9,Toscana
2021-03-07,MAR,5179,2106,3073,4425,754,ITI,ITI3,11,Marche
2021-03-13,EMR,16080,6308,9772,10767,5313,ITH,ITH5,8,Emilia-Romagna
2021-05-21,SIC,45685,21501,24184,24376,21309,ITG,ITG1,19,Sicilia
2021-03-02,MOL,667,383,284,509,158,ITF,ITF2,14,Molise
2021-02-13,LOM,6417,2441,3976,4941,1476,ITC,ITC4,3,Lombardia
2021-04-20,UMB,5439,2356,3083,3492,1947,ITI,ITI2,10,Umbria
2021-01-08,CAL,2136,1024,1112,2136,0,ITF,ITF6,18,Calabria
2021-04-05,BAS,723,233,490,421,302,ITF,ITF5,17,Basilicata
2021-01-27,UMB,840,330,510,13,827,ITI,ITI2,10,Umbria
2021-03-27,EMR,21624,9054,12570,14716,6908,ITH,ITH5,8,Emilia-Romagna
2021-05-07,CAM,59720,29183,30537,43776,15944,ITF,ITF3,15,Campania
2021-03-18,CAL,4399,2053,2346,2343,2056,ITF,ITF6,18,Calabria
2020-12-30,TOS,327,104,223,327,0,ITI,ITI1,9,Toscana
2021-01-10,UMB,1070,277,793,1070,0,ITI,ITI2,10,Umbria
2021-01-27,CAM,7738,3820,3918,162,7576,ITF,ITF3,15,Campania
2021-04-13,EMR,23649,11091,12558,19347,4302,ITH,ITH5,8,Emilia-Romagna
2021-06-04,FVG,11283,5750,5533,10117,1166,ITH,ITH4,6,Friuli-Venezia Giulia
2021-05-21,UMB,8927,3639,5288,4123,4804,ITI,ITI2,10,Umbria
2021-01-03,EMR,2762,943,1819,2762,0,ITH,ITH5,8,Emilia-Romagna
2021-03-22,BAS,1176,531,645,629,547,ITF,ITF5,17,Basilicata
2021-05-04,UMB,5531,2543,2988,2410,3121,ITI,ITI2,10,Umbria
2021-04-01,LAZ,28407,13045,15362,21267,7140,ITI,ITI4,12,Lazio
2021-01-13,SAR,573,178,395,573,0,ITG,ITG2,20,Sardegna
2021-04-01,UMB,4374,1836,2538,2366,2008,ITI,ITI2,10,Umbria
2021-05-24,LIG,11659,5423,6236,9175,2484,ITC,ITC3,7,Liguria
2021-01-21,PAB,953,442,511,139,814,ITH,ITH1,4,Provincia Autonoma Bolzano / Bozen
2021-05-25,VDA,1115,530,585,541,574,ITC,ITC2,2,Valle d'Aosta / Vallée d'Aoste
2021-03-13,FVG,2935,1120,1815,1664,1271,ITH,ITH4,6,Friuli-Venezia Giulia
2021-01-25,VEN,6468,2075,4393,159,6309,ITH,ITH3,5,Veneto
2021-02-14,VDA,48,16,32,1,47,ITC,ITC2,2,Valle d'Aosta / Vallée d'Aoste
2021-04-05,ABR,2693,1147,1546,1813,880,ITF,ITF1,13,Abruzzo
2021-05-07,LIG,13565,6019,7546,5780,7785,ITC,ITC3,7,Liguria
2021-01-01,PIE,1038,395,643,1038,0,ITC,ITC1,1,Piemonte
2021-05-08,VDA,904,540,364,526,378,ITC,ITC2,2,Valle d'Aosta / Vallée d'Aoste
2021-01-13,LOM,26358,8053,18305,26358,0,ITC,ITC4,3,Lombardia
2021-02-13,LIG,1080,508,572,800,280,ITC,ITC3,7,Liguria
2021-03-03,BAS,1745,815,930,1186,559,ITF,ITF5,17,Basilicata
2021-04-02,MOL,1453,708,745,676,777,ITF,ITF2,14,Molise
2021-05-02,PAT,3512,1955,1557,3475,37,ITH,ITH2,4,Provincia Autonoma Trento
2021-06-07,LIG,15330,7398,7932,8468,6862,ITC,ITC3,7,Liguria
2021-01-16,MAR,2034,732,1302,2034,0,ITI,ITI3,11,Marche
2021-02-27,CAL,3990,2054,1936,3611,379,ITF,ITF6,18,Calabria
2021-05-25,BAS,4191,2107,2084,873,3318,ITF,ITF5,17,Basilicata
2021-04-01,SIC,14216,6582,7634,9552,4664,ITG,ITG1,19,Sicilia
2021-05-02,EMR,25573,11648,13925,13584,11989,ITH,ITH5,8,Emilia-Romagna
2021-05-12,TOS,34128,15548,18580,14160,19968,ITI,ITI1,9,Toscana
2021-05-08,MOL,2973,1454,1519,1729,1244,ITF,ITF2,14,Molise
2021-01-22,EMR,1829,477,1352,1088,741,ITH,ITH5,8,Emilia-Romagna
2021-03-01,UMB,1503,774,729,1389,114,ITI,ITI2,10,Umbria
2021-01-18,TOS,1119,636,483,1021,98,ITI,ITI1,9,Toscana
2021-04-20,VEN,22410,9487,12923,8412,13998,ITH,ITH3,5,Veneto
2021-04-21,MOL,1863,789,1074,968,895,ITF,ITF2,14,Molise
2021-02-08,EMR,5227,1532,3695,2315,2912,ITH,ITH5,8,Emilia-Romagna
2021-02-14,BAS,151,48,103,151,0,ITF,ITF5,17,Basilicata
2021-06-09,UMB,3258,1649,1609,2855,403,ITI,ITI2,10,Umbria
2021-05-16,EMR,25842,12167,13675,18730,7112,ITH,ITH5,8,Emilia-Romagna
2021-01-27,CAL,1457,733,724,396,1061,ITF,ITF6,18,Calabria
2021-01-28,PUG,5473,2277,3196,471,5002,ITF,ITF4,16,Puglia
2021-01-12,ABR,1804,666,1138,1804,0,ITF,ITF1,13,Abruzzo
2021-03-18,CAM,12172,5378,6794,5984,6188,ITF,ITF3,15,Campania
2021-04-15,LAZ,31906,14299,17607,21101,10805,ITI,ITI4,12,Lazio
2021-01-31,BAS,77,24,53,0,77,ITF,ITF5,17,Basilicata
2021-02-22,EMR,7482,3091,4391,7210,272,ITH,ITH5,8,Emilia-Romagna
2021-03-15,UMB,4596,1930,2666,2828,1768,ITI,ITI2,10,Umbria
2021-02-01,TOS,5509,1958,3551,521,4988,ITI,ITI1,9,Toscana
2021-05-25,ABR,11248,5204,6044,8115,3133,ITF,ITF1,13,Abruzzo
2021-02-10,LAZ,8187,3398,4789,4849,3338,ITI,ITI4,12,Lazio
2021-02-10,UMB,715,349,366,700,15,ITI,ITI2,10,Umbria
2021-03-13,PAT,830,380,450,782,48,ITH,ITH2,4,Provincia Autonoma Trento
2021-05-09,VEN,34965,16072,18893,24904,10061,ITH,ITH3,5,Veneto
2021-05-21,LAZ,50281,23637,26644,37406,12875,ITI,ITI4,12,Lazio
2021-03-18,VEN,12610,5136,7474,7384,5226,ITH,ITH3,5,Veneto
2021-05-05,LIG,13707,6130,7577,5286,8421,ITC,ITC3,7,Liguria
2021-03-06,SAR,2639,1079,1560,858,1781,ITG,ITG2,20,Sardegna
2021-02-27,SIC,12239,5502,6737,11035,1204,ITG,ITG1,19,Sicilia
2021-03-11,FVG,3357,1414,1943,1606,1751,ITH,ITH4,6,Friuli-Venezia Giulia
2021-05-27,ABR,12923,5875,7048,8242,4681,ITF,ITF1,13,Abruzzo
2021-05-03,PAB,1830,847,983,417,1413,ITH,ITH1,4,Provincia Autonoma Bolzano / Bozen
2021-03-05,BAS,1855,857,998,1109,746,ITF,ITF5,17,Basilicata
2021-06-02,PIE,26521,12996,13525,22056,4465,ITC,ITC1,1,Piemonte
2021-02-23,PAB,769,324,445,763,6,ITH,ITH1,4,Provincia Autonoma Bolzano / Bozen
2021-02-04,MAR,2341,809,1532,112,2229,ITI,ITI3,11,Marche
2021-02-22,PIE,8483,3472,5011,7893,590,ITC,ITC1,1,Piemonte
2021-04-13,PAT,2553,1058,1495,2046,507,ITH,ITH2,4,Provincia Autonoma Trento
2021-01-20,PAT,291,73,218,279,12,ITH,ITH2,4,Provincia Autonoma Trento
2021-05-17,PAB,3124,1506,1618,2440,684,ITH,ITH1,4,Provincia Autonoma Bolzano / Bozen
2021-03-02,PUG,16364,6080,10284,15064,1300,ITF,ITF4,16,Puglia
2021-04-06,SAR,7446,3113,4333,5018,2428,ITG,ITG2,20,Sardegna
2021-04-25,LOM,51484,23609,27875,46748,4736,ITC,ITC4,3,Lombardia
2021-03-13,LAZ,21473,8441,13032,15579,5894,ITI,ITI4,12,Lazio
2021-03-17,VDA,433,185,248,273,160,ITC,ITC2,2,Valle d'Aosta / Vallée d'Aoste
2021-04-30,PAT,4914,2399,2515,4768,146,ITH,ITH2,4,Provincia Autonoma Trento
2020-12-27,SAR,65,34,31,65,0,ITG,ITG2,20,Sardegna
2021-03-11,PIE,13772,5074,8698,10675,3097,ITC,ITC1,1,Piemonte
2021-06-03,PAB,4699,2544,2155,3774,925,ITH,ITH1,4,Provincia Autonoma Bolzano / Bozen
2021-03-03,VDA,255,118,137,187,68,ITC,ITC2,2,Valle d'Aosta / Vallée d'Aoste
2021-04-06,CAM,24372,11420,12952,19848,4524,ITF,ITF3,15,Campania
2021-05-19,PAT,5091,2452,2639,3840,1251,ITH,ITH2,4,Provincia Autonoma Trento
2021-04-04,PUG,5948,2953,2995,5943,5,ITF,ITF4,16,Puglia
2020-12-27,CAM,720,422,298,720,0,ITF,ITF3,15,Campania
2021-03-19,ABR,5794,2584,3210,2774,3020,ITF,ITF1,13,Abruzzo
2021-05-23,CAL,11366,5547,5819,7034,4332,ITF,ITF6,18,Calabria
2021-02-08,SIC,3882,1678,2204,2129,1753,ITG,ITG1,19,Sicilia
2021-01-18,MAR,677,233,444,547,130,ITI,ITI3,11,Marche
2021-03-01,CAL,2724,1546,1178,2269,455,ITF,ITF6,18,Calabria
2021-03-25,PIE,17062,7203,9859,8423,8639,ITC,ITC1,1,Piemonte
2021-05-27,BAS,3598,1852,1746,1071,2527,ITF,ITF5,17,Basilicata
2021-01-08,UMB,1190,345,845,1190,0,ITI,ITI2,10,Umbria
2021-01-09,MOL,450,152,298,450,0,ITF,ITF2,14,Molise
2021-04-20,CAM,32036,15498,16538,20727,11309,ITF,ITF3,15,Campania
2021-03-21,PUG,2692,1226,1466,588,2104,ITF,ITF4,16,Puglia
2021-04-06,LOM,43019,17552,25467,25085,17934,ITC,ITC4,3,Lombardia
2021-04-28,MAR,10734,4890,5844,6003,4731,ITI,ITI3,11,Marche
2021-06-09,CAL,5029,2279,2750,4091,938,ITF,ITF6,18,Calabria
2021-03-05,ABR,5346,1958,3388,4649,697,ITF,ITF1,13,Abruzzo
2021-04-19,MOL,1827,842,985,1049,778,ITF,ITF2,14,Molise
2021-02-20,TOS,4640,1789,2851,4127,513,ITI,ITI1,9,Toscana
2021-04-13,FVG,7362,3289,4073,5758,1604,ITH,ITH4,6,Friuli-Venezia Giulia
2021-01-03,FVG,312,122,190,312,0,ITH,ITH4,6,Friuli-Venezia Giulia
2021-05-31,TOS,30054,14407,15647,19374,10680,ITI,ITI1,9,Toscana
2021-03-20,CAM,13880,6428,7452,10141,3739,ITF,ITF3,15,Campania
2021-06-04,EMR,44778,22537,22241,36787,7991,ITH,ITH5,8,Emilia-Romagna
2021-01-22,SIC,1249,630,619,243,1006,ITG,ITG1,19,Sicilia
2021-05-14,TOS,33266,15385,17881,20636,12630,ITI,ITI1,9,Toscana
2021-05-07,VEN,48255,23133,25122,39604,8651,ITH,ITH3,5,Veneto
2021-03-16,LIG,6073,2722,3351,2349,3724,ITC,ITC3,7,Liguria
2021-05-23,UMB,5068,1855,3213,652,4416,ITI,ITI2,10,Umbria
2021-01-27,VEN,7138,2062,5076,241,6897,ITH,ITH3,5,Veneto
2021-02-08,LAZ,9740,4153,5587,4508,5232,ITI,ITI4,12,Lazio
2021-04-25,SAR,4497,2269,2228,3718,779,ITG,ITG2,20,Sardegna
2021-01-08,SIC,8102,3775,4327,8102,0,ITG,ITG1,19,Sicilia
2021-01-20,FVG,748,320,428,13,735,ITH,ITH4,6,Friuli-Venezia Giulia
2021-04-07,ABR,7159,3293,3866,4402,2757,ITF,ITF1,13,Abruzzo
2021-01-15,SAR,1563,573,990,1563,0,ITG,ITG2,20,Sardegna
2021-04-18,SIC,19705,9849,9856,15345,4360,ITG,ITG1,19,Sicilia
2021-03-14,PAB,758,336,422,25,733,ITH,ITH1,4,Provincia Autonoma Bolzano / Bozen
2021-02-01,SAR,1524,605,919,225,1299,ITG,ITG2,20,Sardegna
2021-04-14,PAB,3593,1645,1948,3502,91,ITH,ITH1,4,Provincia Autonoma Bolzano / Bozen
2021-01-26,VDA,139,48,91,0,139,ITC,ITC2,2,Valle d'Aosta / Vallée d'Aoste
2021-04-24,BAS,4544,2197,2347,3532,1012,ITF,ITF5,17,Basilicata
2021-05-02,LAZ,32630,14336,18294,23269,9361,ITI,ITI4,12,Lazio
2021-05-09,SAR,6129,2874,3255,5203,926,ITG,ITG2,20,Sardegna
2021-01-04,PAB,508,201,307,508,0,ITH,ITH1,4,Provincia Autonoma Bolzano / Bozen
2021-01-11,PUG,3753,1588,2165,3753,0,ITF,ITF4,16,Puglia
2021-02-12,VDA,263,96,167,217,46,ITC,ITC2,2,Valle d'Aosta / Vallée d'Aoste
2021-06-02,PAT,2837,1358,1479,937,1900,ITH,ITH2,4,Provincia Autonoma Trento
2021-03-26,MAR,6331,2606,3725,3523,2808,ITI,ITI3,11,Marche
2021-04-13,PIE,25929,11608,14321,22469,3460,ITC,ITC1,1,Piemonte
2021-04-21,PUG,23073,10646,12427,19341,3732,ITF,ITF4,16,Puglia
2021-05-26,SAR,14352,7126,7226,9832,4520,ITG,ITG2,20,Sardegna
2021-02-13,VEN,3266,1473,1793,3246,20,ITH,ITH3,5,Veneto
2021-01-20,PIE,6616,2089,4527,5899,717,ITC,ITC1,1,Piemonte
2021-02-15,SAR,958,349,609,927,31,ITG,ITG2,20,Sardegna
2021-01-22,LAZ,4004,1635,2369,489,3515,ITI,ITI4,12,Lazio
2021-03-11,PAT,2297,851,1446,1474,823,ITH,ITH2,4,Provincia Autonoma Trento
2021-01-20,EMR,1325,270,1055,1324,1,ITH,ITH5,8,Emilia-Romagna
2021-05-24,PUG,34999,16207,18792,24415,10584,ITF,ITF4,16,Puglia
2021-02-15,CAM,5470,2516,2954,5297,173,ITF,ITF3,15,Campania
2021-01-12,VDA,302,72,230,302,0,ITC,ITC2,2,Valle d'Aosta / Vallée d'Aoste
2021-02-16,PUG,3380,1453,1927,2736,644,ITF,ITF4,16,Puglia
2021-05-08,ABR,10301,4876,5425,6467,3834,ITF,ITF1,13,Abruzzo
2021-01-10,CAL,930,524,406,930,0,ITF,ITF6,18,Calabria
2021-01-30,PUG,5527,2514,3013,410,5117,ITF,ITF4,16,Puglia
2021-02-03,PIE,10199,3303,6896,611,9588,ITC,ITC1,1,Piemonte
2021-02-27,LAZ,11426,4268,7158,10471,955,ITI,ITI4,12,Lazio
2021-05-26,LOM,93190,44394,48796,43546,49644,ITC,ITC4,3,Lombardia
2021-06-09,CAM,17275,8453,8822,12861,4414,ITF,ITF3,15,Campania
2021-02-15,LOM,8939,3129,5810,8522,417,ITC,ITC4,3,Lombardia
2021-04-01,PIE,19331,8073,11258,11211,8120,ITC,ITC1,1,Piemonte
2021-06-04,UMB,8867,4383,4484,7691,1176,ITI,ITI2,10,Umbria
2021-06-05,MOL,2827,1434,1393,2686,141,ITF,ITF2,14,Molise
2021-04-23,TOS,25676,11429,14247,9360,16316,ITI,ITI1,9,Toscana
2021-03-14,PUG,3320,1429,1891,2509,811,ITF,ITF4,16,Puglia
2021-05-28,PIE,34681,16338,18343,18950,15731,ITC,ITC1,1,Piemonte
2021-01-06,VEN,8132,2385,5747,8132,0,ITH,ITH3,5,Veneto
2021-01-22,CAL,658,274,384,656,2,ITF,ITF6,18,Calabria
2021-01-16,PUG,2507,1033,1474,2507,0,ITF,ITF4,16,Puglia
2021-06-09,LOM,34675,17272,17403,29555,5120,ITC,ITC4,3,Lombardia
2021-05-02,CAL,12502,5834,6668,10662,1840,ITF,ITF6,18,Calabria
2021-01-08,EMR,10866,3581,7285,10866,0,ITH,ITH5,8,Emilia-Romagna
2021-01-25,PIE,6215,1938,4277,983,5232,ITC,ITC1,1,Piemonte
2021-02-20,SAR,2041,855,1186,1707,334,ITG,ITG2,20,Sardegna
2021-01-02,PAB,91,48,43,91,0,ITH,ITH1,4,Provincia Autonoma Bolzano / Bozen
2021-03-06,EMR,20874,5929,14945,18144,2730,ITH,ITH5,8,Emilia-Romagna
2021-01-06,MAR,2186,796,1390,2186,0,ITI,ITI3,11,Marche
2021-03-06,LIG,3304,1842,1462,2599,705,ITC,ITC3,7,Liguria
2021-03-08,LOM,29713,11169,18544,22644,7069,ITC,ITC4,3,Lombardia
2021-03-29,CAL,5613,2370,3243,3857,1756,ITF,ITF6,18,Calabria
2021-01-31,CAL,1110,555,555,154,956,ITF,ITF6,18,Calabria
2021-05-04,LOM,86785,41063,45722,72404,14381,ITC,ITC4,3,Lombardia
2021-05-06,LAZ,48630,22616,26014,31105,17525,ITI,ITI4,12,Lazio
2021-01-22,LIG,1820,605,1215,1334,486,ITC,ITC3,7,Liguria
2021-01-24,LOM,1199,457,742,536,663,ITC,ITC4,3,Lombardia
2021-02-19,FVG,3252,1290,1962,2825,427,ITH,ITH4,6,Friuli-Venezia Giulia
2021-03-04,MAR,6487,2869,3618,5094,1393,ITI,ITI3,11,Marche
2021-05-02,LIG,3878,1767,2111,506,3372,ITC,ITC3,7,Liguria
2021-03-13,MAR,5766,2656,3110,1809,3957,ITI,ITI3,11,Marche
2021-01-16,VDA,236,80,156,236,0,ITC,ITC2,2,Valle d'Aosta / Vallée d'Aoste
2021-04-29,SAR,11114,5109,6005,6761,4353,ITG,ITG2,20,Sardegna
2021-03-08,CAM,14542,6717,7825,9766,4776,ITF,ITF3,15,Campania
2021-02-11,ABR,816,262,554,773,43,ITF,ITF1,13,Abruzzo
2021-03-14,VDA,392,200,192,392,0,ITC,ITC2,2,Valle d'Aosta / Vallée d'Aoste
2021-03-15,VEN,16595,7262,9333,11385,5210,ITH,ITH3,5,Veneto
2021-05-01,UMB,5374,2640,2734,2146,3228,ITI,ITI2,10,Umbria
2021-05-04,CAM,48468,23340,25128,39571,8897,ITF,ITF3,15,Campania
2021-06-06,PAT,2224,1059,1165,440,1784,ITH,ITH2,4,Provincia Autonoma Trento
2021-03-18,PAB,1302,531,771,226,1076,ITH,ITH1,4,Provincia Autonoma Bolzano / Bozen
2021-03-20,TOS,6490,2884,3606,5354,1136,ITI,ITI1,9,Toscana
2021-05-11,CAL,15126,7315,7811,10350,4776,ITF,ITF6,18,Calabria
2021-05-20,EMR,40058,18209,21849,18857,21201,ITH,ITH5,8,Emilia-Romagna
2021-05-30,PIE,27699,13185,14514,18375,9324,ITC,ITC1,1,Piemonte
2021-01-24,CAM,4122,2119,2003,377,3745,ITF,ITF3,15,Campania
2021-03-05,UMB,4592,1379,3213,3936,656,ITI,ITI2,10,Umbria
2021-05-09,MAR,8769,3985,4784,3638,5131,ITI,ITI3,11,Marche
2021-01-22,TOS,2866,1064,1802,528,2338,ITI,ITI1,9,Toscana
2021-02-19,PIE,5535,2175,3360,5034,501,ITC,ITC1,1,Piemonte
2021-04-26,VDA,715,327,388,545,170,ITC,ITC2,2,Valle d'Aosta / Vallée d'Aoste
2021-05-14,PAB,5112,2302,2810,3096,2016,ITH,ITH1,4,Provincia Autonoma Bolzano / Bozen
2021-05-21,PUG,37986,17776,20210,28235,9751,ITF,ITF4,16,Puglia
2021-03-04,MOL,850,417,433,526,324,ITF,ITF2,14,Molise
2021-03-16,PAB,1290,532,758,124,1166,ITH,ITH1,4,Provincia Autonoma Bolzano / Bozen
2021-05-13,CAM,55402,24812,30590,39410,15992,ITF,ITF3,15,Campania
2021-01-19,SIC,1279,531,748,1077,202,ITG,ITG1,19,Sicilia
2021-05-04,LIG,13605,6079,7526,5378,8227,ITC,ITC3,7,Liguria
2021-01-10,SAR,2183,750,1433,2183,0,ITG,ITG2,20,Sardegna
2021-02-17,PAT,1112,425,687,1021,91,ITH,ITH2,4,Provincia Autonoma Trento
2021-03-03,UMB,4438,1773,2665,3727,711,ITI,ITI2,10,Umbria
2021-05-24,ABR,12174,5784,6390,8876,3298,ITF,ITF1,13,Abruzzo
2021-02-11,BAS,951,401,550,868,83,ITF,ITF5,17,Basilicata
2021-05-12,PAB,3790,2058,1732,3637,153,ITH,ITH1,4,Provincia Autonoma Bolzano / Bozen
2021-04-29,SIC,31578,14774,16804,22248,9330,ITG,ITG1,19,Sicilia
2021-06-04,PIE,34891,18046,16845,32128,2763,ITC,ITC1,1,Piemonte
2021-02-01,PAB,1452,440,1012,12,1440,ITH,ITH1,4,Provincia Autonoma Bolzano / Bozen
2021-01-17,LAZ,4894,2028,2866,4682,212,ITI,ITI4,12,Lazio
2021-02-24,PIE,11409,4629,6780,10904,505,ITC,ITC1,1,Piemonte
2021-03-03,SIC,14359,6379,7980,11297,3062,ITG,ITG1,19,Sicilia
2021-04-24,FVG,6673,2944,3729,5431,1242,ITH,ITH4,6,Friuli-Venezia Giulia
2021-05-19,PUG,25643,12157,13486,19327,6316,ITF,ITF4,16,Puglia
2021-01-31,CAM,8067,3711,4356,23,8044,ITF,ITF3,15,Campania
2021-01-19,LAZ,4768,1954,2814,4314,454,ITI,ITI4,12,Lazio
2021-03-23,PUG,10424,5008,5416,3954,6470,ITF,ITF4,16,Puglia
2021-05-09,LIG,2825,1245,1580,1115,1710,ITC,ITC3,7,Liguria
2021-06-06,FVG,9365,4568,4797,7847,1518,ITH,ITH4,6,Friuli-Venezia Giulia
2021-05-22,BAS,5488,2723,2765,1937,3551,ITF,ITF5,17,Basilicata
2021-02-26,FVG,3736,2093,1643,3588,148,ITH,ITH4,6,Friuli-Venezia Giulia
2021-03-26,BAS,1958,703,1255,1697,261,ITF,ITF5,17,Basilicata
2021-02-17,FVG,2353,999,1354,1873,480,ITH,ITH4,6,Friuli-Venezia Giulia
2021-02-18,ABR,2288,933,1355,2158,130,ITF,ITF1,13,Abruzzo
2021-03-17,EMR,13721,5693,8028,5875,7846,ITH,ITH5,8,Emilia-Romagna
2021-05-18,VEN,26807,12475,14332,13271,13536,ITH,ITH3,5,Veneto
2021-05-30,PAT,1770,872,898,930,840,ITH,ITH2,4,Provincia Autonoma Trento
2021-01-29,LIG,3079,1064,2015,67,3012,ITC,ITC3,7,Liguria
2021-03-27,TOS,8860,4150,4710,8645,215,ITI,ITI1,9,Toscana
2021-05-13,EMR,35683,16438,19245,27916,7767,ITH,ITH5,8,Emilia-Romagna
2021-05-29,ABR,10178,4410,5768,4543,5635,ITF,ITF1,13,Abruzzo
2021-03-06,MAR,5699,2622,3077,4432,1267,ITI,ITI3,11,Marche
2021-04-03,PAT,1138,471,667,971,167,ITH,ITH2,4,Provincia Autonoma Trento
2021-06-06,UMB,7610,3903,3707,6917,693,ITI,ITI2,10,Umbria
2021-01-09,VDA,443,199,244,443,0,ITC,ITC2,2,Valle d'Aosta / Vallée d'Aoste
2021-04-29,LAZ,38597,17223,21374,25369,13228,ITI,ITI4,12,Lazio
2021-01-20,MOL,18,8,10,18,0,ITF,ITF2,14,Molise
2021-01-24,CAL,44,18,26,39,5,ITF,ITF6,18,Calabria
2021-03-03,LAZ,17395,7438,9957,13101,4294,ITI,ITI4,12,Lazio
2021-06-06,PIE,32566,16917,15649,30149,2417,ITC,ITC1,1,Piemonte
2021-03-22,VEN,18093,8135,9958,13050,5043,ITH,ITH3,5,Veneto
2021-05-22,PAB,6821,3552,3269,4654,2167,ITH,ITH1,4,Provincia Autonoma Bolzano / Bozen
2021-01-08,PIE,5532,1762,3770,5532,0,ITC,ITC1,1,Piemonte
2021-02-25,PUG,11965,5060,6905,10799,1166,ITF,ITF4,16,Puglia
2021-03-25,LAZ,26918,11512,15406,20314,6604,ITI,ITI4,12,Lazio
2021-04-01,SAR,10101,4026,6075,7088,3013,ITG,ITG2,20,Sardegna
2021-02-11,PAB,1093,431,662,239,854,ITH,ITH1,4,Provincia Autonoma Bolzano / Bozen
2021-03-22,VDA,560,205,355,333,227,ITC,ITC2,2,Valle d'Aosta / Vallée d'Aoste
2021-04-25,PAT,1970,939,1031,1963,7,ITH,ITH2,4,Provincia Autonoma Trento
2021-01-27,LAZ,6114,2387,3727,997,5117,ITI,ITI4,12,Lazio
2021-02-06,MAR,2462,902,1560,522,1940,ITI,ITI3,11,Marche
2021-03-06,PIE,13994,5211,8783,11205,2789,ITC,ITC1,1,Piemonte
2021-06-05,PUG,41070,20160,20910,29273,11797,ITF,ITF4,16,Puglia
2021-04-15,LIG,11817,5218,6599,9965,1852,ITC,ITC3,7,Liguria
2021-01-22,PIE,3867,1249,2618,2526,1341,ITC,ITC1,1,Piemonte
2021-01-05,CAL,1468,686,782,1468,0,ITF,ITF6,18,Calabria
2021-02-07,SIC,2333,985,1348,674,1659,ITG,ITG1,19,Sicilia
2021-04-10,VEN,27444,11971,15473,18964,8480,ITH,ITH3,5,Veneto
2021-02-10,LOM,14390,4503,9887,7573,6817,ITC,ITC4,3,Lombardia
2021-02-24,CAM,11785,4149,7636,11097,688,ITF,ITF3,15,Campania
2021-05-18,SIC,35940,17225,18715,23476,12464,ITG,ITG1,19,Sicilia
2021-06-06,VEN,37270,19093,18177,32596,4674,ITH,ITH3,5,Veneto
2020-12-27,TOS,620,267,353,620,0,ITI,ITI1,9,Toscana
2021-06-01,LAZ,47548,22549,24999,29894,17654,ITI,ITI4,12,Lazio
2021-04-05,LAZ,19768,8991,10777,13590,6178,ITI,ITI4,12,Lazio
2021-01-16,ABR,930,429,501,930,0,ITF,ITF1,13,Abruzzo
2021-02-12,EMR,5321,1679,3642,3918,1403,ITH,ITH5,8,Emilia-Romagna
2021-06-05,VDA,925,476,449,737,188,ITC,ITC2,2,Valle d'Aosta / Vallée d'Aoste
2021-04-10,EMR,20907,9292,11615,16764,4143,ITH,ITH5,8,Emilia-Romagna
2021-02-11,VDA,231,107,124,222,9,ITC,ITC2,2,Valle d'Aosta / Vallée d'Aoste
2021-03-29,UMB,3844,1692,2152,2365,1479,ITI,ITI2,10,Umbria
2021-04-17,EMR,27273,13064,14209,17928,9345,ITH,ITH5,8,Emilia-Romagna
2021-01-31,UMB,1058,276,782,25,1033,ITI,ITI2,10,Umbria
2021-04-09,VDA,237,111,126,204,33,ITC,ITC2,2,Valle d'Aosta / Vallée d'Aoste
2021-01-07,EMR,10272,3406,6866,10272,0,ITH,ITH5,8,Emilia-Romagna
2021-05-21,MAR,12951,6113,6838,6695,6256,ITI,ITI3,11,Marche
2021-01-03,TOS,3335,1051,2284,3335,0,ITI,ITI1,9,Toscana
2021-05-25,LAZ,46219,21209,25010,35436,10783,ITI,ITI4,12,Lazio
2021-05-22,VDA,940,494,446,540,400,ITC,ITC2,2,Valle d'Aosta / Vallée d'Aoste
2021-05-25,UMB,8759,4260,4499,7736,1023,ITI,ITI2,10,Umbria
2021-05-26,MOL,1540,691,849,793,747,ITF,ITF2,14,Molise
2021-01-05,CAM,7237,3637,3600,7237,0,ITF,ITF3,15,Campania
2021-02-28,BAS,804,343,461,775,29,ITF,ITF5,17,Basilicata
2021-03-30,MOL,2003,857,1146,1491,512,ITF,ITF2,14,Molise
2020-12-27,VEN,880,395,485,880,0,ITH,ITH3,5,Veneto
2021-01-12,CAL,2063,1020,1043,2063,0,ITF,ITF6,18,Calabria
2021-02-18,PAB,1839,457,1382,1832,7,ITH,ITH1,4,Provincia Autonoma Bolzano / Bozen
2021-01-02,BAS,949,380,569,949,0,ITF,ITF5,17,Basilicata
2021-01-06,PUG,3945,1669,2276,3945,0,ITF,ITF4,16,Puglia
2021-02-01,MOL,562,201,361,14,548,ITF,ITF2,14,Molise
2021-01-16,BAS,721,304,417,721,0,ITF,ITF5,17,Basilicata
2021-05-12,MOL,2847,1291,1556,2751,96,ITF,ITF2,14,Molise
2021-04-08,LIG,13723,6156,7567,11680,2043,ITC,ITC3,7,Liguria
2021-05-06,FVG,11868,5513,6355,7915,3953,ITH,ITH4,6,Friuli-Venezia Giulia
2021-02-10,SAR,1959,765,1194,1441,518,ITG,ITG2,20,Sardegna
2021-04-26,BAS,4465,2165,2300,4245,220,ITF,ITF5,17,Basilicata
2021-06-04,LIG,14404,6981,7423,9071,5333,ITC,ITC3,7,Liguria
2021-02-17,CAM,7388,3210,4178,6328,1060,ITF,ITF3,15,Campania
2021-05-25,SIC,33083,14984,18099,14082,19001,ITG,ITG1,19,Sicilia
2021-05-30,VEN,22531,11263,11268,15845,6686,ITH,ITH3,5,Veneto
2021-02-03,LOM,25525,7892,17633,1072,24453,ITC,ITC4,3,Lombardia
2021-02-24,CAL,1851,943,908,1373,478,ITF,ITF6,18,Calabria
2021-03-29,SIC,14891,6973,7918,10394,4497,ITG,ITG1,19,Sicilia
2021-04-15,CAM,34337,16659,17678,24439,9898,ITF,ITF3,15,Campania
2021-04-01,LOM,42934,17218,25716,26741,16193,ITC,ITC4,3,Lombardia
2021-02-15,TOS,8771,3375,5396,7946,825,ITI,ITI1,9,Toscana
2021-04-12,LAZ,23760,10677,13083,16862,6898,ITI,ITI4,12,Lazio
2021-04-03,EMR,19937,8766,11171,16197,3740,ITH,ITH5,8,Emilia-Romagna
2021-03-07,ABR,2522,630,1892,2522,0,ITF,ITF1,13,Abruzzo
2021-05-30,EMR,27009,12750,14259,13333,13676,ITH,ITH5,8,Emilia-Romagna
2021-01-09,ABR,1483,565,918,1483,0,ITF,ITF1,13,Abruzzo
2021-02-19,EMR,7327,3010,4317,6813,514,ITH,ITH5,8,Emilia-Romagna
2021-04-16,VDA,599,261,338,597,2,ITC,ITC2,2,Valle d'Aosta / Vallée d'Aoste
2021-06-08,LAZ,63634,29508,34126,35566,28068,ITI,ITI4,12,Lazio
2020-12-31,EMR,2214,780,1434,2214,0,ITH,ITH5,8,Emilia-Romagna
2021-05-28,MAR,13955,6735,7220,9097,4858,ITI,ITI3,11,Marche
2021-06-06,EMR,36368,18893,17475,31964,4404,ITH,ITH5,8,Emilia-Romagna
2021-04-02,VDA,873,344,529,648,225,ITC,ITC2,2,Valle d'Aosta / Vallée d'Aoste
2021-05-18,UMB,7723,3342,4381,3885,3838,ITI,ITI2,10,Umbria
2021-02-26,EMR,9627,3668,5959,8580,1047,ITH,ITH5,8,Emilia-Romagna
2021-04-01,MAR,7576,3182,4394,4160,3416,ITI,ITI3,11,Marche
2021-03-22,UMB,3560,1655,1905,2314,1246,ITI,ITI2,10,Umbria
2021-05-29,VDA,798,434,364,561,237,ITC,ITC2,2,Valle d'Aosta / Vallée d'Aoste
2021-04-05,UMB,4250,1728,2522,2195,2055,ITI,ITI2,10,Umbria
2021-04-06,MOL,1494,701,793,1151,343,ITF,ITF2,14,Molise
2021-02-22,TOS,9818,4254,5564,9541,277,ITI,ITI1,9,Toscana
2021-02-07,UMB,54,17,37,1,53,ITI,ITI2,10,Umbria
2021-02-08,MOL,334,141,193,216,118,ITF,ITF2,14,Molise
2021-05-19,MOL,2338,1205,1133,1913,425,ITF,ITF2,14,Molise
2021-06-01,SIC,38459,17388,21071,24857,13602,ITG,ITG1,19,Sicilia
2020-12-30,PAB,388,182,206,388,0,ITH,ITH1,4,Provincia Autonoma Bolzano / Bozen
2021-03-03,CAL,5011,2738,2273,3930,1081,ITF,ITF6,18,Calabria
2021-02-21,BAS,284,113,171,284,0,ITF,ITF5,17,Basilicata
2021-03-23,MOL,1642,694,948,1435,207,ITF,ITF2,14,Molise
2021-04-05,SIC,8023,3958,4065,6583,1440,ITG,ITG1,19,Sicilia
2021-01-15,PAT,595,132,463,595,0,ITH,ITH2,4,Provincia Autonoma Trento
2021-02-17,LIG,2688,1181,1507,2262,426,ITC,ITC3,7,Liguria
2021-03-17,FVG,3234,1266,1968,744,2490,ITH,ITH4,6,Friuli-Venezia Giulia
2021-02-15,SIC,3729,1733,1996,3165,564,ITG,ITG1,19,Sicilia
2021-04-13,SAR,7607,3593,4014,5781,1826,ITG,ITG2,20,Sardegna
2021-04-27,EMR,32085,14856,17229,19624,12461,ITH,ITH5,8,Emilia-Romagna
2021-02-08,FVG,2357,694,1663,92,2265,ITH,ITH4,6,Friuli-Venezia Giulia
2021-05-14,PIE,33300,16214,17086,17941,15359,ITC,ITC1,1,Piemonte
2021-05-26,SIC,44280,20589,23691,24049,20231,ITG,ITG1,19,Sicilia
2021-06-09,SAR,5101,2370,2731,3864,1237,ITG,ITG2,20,Sardegna
2021-02-01,PAT,1220,335,885,92,1128,ITH,ITH2,4,Provincia Autonoma Trento
2021-03-11,TOS,15495,5993,9502,12169,3326,ITI,ITI1,9,Toscana
2021-01-03,SIC,4709,2463,2246,4709,0,ITG,ITG1,19,Sicilia
2021-01-01,LAZ,3554,1382,2172,3554,0,ITI,ITI4,12,Lazio
2021-04-13,SIC,19684,9590,10094,10934,8750,ITG,ITG1,19,Sicilia
2021-01-10,LAZ,4039,1700,2339,4039,0,ITI,ITI4,12,Lazio
2021-01-15,CAM,4980,2381,2599,4980,0,ITF,ITF3,15,Campania
2021-03-10,BAS,1678,840,838,839,839,ITF,ITF5,17,Basilicata
2021-03-13,CAM,14253,6797,7456,8971,5282,ITF,ITF3,15,Campania
2021-04-20,LAZ,31002,14229,16773,19719,11283,ITI,ITI4,12,Lazio
2021-04-22,UMB,5430,2231,3199,2768,2662,ITI,ITI2,10,Umbria
2021-03-04,VEN,12921,4830,8091,9449,3472,ITH,ITH3,5,Veneto
2021-04-26,PAB,1543,771,772,1538,5,ITH,ITH1,4,Provincia Autonoma Bolzano / Bozen
2021-01-26,BAS,797,352,445,101,696,ITF,ITF5,17,Basilicata
2021-02-23,MAR,3267,1397,1870,3211,56,ITI,ITI3,11,Marche
2021-03-05,VDA,275,124,151,53,222,ITC,ITC2,2,Valle d'Aosta / Vallée d'Aoste
2021-03-08,LAZ,20070,8319,11751,14797,5273,ITI,ITI4,12,Lazio
2021-05-06,BAS,5052,2435,2617,3483,1569,ITF,ITF5,17,Basilicata
2021-03-20,CAL,6696,3069,3627,4195,2501,ITF,ITF6,18,Calabria
2021-03-22,CAM,12740,5921,6819,10700,2040,ITF,ITF3,15,Campania
2021-05-15,BAS,6529,3343,3186,3957,2572,ITF,ITF5,17,Basilicata
2021-03-30,PUG,11880,5499,6381,5985,5895,ITF,ITF4,16,Puglia
2021-02-01,PUG,3963,1659,2304,373,3590,ITF,ITF4,16,Puglia
2021-02-07,CAM,2929,1382,1547,2158,771,ITF,ITF3,15,Campania
2021-04-02,BAS,2318,1046,1272,1714,604,ITF,ITF5,17,Basilicata
2021-02-03,PAT,846,314,532,413,433,ITH,ITH2,4,Provincia Autonoma Trento
2021-02-04,BAS,1096,442,654,63,1033,ITF,ITF5,17,Basilicata
2021-04-17,FVG,7449,3232,4217,5966,1483,ITH,ITH4,6,Friuli-Venezia Giulia
2021-05-06,EMR,35906,16597,19309,22853,13053,ITH,ITH5,8,Emilia-Romagna
2021-01-10,SIC,3532,1578,1954,3532,0,ITG,ITG1,19,Sicilia
2021-01-26,EMR,8334,3000,5334,215,8119,ITH,ITH5,8,Emilia-Romagna
2021-02-05,TOS,5749,2245,3504,1924,3825,ITI,ITI1,9,Toscana
2021-04-09,ABR,8796,4141,4655,6257,2539,ITF,ITF1,13,Abruzzo
2021-04-22,LAZ,38537,18933,19604,23956,14581,ITI,ITI4,12,Lazio
2021-01-15,MAR,1771,500,1271,1771,0,ITI,ITI3,11,Marche
2021-04-17,UMB,6665,3059,3606,5325,1340,ITI,ITI2,10,Umbria
2021-05-23,PAT,1955,993,962,447,1508,ITH,ITH2,4,Provincia Autonoma Trento
2021-03-20,LIG,2316,995,1321,1142,1174,ITC,ITC3,7,Liguria
2021-03-24,EMR,21091,9307,11784,13708,7383,ITH,ITH5,8,Emilia-Romagna
2021-05-16,TOS,26661,12879,13782,24201,2460,ITI,ITI1,9,Toscana
2021-02-28,VDA,260,86,174,77,183,ITC,ITC2,2,Valle d'Aosta / Vallée d'Aoste
2021-03-10,LAZ,22021,9490,12531,16375,5646,ITI,ITI4,12,Lazio
2021-03-11,MOL,1463,636,827,1457,6,ITF,ITF2,14,Molise
2021-04-10,PAT,2798,1307,1491,2004,794,ITH,ITH2,4,Provincia Autonoma Trento
2021-05-11,VEN,33017,16445,16572,28305,4712,ITH,ITH3,5,Veneto
2021-01-12,LAZ,5413,1981,3432,5413,0,ITI,ITI4,12,Lazio
2021-01-15,LOM,25197,7427,17770,25197,0,ITC,ITC4,3,Lombardia
2021-03-15,CAL,3553,1685,1868,2115,1438,ITF,ITF6,18,Calabria
2021-01-18,PAB,1772,687,1085,1767,5,ITH,ITH1,4,Provincia Autonoma Bolzano / Bozen
2021-05-14,PUG,44619,20354,24265,28560,16059,ITF,ITF4,16,Puglia
2021-02-02,BAS,367,143,224,175,192,ITF,ITF5,17,Basilicata
2021-04-17,PIE,30450,14145,16305,27135,3315,ITC,ITC1,1,Piemonte
2021-01-22,VEN,1080,332,748,25,1055,ITH,ITH3,5,Veneto
2021-01-06,MOL,689,260,429,689,0,ITF,ITF2,14,Molise
2021-04-29,LOM,115420,53560,61860,85611,29809,ITC,ITC4,3,Lombardia
2021-04-02,ABR,6684,3093,3591,5197,1487,ITF,ITF1,13,Abruzzo
2021-04-25,MAR,8599,3993,4606,7024,1575,ITI,ITI3,11,Marche
2021-04-16,MOL,2430,1033,1397,1198,1232,ITF,ITF2,14,Molise
2021-05-05,VDA,1038,566,472,456,582,ITC,ITC2,2,Valle d'Aosta / Vallée d'Aoste
2021-01-24,EMR,2443,885,1558,298,2145,ITH,ITH5,8,Emilia-Romagna
2021-02-04,ABR,1679,615,1064,609,1070,ITF,ITF1,13,Abruzzo
2021-03-08,SAR,4008,1790,2218,2788,1220,ITG,ITG2,20,Sardegna
2021-05-20,CAL,16892,8433,8459,11286,5606,ITF,ITF6,18,Calabria
2021-01-05,SIC,10268,5041,5227,10268,0,ITG,ITG1,19,Sicilia
2021-02-10,PIE,7535,2371,5164,1316,6219,ITC,ITC1,1,Piemonte
2021-04-09,BAS,1152,350,802,1089,63,ITF,ITF5,17,Basilicata
2021-05-04,SAR,9538,4386,5152,7685,1853,ITG,ITG2,20,Sardegna
2021-04-10,FVG,4986,2164,2822,3761,1225,ITH,ITH4,6,Friuli-Venezia Giulia
2021-01-05,UMB,854,429,425,854,0,ITI,ITI2,10,Umbria
2021-01-24,SAR,90,34,56,5,85,ITG,ITG2,20,Sardegna
2021-04-08,PIE,25144,10930,14214,20414,4730,ITC,ITC1,1,Piemonte
2021-04-15,SIC,21062,10262,10800,11731,9331,ITG,ITG1,19,Sicilia
2021-05-11,TOS,27938,12981,14957,12481,15457,ITI,ITI1,9,Toscana
2021-04-20,LOM,67626,30819,36807,57291,10335,ITC,ITC4,3,Lombardia
2021-05-23,FVG,10263,4851,5412,6115,4148,ITH,ITH4,6,Friuli-Venezia Giulia
2021-01-10,LOM,10513,3957,6556,10513,0,ITC,ITC4,3,Lombardia
2021-04-25,MOL,792,395,397,559,233,ITF,ITF2,14,Molise
2021-01-15,LIG,2255,754,1501,2255,0,ITC,ITC3,7,Liguria
2021-01-17,LOM,8336,3340,4996,8136,200,ITC,ITC4,3,Lombardia
2021-02-07,CAL,859,427,432,147,712,ITF,ITF6,18,Calabria
2021-03-13,TOS,9275,3301,5974,5312,3963,ITI,ITI1,9,Toscana
2021-03-17,LAZ,13787,5896,7891,7532,6255,ITI,ITI4,12,Lazio
2021-03-15,LOM,31545,11326,20219,23030,8515,ITC,ITC4,3,Lombardia
2021-04-25,LIG,1936,921,1015,1521,415,ITC,ITC3,7,Liguria
2021-05-18,CAL,15379,7680,7699,11917,3462,ITF,ITF6,18,Calabria
2021-05-04,VEN,42829,20283,22546,34800,8029,ITH,ITH3,5,Veneto
2021-01-25,PUG,3825,1681,2144,423,3402,ITF,ITF4,16,Puglia
2021-01-13,MAR,2105,746,1359,2105,0,ITI,ITI3,11,Marche
2021-02-10,PAT,852,291,561,510,342,ITH,ITH2,4,Provincia Autonoma Trento
2021-03-13,LIG,3827,1616,2211,2972,855,ITC,ITC3,7,Liguria
2021-04-04,MAR,3824,1792,2032,2655,1169,ITI,ITI3,11,Marche
2021-05-16,CAL,13770,6723,7047,9959,3811,ITF,ITF6,18,Calabria
2020-12-27,FVG,262,149,113,262,0,ITH,ITH4,6,Friuli-Venezia Giulia
2021-03-26,MOL,2575,1045,1530,1933,642,ITF,ITF2,14,Molise
2021-02-20,LIG,1335,637,698,1334,1,ITC,ITC3,7,Liguria
2021-05-01,VDA,940,563,377,456,484,ITC,ITC2,2,Valle d'Aosta / Vallée d'Aoste
2021-03-03,PIE,12120,4644,7476,11301,819,ITC,ITC1,1,Piemonte
2021-03-29,SAR,4425,1559,2866,3837,588,ITG,ITG2,20,Sardegna
2021-05-13,UMB,5898,2657,3241,3825,2073,ITI,ITI2,10,Umbria
2021-03-14,ABR,1873,731,1142,1207,666,ITF,ITF1,13,Abruzzo
2021-04-14,VDA,941,430,511,717,224,ITC,ITC2,2,Valle d'Aosta / Vallée d'Aoste
2021-05-18,CAM,52070,23148,28922,32506,19564,ITF,ITF3,15,Campania
2021-04-15,SAR,11821,5525,6296,6865,4956,ITG,ITG2,20,Sardegna
2021-01-03,VEN,5157,1562,3595,5157,0,ITH,ITH3,5,Veneto
2021-02-19,UMB,743,293,450,526,217,ITI,ITI2,10,Umbria
2021-01-05,SAR,1327,446,881,1327,0,ITG,ITG2,20,Sardegna
2021-01-08,TOS,5946,1642,4304,5946,0,ITI,ITI1,9,Toscana
2021-03-20,PIE,11922,4899,7023,6024,5898,ITC,ITC1,1,Piemonte
2021-06-09,MAR,5502,2850,2652,4611,891,ITI,ITI3,11,Marche
2021-03-04,PAB,1714,1004,710,1485,229,ITH,ITH1,4,Provincia Autonoma Bolzano / Bozen
2021-01-22,SAR,83,47,36,55,28,ITG,ITG2,20,Sardegna
2021-02-12,PAT,1010,340,670,589,421,ITH,ITH2,4,Provincia Autonoma Trento
2021-01-17,CAL,867,418,449,801,66,ITF,ITF6,18,Calabria
2021-05-16,LIG,3693,1855,1838,2133,1560,ITC,ITC3,7,Liguria
2021-05-18,LOM,88035,42065,45970,32582,55453,ITC,ITC4,3,Lombardia
2021-02-19,SIC,4909,2649,2260,4344,565,ITG,ITG1,19,Sicilia
2021-06-04,LOM,104077,54059,50018,94645,9432,ITC,ITC4,3,Lombardia
2021-02-22,LIG,3334,1467,1867,3192,142,ITC,ITC3,7,Liguria
2021-02-24,LOM,14655,5922,8733,13730,925,ITC,ITC4,3,Lombardia
2021-02-25,ABR,3042,1330,1712,2514,528,ITF,ITF1,13,Abruzzo
2021-03-01,PAT,1237,454,783,942,295,ITH,ITH2,4,Provincia Autonoma Trento
2021-03-08,SIC,13175,5664,7511,10562,2613,ITG,ITG1,19,Sicilia
2021-06-05,ABR,14605,6859,7746,10554,4051,ITF,ITF1,13,Abruzzo
2021-06-07,MAR,13159,6497,6662,10708,2451,ITI,ITI3,11,Marche
2021-01-31,LAZ,4460,1854,2606,477,3983,ITI,ITI4,12,Lazio
2021-02-05,CAM,7260,3463,3797,2133,5127,ITF,ITF3,15,Campania
2021-03-20,PAT,873,402,471,670,203,ITH,ITH2,4,Provincia Autonoma Trento
2021-03-24,CAL,7613,3468,4145,4374,3239,ITF,ITF6,18,Calabria
2021-03-03,PAT,1658,622,1036,1141,517,ITH,ITH2,4,Provincia Autonoma Trento
2021-03-14,BAS,1010,477,533,541,469,ITF,ITF5,17,Basilicata
2021-01-02,VDA,6,5,1,6,0,ITC,ITC2,2,Valle d'Aosta / Vallée d'Aoste
2021-05-11,LAZ,48111,22071,26040,31709,16402,ITI,ITI4,12,Lazio
2021-03-26,VDA,498,204,294,491,7,ITC,ITC2,2,Valle d'Aosta / Vallée d'Aoste
2021-05-16,LOM,68652,32492,36160,36483,32169,ITC,ITC4,3,Lombardia
2021-05-30,SIC,35779,16175,19604,17736,18043,ITG,ITG1,19,Sicilia
2021-03-05,EMR,17737,5764,11973,14286,3451,ITH,ITH5,8,Emilia-Romagna
2021-02-05,LOM,25610,7437,18173,2384,23226,ITC,ITC4,3,Lombardia
2021-02-27,MAR,3356,1435,1921,3147,209,ITI,ITI3,11,Marche
2021-04-10,CAL,11371,5129,6242,6572,4799,ITF,ITF6,18,Calabria
2021-04-17,SAR,10079,4500,5579,5482,4597,ITG,ITG2,20,Sardegna
2021-02-18,MOL,319,74,245,306,13,ITF,ITF2,14,Molise
2021-03-31,BAS,3095,1258,1837,2313,782,ITF,ITF5,17,Basilicata
2021-05-13,SIC,47148,22097,25051,30686,16462,ITG,ITG1,19,Sicilia
2021-02-12,FVG,1193,428,765,1146,47,ITH,ITH4,6,Friuli-Venezia Giulia
2021-03-22,EMR,17469,7655,9814,10605,6864,ITH,ITH5,8,Emilia-Romagna
2021-04-01,TOS,26935,11118,15817,16303,10632,ITI,ITI1,9,Toscana
2021-05-26,PAB,4911,2474,2437,2959,1952,ITH,ITH1,4,Provincia Autonoma Bolzano / Bozen
2021-02-22,LOM,11894,4807,7087,11589,305,ITC,ITC4,3,Lombardia
2021-04-24,LAZ,33343,15030,18313,20593,12750,ITI,ITI4,12,Lazio
2021-04-29,CAM,41296,20009,21287,24821,16475,ITF,ITF3,15,Campania
2021-03-15,TOS,8359,3335,5024,3916,4443,ITI,ITI1,9,Toscana
2021-01-19,CAM,1095,474,621,1092,3,ITF,ITF3,15,Campania
2021-06-05,BAS,4793,2204,2589,3850,943,ITF,ITF5,17,Basilicata
2021-01-31,SIC,4031,1926,2105,113,3918,ITG,ITG1,19,Sicilia
2021-03-08,VEN,13548,6193,7355,9479,4069,ITH,ITH3,5,Veneto
2021-03-09,MOL,1329,579,750,1177,152,ITF,ITF2,14,Molise
2021-03-03,EMR,15841,5253,10588,13365,2476,ITH,ITH5,8,Emilia-Romagna
2021-05-11,SIC,32273,15358,16915,19801,12472,ITG,ITG1,19,Sicilia
2021-02-20,MOL,1018,441,577,998,20,ITF,ITF2,14,Molise
2021-02-17,SIC,5215,3201,2014,4547,668,ITG,ITG1,19,Sicilia
2021-05-17,ABR,11038,5040,5998,6179,4859,ITF,ITF1,13,Abruzzo
2021-05-30,LAZ,41074,17536,23538,33820,7254,ITI,ITI4,12,Lazio
2021-05-13,LAZ,49604,22221,27383,31958,17646,ITI,ITI4,12,Lazio
2021-05-31,MOL,2273,1076,1197,1923,350,ITF,ITF2,14,Molise
2021-05-06,PIE,33240,15636,17604,19769,13471,ITC,ITC1,1,Piemonte
2021-02-23,BAS,1901,771,1130,1763,138,ITF,ITF5,17,Basilicata
2021-05-23,PIE,28689,13127,15562,15749,12940,ITC,ITC1,1,Piemonte
2021-05-14,MOL,2644,1215,1429,1926,718,ITF,ITF2,14,Molise
2020-12-27,PAT,103,40,63,103,0,ITH,ITH2,4,Provincia Autonoma Trento
2021-02-12,PIE,6891,2215,4676,3930,2961,ITC,ITC1,1,Piemonte
2021-06-03,BAS,4917,2255,2662,3736,1181,ITF,ITF5,17,Basilicata
2021-05-25,FVG,12475,6077,6398,9284,3191,ITH,ITH4,6,Friuli-Venezia Giulia
2021-03-12,BAS,1903,979,924,803,1100,ITF,ITF5,17,Basilicata
2021-04-24,SIC,31108,14688,16420,23496,7612,ITG,ITG1,19,Sicilia
2021-03-01,PIE,12043,4846,7197,11234,809,ITC,ITC1,1,Piemonte
2021-03-13,LOM,27162,9767,17395,21073,6089,ITC,ITC4,3,Lombardia
2021-01-03,SAR,90,36,54,90,0,ITG,ITG2,20,Sardegna
2021-01-10,TOS,3001,1104,1897,3001,0,ITI,ITI1,9,Toscana
2021-02-05,CAL,3802,1711,2091,489,3313,ITF,ITF6,18,Calabria
2021-06-02,MOL,2748,1335,1413,2706,42,ITF,ITF2,14,Molise
2021-04-20,TOS,18156,8110,10046,12599,5557,ITI,ITI1,9,Toscana
2021-05-17,BAS,5539,2733,2806,3406,2133,ITF,ITF5,17,Basilicata
2021-03-03,FVG,3638,1627,2011,2365,1273,ITH,ITH4,6,Friuli-Venezia Giulia
2021-03-11,PUG,14399,6207,8192,11290,3109,ITF,ITF4,16,Puglia
2021-04-03,TOS,15013,6646,8367,13887,1126,ITI,ITI1,9,Toscana
2021-04-27,LIG,14746,6676,8070,7166,7580,ITC,ITC3,7,Liguria
2021-02-23,ABR,2782,1275,1507,2771,11,ITF,ITF1,13,Abruzzo
2021-05-09,PAT,2322,1210,1112,1978,344,ITH,ITH2,4,Provincia Autonoma Trento
2021-05-20,BAS,5855,2964,2891,2890,2965,ITF,ITF5,17,Basilicata
2021-01-16,MOL,420,166,254,420,0,ITF,ITF2,14,Molise
2021-04-13,CAM,26601,12682,13919,21071,5530,ITF,ITF3,15,Campania
2021-05-05,MAR,11647,5300,6347,5218,6429,ITI,ITI3,11,Marche
2021-01-03,CAM,3836,2009,1827,3836,0,ITF,ITF3,15,Campania
2021-02-15,PAT,534,188,346,420,114,ITH,ITH2,4,Provincia Autonoma Trento
2021-04-26,MOL,1157,521,636,826,331,ITF,ITF2,14,Molise
2021-06-06,BAS,4496,2066,2430,3720,776,ITF,ITF5,17,Basilicata
2021-06-01,VDA,871,469,402,518,353,ITC,ITC2,2,Valle d'Aosta / Vallée d'Aoste
2021-04-08,LAZ,26654,12175,14479,18971,7683,ITI,ITI4,12,Lazio
2021-05-26,PAT,3902,1837,2065,1220,2682,ITH,ITH2,4,Provincia Autonoma Trento
2021-04-09,MOL,2318,1248,1070,2127,191,ITF,ITF2,14,Molise
2021-04-13,LOM,47568,21236,26332,33498,14070,ITC,ITC4,3,Lombardia
2021-06-07,TOS,34370,16750,17620,30996,3374,ITI,ITI1,9,Toscana
2021-01-15,SIC,4718,2056,2662,4718,0,ITG,ITG1,19,Sicilia
2021-04-20,FVG,7107,3059,4048,3204,3903,ITH,ITH4,6,Friuli-Venezia Giulia
2021-05-28,EMR,40782,18692,22090,17829,22953,ITH,ITH5,8,Emilia-Romagna
2021-04-25,SIC,21352,10183,11169,16375,4977,ITG,ITG1,19,Sicilia
2021-05-21,TOS,28610,13227,15383,17450,11160,ITI,ITI1,9,Toscana
2021-04-30,LOM,116972,54670,62302,89727,27245,ITC,ITC4,3,Lombardia
2021-02-01,SIC,5891,2614,3277,296,5595,ITG,ITG1,19,Sicilia
2021-01-20,LOM,5663,1377,4286,5549,114,ITC,ITC4,3,Lombardia
2021-01-18,MOL,114,48,66,114,0,ITF,ITF2,14,Molise
2021-04-27,VEN,28113,12748,15365,21196,6917,ITH,ITH3,5,Veneto
2021-03-22,SIC,16507,7783,8724,11145,5362,ITG,ITG1,19,Sicilia
2021-04-22,EMR,29038,13443,15595,14963,14075,ITH,ITH5,8,Emilia-Romagna
2021-01-17,VEN,1933,781,1152,1584,349,ITH,ITH3,5,Veneto
2021-02-05,UMB,780,234,546,18,762,ITI,ITI2,10,Umbria
2021-01-12,EMR,9475,3124,6351,9475,0,ITH,ITH5,8,Emilia-Romagna
2020-12-29,SIC,241,150,91,241,0,ITG,ITG1,19,Sicilia
2021-01-10,FVG,2939,918,2021,2939,0,ITH,ITH4,6,Friuli-Venezia Giulia
2021-03-28,ABR,2414,1016,1398,2043,371,ITF,ITF1,13,Abruzzo
2021-04-11,MOL,1196,591,605,1182,14,ITF,ITF2,14,Molise
2021-01-18,PUG,1845,770,1075,1496,349,ITF,ITF4,16,Puglia
2021-04-14,BAS,2043,998,1045,1369,674,ITF,ITF5,17,Basilicata
2021-04-05,FVG,2868,1425,1443,2853,15,ITH,ITH4,6,Friuli-Venezia Giulia
2021-04-03,PIE,19430,8156,11274,10883,8547,ITC,ITC1,1,Piemonte
2021-01-21,BAS,30,10,20,30,0,ITF,ITF5,17,Basilicata
2021-02-03,VEN,5943,1665,4278,480,5463,ITH,ITH3,5,Veneto
2021-01-10,PIE,5214,2275,2939,5214,0,ITC,ITC1,1,Piemonte
2021-01-04,BAS,607,271,336,607,0,ITF,ITF5,17,Basilicata
2021-01-22,LOM,3103,865,2238,3034,69,ITC,ITC4,3,Lombardia
2021-01-12,FVG,2260,713,1547,2260,0,ITH,ITH4,6,Friuli-Venezia Giulia
2021-04-25,PAB,3072,1497,1575,2401,671,ITH,ITH1,4,Provincia Autonoma Bolzano / Bozen
2021-01-29,FVG,2414,814,1600,264,2150,ITH,ITH4,6,Friuli-Venezia Giulia
2021-02-06,PUG,4546,1928,2618,1590,2956,ITF,ITF4,16,Puglia
2021-03-01,TOS,4472,1733,2739,832,3640,ITI,ITI1,9,Toscana
2021-04-29,VEN,50211,23356,26855,37030,13181,ITH,ITH3,5,Veneto
2021-01-20,PUG,1545,540,1005,1537,8,ITF,ITF4,16,Puglia
2021-03-08,LIG,5630,2460,3170,3941,1689,ITC,ITC3,7,Liguria
2021-04-30,PUG,34792,15562,19230,22845,11947,ITF,ITF4,16,Puglia
2021-04-22,FVG,6771,3079,3692,3084,3687,ITH,ITH4,6,Friuli-Venezia Giulia
2021-02-05,VEN,8373,2535,5838,1415,6958,ITH,ITH3,5,Veneto
2021-04-14,ABR,6572,2938,3634,4489,2083,ITF,ITF1,13,Abruzzo
2021-05-07,MAR,12838,5805,7033,3660,9178,ITI,ITI3,11,Marche
2021-04-12,UMB,7088,3078,4010,5370,1718,ITI,ITI2,10,Umbria
2021-02-22,VEN,7013,3040,3973,6626,387,ITH,ITH3,5,Veneto
2021-03-25,LIG,9592,4080,5512,6199,3393,ITC,ITC3,7,Liguria
2021-04-13,PUG,28646,13580,15066,25247,3399,ITF,ITF4,16,Puglia
2021-02-13,MAR,1093,462,631,1011,82,ITI,ITI3,11,Marche
2021-01-19,UMB,103,23,80,103,0,ITI,ITI2,10,Umbria
2021-02-23,VDA,216,123,93,216,0,ITC,ITC2,2,Valle d'Aosta / Vallée d'Aoste
2021-01-01,LIG,144,55,89,144,0,ITC,ITC3,7,Liguria
2021-04-05,EMR,14860,6809,8051,11969,2891,ITH,ITH5,8,Emilia-Romagna
2021-05-16,VEN,28402,14005,14397,21322,7080,ITH,ITH3,5,Veneto
2021-01-04,ABR,1402,575,827,1402,0,ITF,ITF1,13,Abruzzo
2021-01-27,MAR,2122,783,1339,122,2000,ITI,ITI3,11,Marche
2021-03-10,CAL,6552,3313,3239,5271,1281,ITF,ITF6,18,Calabria
2021-04-29,UMB,5214,2247,2967,2888,2326,ITI,ITI2,10,Umbria
2021-05-18,SAR,13919,6719,7200,9446,4473,ITG,ITG2,20,Sardegna
2021-01-13,PAB,1691,557,1134,1691,0,ITH,ITH1,4,Provincia Autonoma Bolzano / Bozen
2021-03-24,UMB,4073,1760,2313,2750,1323,ITI,ITI2,10,Umbria
2021-01-23,ABR,264,115,149,57,207,ITF,ITF1,13,Abruzzo
2021-04-22,PIE,27650,12724,14926,20952,6698,ITC,ITC1,1,Piemonte
2021-01-12,PIE,10089,3415,6674,10089,0,ITC,ITC1,1,Piemonte
2021-01-30,PAB,498,245,253,4,494,ITH,ITH1,4,Provincia Autonoma Bolzano / Bozen
2021-03-29,CAM,18947,9134,9813,17401,1546,ITF,ITF3,15,Campania
2021-05-03,ABR,11107,5239,5868,7259,3848,ITF,ITF1,13,Abruzzo
2021-06-03,VDA,1305,666,639,896,409,ITC,ITC2,2,Valle d'Aosta / Vallée d'Aoste
2021-01-29,PIE,5944,1887,4057,455,5489,ITC,ITC1,1,Piemonte
2021-02-24,SAR,2412,1293,1119,2223,189,ITG,ITG2,20,Sardegna
2021-04-20,MAR,10696,4995,5701,9279,1417,ITI,ITI3,11,Marche
2021-06-01,CAL,12787,5913,6874,7908,4879,ITF,ITF6,18,Calabria
2021-04-10,UMB,7468,3512,3956,7333,135,ITI,ITI2,10,Umbria
2021-05-02,PUG,21269,9646,11623,14018,7251,ITF,ITF4,16,Puglia
2021-04-23,PAB,4542,2151,2391,3251,1291,ITH,ITH1,4,Provincia Autonoma Bolzano / Bozen
2021-05-17,VDA,809,417,392,375,434,ITC,ITC2,2,Valle d'Aosta / Vallée d'Aoste
2021-01-17,UMB,54,17,37,54,0,ITI,ITI2,10,Umbria
2021-03-27,LIG,3919,1537,2382,2524,1395,ITC,ITC3,7,Liguria
2021-05-23,TOS,28370,13643,14727,25805,2565,ITI,ITI1,9,Toscana
2021-01-25,MAR,1597,559,1038,96,1501,ITI,ITI3,11,Marche
2020-12-31,UMB,322,127,195,322,0,ITI,ITI2,10,Umbria
2021-04-10,SIC,20404,9960,10444,11438,8966,ITG,ITG1,19,Sicilia
2021-01-10,PAT,84,19,65,84,0,ITH,ITH2,4,Provincia Autonoma Trento
2021-04-13,LIG,13076,5866,7210,11052,2024,ITC,ITC3,7,Liguria
2021-04-15,LOM,49396,21837,27559,35590,13806,ITC,ITC4,3,Lombardia
2021-05-31,MAR,11779,5941,5838,8851,2928,ITI,ITI3,11,Marche
2021-04-05,VDA,461,222,239,457,4,ITC,ITC2,2,Valle d'Aosta / Vallée d'Aoste
2021-06-04,LAZ,59656,28724,30932,42932,16724,ITI,ITI4,12,Lazio
2021-05-02,FVG,6838,3210,3628,3939,2899,ITH,ITH4,6,Friuli-Venezia Giulia
2021-02-20,PIE,3833,1253,2580,3659,174,ITC,ITC1,1,Piemonte
2021-05-17,MAR,11853,5568,6285,7690,4163,ITI,ITI3,11,Marche
2021-01-12,BAS,217,88,129,217,0,ITF,ITF5,17,Basilicata
2021-02-11,MOL,293,133,160,257,36,ITF,ITF2,14,Molise
2021-06-05,PAB,6065,3021,3044,4970,1095,ITH,ITH1,4,Provincia Autonoma Bolzano / Bozen
2021-03-04,LOM,29295,12098,17197,20240,9055,ITC,ITC4,3,Lombardia
2021-04-04,LIG,756,366,390,507,249,ITC,ITC3,7,Liguria
2021-04-23,PUG,29357,13638,15719,24148,5209,ITF,ITF4,16,Puglia
2021-01-31,ABR,1518,492,1026,286,1232,ITF,ITF1,13,Abruzzo
2021-05-04,LAZ,39765,18287,21478,26287,13478,ITI,ITI4,12,Lazio
2021-05-22,MOL,1311,709,602,1227,84,ITF,ITF2,14,Molise
2021-04-18,LIG,2613,1164,1449,2145,468,ITC,ITC3,7,Liguria
2021-05-16,FVG,9943,4762,5181,8546,1397,ITH,ITH4,6,Friuli-Venezia Giulia
2021-05-26,VEN,30656,14929,15727,14403,16253,ITH,ITH3,5,Veneto
2021-05-28,SAR,17706,8469,9237,13639,4067,ITG,ITG2,20,Sardegna
2021-05-10,ABR,10107,4783,5324,5458,4649,ITF,ITF1,13,Abruzzo
2021-02-17,SAR,1407,577,830,1333,74,ITG,ITG2,20,Sardegna
2021-04-30,PAB,3337,1592,1745,1562,1775,ITH,ITH1,4,Provincia Autonoma Bolzano / Bozen
2021-04-29,PIE,48319,21860,26459,35701,12618,ITC,ITC1,1,Piemonte
2021-05-25,SAR,14083,6840,7243,8534,5549,ITG,ITG2,20,Sardegna
2021-01-08,LIG,2926,999,1927,2926,0,ITC,ITC3,7,Liguria
2021-01-20,PAB,617,252,365,409,208,ITH,ITH1,4,Provincia Autonoma Bolzano / Bozen
2021-01-24,SIC,4307,2251,2056,139,4168,ITG,ITG1,19,Sicilia
2021-04-23,ABR,7370,3383,3987,5068,2302,ITF,ITF1,13,Abruzzo
2021-04-30,MAR,13939,6100,7839,5398,8541,ITI,ITI3,11,Marche
2021-01-06,PAB,59,18,41,59,0,ITH,ITH1,4,Provincia Autonoma Bolzano / Bozen
2021-02-14,CAL,464,211,253,434,30,ITF,ITF6,18,Calabria
2021-01-30,ABR,1510,567,943,69,1441,ITF,ITF1,13,Abruzzo
2021-03-01,VEN,9394,3716,5678,7572,1822,ITH,ITH3,5,Veneto
2021-04-05,CAM,11639,5544,6095,9216,2423,ITF,ITF3,15,Campania
2021-03-03,SAR,3859,2073,1786,2611,1248,ITG,ITG2,20,Sardegna
2021-03-22,LOM,40307,14293,26014,29768,10539,ITC,ITC4,3,Lombardia
2021-05-16,PIE,28112,12762,15350,15055,13057,ITC,ITC1,1,Piemonte
2021-05-25,CAL,16367,7990,8377,10290,6077,ITF,ITF6,18,Calabria
2021-04-08,LOM,52288,21738,30550,35844,16444,ITC,ITC4,3,Lombardia
2021-02-05,PIE,9604,3139,6465,659,8945,ITC,ITC1,1,Piemonte
2020-12-29,LOM,104,44,60,104,0,ITC,ITC4,3,Lombardia
2021-02-24,LAZ,12045,5204,6841,11051,994,ITI,ITI4,12,Lazio
2021-01-24,UMB,258,106,152,1,257,ITI,ITI2,10,Umbria
2021-05-04,SIC,26644,12394,14250,17515,9129,ITG,ITG1,19,Sicilia
2021-04-22,LOM,73824,33348,40476,57508,16316,ITC,ITC4,3,Lombardia
2021-03-17,CAM,11588,5099,6489,5008,6580,ITF,ITF3,15,Campania
2021-04-29,PAT,4621,2232,2389,4413,208,ITH,ITH2,4,Provincia Autonoma Trento
2021-05-10,BAS,4807,2384,2423,2767,2040,ITF,ITF5,17,Basilicata
2021-03-03,LOM,26953,11506,15447,19678,7275,ITC,ITC4,3,Lombardia
2021-04-27,TOS,10348,4910,5438,3866,6482,ITI,ITI1,9,Toscana
2021-03-18,PUG,9401,4254,5147,3284,6117,ITF,ITF4,16,Puglia
2021-04-11,MAR,7116,3115,4001,6830,286,ITI,ITI3,11,Marche
2021-01-22,PAT,1668,433,1235,329,1339,ITH,ITH2,4,Provincia Autonoma Trento
2021-01-26,CAL,1810,861,949,278,1532,ITF,ITF6,18,Calabria
2021-03-10,FVG,3358,1493,1865,1566,1792,ITH,ITH4,6,Friuli-Venezia Giulia
2021-01-27,LIG,1744,603,1141,141,1603,ITC,ITC3,7,Liguria
2021-02-05,PAT,802,272,530,283,519,ITH,ITH2,4,Provincia Autonoma Trento
2021-02-24,FVG,2521,1085,1436,2503,18,ITH,ITH4,6,Friuli-Venezia Giulia
2021-03-29,LAZ,23962,10759,13203,16924,7038,ITI,ITI4,12,Lazio
2021-05-01,EMR,28399,12772,15627,15627,12772,ITH,ITH5,8,Emilia-Romagna
2021-05-16,PAT,1321,729,592,1083,238,ITH,ITH2,4,Provincia Autonoma Trento
2021-03-04,PUG,15142,5914,9228,13723,1419,ITF,ITF4,16,Puglia
2021-03-30,PAB,1298,532,766,218,1080,ITH,ITH1,4,Provincia Autonoma Bolzano / Bozen
2021-06-08,UMB,7217,3560,3657,6733,484,ITI,ITI2,10,Umbria
2021-05-21,LIG,12830,5949,6881,9705,3125,ITC,ITC3,7,Liguria
2021-06-09,PUG,9684,4615,5069,7520,2164,ITF,ITF4,16,Puglia
2021-01-28,VDA,291,123,168,56,235,ITC,ITC2,2,Valle d'Aosta / Vallée d'Aoste
2021-03-03,CAM,13921,5494,8427,7291,6630,ITF,ITF3,15,Campania
2021-04-03,VEN,21941,9624,12317,14226,7715,ITH,ITH3,5,Veneto
2021-03-11,MAR,6591,2784,3807,5221,1370,ITI,ITI3,11,Marche
2021-04-16,PAB,2949,1418,1531,2438,511,ITH,ITH1,4,Provincia Autonoma Bolzano / Bozen
2021-04-22,CAL,9622,4796,4826,6777,2845,ITF,ITF6,18,Calabria
2021-01-05,PAT,709,232,477,709,0,ITH,ITH2,4,Provincia Autonoma Trento
2021-02-27,LIG,1888,921,967,1759,129,ITC,ITC3,7,Liguria
2021-03-20,VEN,12936,5336,7600,10852,2084,ITH,ITH3,5,Veneto
2021-03-27,FVG,4985,2560,2425,3574,1411,ITH,ITH4,6,Friuli-Venezia Giulia
2021-02-15,PUG,3252,1268,1984,2632,620,ITF,ITF4,16,Puglia
2021-03-15,LAZ,19278,8334,10944,12539,6739,ITI,ITI4,12,Lazio
2021-03-22,SAR,3551,1363,2188,3038,513,ITG,ITG2,20,Sardegna
2021-03-25,MAR,6656,2772,3884,3247,3409,ITI,ITI3,11,Marche
2021-05-06,CAL,13251,6270,6981,8992,4259,ITF,ITF6,18,Calabria
2021-03-16,MOL,614,230,384,267,347,ITF,ITF2,14,Molise
2021-04-15,PAT,3182,1437,1745,3028,154,ITH,ITH2,4,Provincia Autonoma Trento
2021-01-17,TOS,2536,871,1665,2023,513,ITI,ITI1,9,Toscana
2021-02-10,LIG,2314,837,1477,1019,1295,ITC,ITC3,7,Liguria
2021-05-26,PUG,37321,17521,19800,26139,11182,ITF,ITF4,16,Puglia
2021-04-08,SAR,13428,5925,7503,8308,5120,ITG,ITG2,20,Sardegna
2020-12-29,SAR,57,32,25,57,0,ITG,ITG2,20,Sardegna
2021-03-11,PAB,1684,825,859,1146,538,ITH,ITH1,4,Provincia Autonoma Bolzano / Bozen
2021-01-11,MOL,557,194,363,557,0,ITF,ITF2,14,Molise
2021-02-25,PAB,1498,549,949,1497,1,ITH,ITH1,4,Provincia Autonoma Bolzano / Bozen
2021-05-11,LOM,86782,41393,45389,60638,26144,ITC,ITC4,3,Lombardia
2021-03-10,PIE,13634,5169,8465,11340,2294,ITC,ITC1,1,Piemonte
2021-05-25,CAM,45967,21932,24035,22884,23083,ITF,ITF3,15,Campania
2021-06-02,PAB,1443,809,634,987,456,ITH,ITH1,4,Provincia Autonoma Bolzano / Bozen
2021-03-27,PIE,18387,7829,10558,9556,8831,ITC,ITC1,1,Piemonte
2021-04-05,CAL,3501,1648,1853,2602,899,ITF,ITF6,18,Calabria
2021-04-22,SAR,10491,4647,5844,5572,4919,ITG,ITG2,20,Sardegna
2021-01-10,VEN,5032,1671,3361,5032,0,ITH,ITH3,5,Veneto
2021-03-21,ABR,2135,914,1221,844,1291,ITF,ITF1,13,Abruzzo
2021-01-05,LAZ,7374,2802,4572,7374,0,ITI,ITI4,12,Lazio
2021-01-12,SAR,865,408,457,865,0,ITG,ITG2,20,Sardegna
2021-02-05,EMR,9317,2966,6351,1638,7679,ITH,ITH5,8,Emilia-Romagna
2021-05-28,LOM,93123,44613,48510,42866,50257,ITC,ITC4,3,Lombardia
2021-04-15,FVG,6488,2860,3628,5217,1271,ITH,ITH4,6,Friuli-Venezia Giulia
2021-02-17,LOM,11974,3746,8228,10585,1389,ITC,ITC4,3,Lombardia
2021-03-15,SIC,10522,4599,5923,5630,4892,ITG,ITG1,19,Sicilia
2021-03-08,TOS,6371,2630,3741,1551,4820,ITI,ITI1,9,Toscana
2021-04-29,FVG,6697,2939,3758,4164,2533,ITH,ITH4,6,Friuli-Venezia Giulia
2021-02-20,MAR,4121,1705,2416,4010,111,ITI,ITI3,11,Marche
2021-01-24,LAZ,5694,2229,3465,612,5082,ITI,ITI4,12,Lazio
2021-01-27,PUG,4581,1932,2649,611,3970,ITF,ITF4,16,Puglia
2021-01-05,FVG,1678,551,1127,1678,0,ITH,ITH4,6,Friuli-Venezia Giulia
2021-02-07,LAZ,4944,2025,2919,387,4557,ITI,ITI4,12,Lazio
2021-03-27,PAT,1616,710,906,1363,253,ITH,ITH2,4,Provincia Autonoma Trento
2021-05-07,PUG,49489,22071,27418,26219,23270,ITF,ITF4,16,Puglia
2021-05-30,TOS,28653,13942,14711,21714,6939,ITI,ITI1,9,Toscana
2021-03-18,LIG,4981,2124,2857,2008,2973,ITC,ITC3,7,Liguria
2021-05-18,LAZ,44249,20165,24084,34906,9343,ITI,ITI4,12,Lazio
2021-03-21,BAS,1048,482,566,354,694,ITF,ITF5,17,Basilicata
2021-04-01,LIG,12375,5467,6908,9605,2770,ITC,ITC3,7,Liguria
2021-01-13,PUG,4542,1730,2812,4542,0,ITF,ITF4,16,Puglia
2021-02-08,PAB,2,1,1,1,1,ITH,ITH1,4,Provincia Autonoma Bolzano / Bozen
2021-04-22,CAM,33941,16531,17410,21538,12403,ITF,ITF3,15,Campania
2021-05-23,VEN,34460,16447,18013,11068,23392,ITH,ITH3,5,Veneto
2021-06-04,PAT,5713,2562,3151,1808,3905,ITH,ITH2,4,Provincia Autonoma Trento
2021-06-08,CAL,15776,7438,8338,13835,1941,ITF,ITF6,18,Calabria
2021-01-20,MAR,403,100,303,384,19,ITI,ITI3,11,Marche
2021-05-29,BAS,3012,1511,1501,831,2181,ITF,ITF5,17,Basilicata
2021-01-12,CAM,5214,2563,2651,5214,0,ITF,ITF3,15,Campania
2021-02-12,VEN,4314,1447,2867,3742,572,ITH,ITH3,5,Veneto
2021-03-19,VDA,322,85,237,286,36,ITC,ITC2,2,Valle d'Aosta / Vallée d'Aoste
2021-02-03,MAR,2124,741,1383,119,2005,ITI,ITI3,11,Marche
2021-03-17,CAL,3985,1772,2213,2138,1847,ITF,ITF6,18,Calabria
2021-04-06,PUG,13590,6030,7560,6840,6750,ITF,ITF4,16,Puglia
2021-05-11,SAR,8648,3989,4659,6317,2331,ITG,ITG2,20,Sardegna
2021-01-25,MOL,319,130,189,3,316,ITF,ITF2,14,Molise
2021-01-29,VEN,9020,2788,6232,367,8653,ITH,ITH3,5,Veneto
2021-01-31,SAR,2121,750,1371,48,2073,ITG,ITG2,20,Sardegna
2021-05-14,MAR,13493,6218,7275,6720,6773,ITI,ITI3,11,Marche
2021-02-05,FVG,2614,785,1829,90,2524,ITH,ITH4,6,Friuli-Venezia Giulia
2021-02-24,PAT,1321,523,798,924,397,ITH,ITH2,4,Provincia Autonoma Trento
2021-05-05,MOL,2413,1042,1371,2272,141,ITF,ITF2,14,Molise
2021-05-06,CAM,57261,27896,29365,42821,14440,ITF,ITF3,15,Campania
2021-05-19,PAB,3611,1836,1775,1838,1773,ITH,ITH1,4,Provincia Autonoma Bolzano / Bozen
2021-01-03,PAB,41,16,25,41,0,ITH,ITH1,4,Provincia Autonoma Bolzano / Bozen
2021-04-14,FVG,7215,3118,4097,5503,1712,ITH,ITH4,6,Friuli-Venezia Giulia
2021-01-13,ABR,1253,440,813,1253,0,ITF,ITF1,13,Abruzzo
2021-06-03,PAT,4672,2192,2480,1295,3377,ITH,ITH2,4,Provincia Autonoma Trento
2021-01-19,PIE,6466,2105,4361,6454,12,ITC,ITC1,1,Piemonte
2021-02-14,SAR,539,263,276,537,2,ITG,ITG2,20,Sardegna
2021-06-08,LIG,17405,8688,8717,10980,6425,ITC,ITC3,7,Liguria
2021-04-13,PAB,2391,1130,1261,2384,7,ITH,ITH1,4,Provincia Autonoma Bolzano / Bozen
2021-05-03,LAZ,39135,17653,21482,26556,12579,ITI,ITI4,12,Lazio
2021-05-07,VDA,564,245,319,533,31,ITC,ITC2,2,Valle d'Aosta / Vallée d'Aoste
2021-03-17,LIG,5552,2368,3184,2473,3079,ITC,ITC3,7,Liguria
2021-04-23,VDA,921,443,478,538,383,ITC,ITC2,2,Valle d'Aosta / Vallée d'Aoste
2021-05-04,MOL,2705,1181,1524,2577,128,ITF,ITF2,14,Molise
2021-05-08,VEN,41268,18662,22606,29468,11800,ITH,ITH3,5,Veneto
2021-01-13,VDA,337,110,227,337,0,ITC,ITC2,2,Valle d'Aosta / Vallée d'Aoste
2021-01-10,MOL,270,72,198,270,0,ITF,ITF2,14,Molise
2021-04-05,LOM,27377,11694,15683,19274,8103,ITC,ITC4,3,Lombardia
2021-04-06,VDA,741,381,360,629,112,ITC,ITC2,2,Valle d'Aosta / Vallée d'Aoste
2021-04-20,MOL,2318,1025,1293,1220,1098,ITF,ITF2,14,Molise
2021-06-09,MOL,634,372,262,338,296,ITF,ITF2,14,Molise
2021-01-13,BAS,916,387,529,916,0,ITF,ITF5,17,Basilicata
2020-12-31,TOS,803,202,601,803,0,ITI,ITI1,9,Toscana
2021-04-14,PIE,27707,12560,15147,23182,4525,ITC,ITC1,1,Piemonte
2021-04-23,BAS,4536,2185,2351,3536,1000,ITF,ITF5,17,Basilicata
2021-05-23,MOL,1699,863,836,1694,5,ITF,ITF2,14,Molise
2021-04-10,TOS,11722,5348,6374,10977,745,ITI,ITI1,9,Toscana
2021-04-14,EMR,27015,12826,14189,20911,6104,ITH,ITH5,8,Emilia-Romagna
2021-01-19,PAT,405,77,328,405,0,ITH,ITH2,4,Provincia Autonoma Trento
2021-01-30,BAS,704,227,477,128,576,ITF,ITF5,17,Basilicata
2021-03-01,PUG,15096,5864,9232,13726,1370,ITF,ITF4,16,Puglia
2021-02-13,ABR,852,384,468,438,414,ITF,ITF1,13,Abruzzo
2021-04-19,CAL,7844,3783,4061,6178,1666,ITF,ITF6,18,Calabria
2021-01-21,EMR,2164,729,1435,819,1345,ITH,ITH5,8,Emilia-Romagna
2021-02-11,UMB,842,349,493,837,5,ITI,ITI2,10,Umbria
2021-05-22,SIC,47985,22787,25198,28654,19331,ITG,ITG1,19,Sicilia
2021-05-22,UMB,6911,2712,4199,2640,4271,ITI,ITI2,10,Umbria
2021-02-28,SIC,7165,3063,4102,6535,630,ITG,ITG1,19,Sicilia
2021-02-28,CAM,10411,3206,7205,8511,1900,ITF,ITF3,15,Campania
2021-01-09,CAL,1926,1041,885,1926,0,ITF,ITF6,18,Calabria
2021-06-08,SIC,46803,21946,24857,40340,6463,ITG,ITG1,19,Sicilia
2021-03-18,VDA,136,43,93,99,37,ITC,ITC2,2,Valle d'Aosta / Vallée d'Aoste
2021-06-03,FVG,11444,6142,5302,9600,1844,ITH,ITH4,6,Friuli-Venezia Giulia
2021-03-04,ABR,5935,2359,3576,5013,922,ITF,ITF1,13,Abruzzo
2021-04-05,SAR,2036,784,1252,2035,1,ITG,ITG2,20,Sardegna
2021-01-31,LOM,9732,3760,5972,29,9703,ITC,ITC4,3,Lombardia
2021-02-14,CAM,3928,1923,2005,3894,34,ITF,ITF3,15,Campania
2021-02-22,PAB,526,143,383,514,12,ITH,ITH1,4,Provincia Autonoma Bolzano / Bozen
2021-03-14,LAZ,17102,6614,10488,11948,5154,ITI,ITI4,12,Lazio
2021-05-06,LIG,14467,6404,8063,6167,8300,ITC,ITC3,7,Liguria
2021-03-07,BAS,888,309,579,850,38,ITF,ITF5,17,Basilicata
2021-05-13,FVG,11026,5304,5722,9008,2018,ITH,ITH4,6,Friuli-Venezia Giulia
2021-05-28,LIG,16025,7922,8103,11562,4463,ITC,ITC3,7,Liguria
2020-12-30,PUG,1,0,1,1,0,ITF,ITF4,16,Puglia
2021-01-09,BAS,557,160,397,557,0,ITF,ITF5,17,Basilicata
2021-01-05,LIG,2879,896,1983,2879,0,ITC,ITC3,7,Liguria
2021-06-09,PAB,2057,1034,1023,654,1403,ITH,ITH1,4,Provincia Autonoma Bolzano / Bozen
2021-02-26,VEN,8295,3271,5024,7038,1257,ITH,ITH3,5,Veneto
2021-01-09,LAZ,6297,2562,3735,6297,0,ITI,ITI4,12,Lazio
2021-03-01,PAB,922,221,701,921,1,ITH,ITH1,4,Provincia Autonoma Bolzano / Bozen
2021-04-24,VEN,24737,10818,13919,15658,9079,ITH,ITH3,5,Veneto
2021-05-07,ABR,12188,5699,6489,7763,4425,ITF,ITF1,13,Abruzzo
2021-02-16,FVG,2516,1135,1381,2400,116,ITH,ITH4,6,Friuli-Venezia Giulia
2021-03-03,LIG,4580,1847,2733,3554,1026,ITC,ITC3,7,Liguria
2021-04-12,SAR,6990,3179,3811,5276,1714,ITG,ITG2,20,Sardegna
2021-01-02,SAR,60,21,39,60,0,ITG,ITG2,20,Sardegna
2021-03-15,PAB,1192,451,741,710,482,ITH,ITH1,4,Provincia Autonoma Bolzano / Bozen
2021-05-13,PIE,35385,17291,18094,20526,14859,ITC,ITC1,1,Piemonte
2021-06-08,SAR,14188,6667,7521,11203,2985,ITG,ITG2,20,Sardegna
2021-04-22,MAR,10795,4930,5865,9217,1578,ITI,ITI3,11,Marche
2021-05-20,PAT,4998,2353,2645,3373,1625,ITH,ITH2,4,Provincia Autonoma Trento
2021-02-02,PIE,10241,3509,6732,816,9425,ITC,ITC1,1,Piemonte
2021-02-28,SAR,368,169,199,142,226,ITG,ITG2,20,Sardegna
2021-02-24,MAR,3486,1515,1971,3408,78,ITI,ITI3,11,Marche
2021-03-24,PAT,2376,940,1436,1556,820,ITH,ITH2,4,Provincia Autonoma Trento
2021-03-22,PUG,9353,4556,4797,3708,5645,ITF,ITF4,16,Puglia
2021-03-31,PIE,19108,8103,11005,10414,8694,ITC,ITC1,1,Piemonte
2021-04-19,LAZ,30059,13661,16398,19381,10678,ITI,ITI4,12,Lazio
2021-04-26,SAR,6820,3263,3557,5945,875,ITG,ITG2,20,Sardegna
2021-04-27,PAB,2226,1013,1213,1150,1076,ITH,ITH1,4,Provincia Autonoma Bolzano / Bozen
2021-01-14,VEN,7064,1925,5139,7064,0,ITH,ITH3,5,Veneto
2021-01-17,PAB,2328,1044,1284,2317,11,ITH,ITH1,4,Provincia Autonoma Bolzano / Bozen
2021-01-24,PUG,1669,749,920,153,1516,ITF,ITF4,16,Puglia
2021-02-21,LAZ,6988,3179,3809,6525,463,ITI,ITI4,12,Lazio
2021-02-25,VDA,201,101,100,194,7,ITC,ITC2,2,Valle d'Aosta / Vallée d'Aoste
2021-05-27,PIE,36990,17130,19860,19064,17926,ITC,ITC1,1,Piemonte
2021-02-09,PAT,916,287,629,442,474,ITH,ITH2,4,Provincia Autonoma Trento
2021-03-12,VEN,18589,8139,10450,11846,6743,ITH,ITH3,5,Veneto
2021-06-01,LOM,93674,45967,47707,76759,16915,ITC,ITC4,3,Lombardia
2021-01-02,LOM,199,72,127,199,0,ITC,ITC4,3,Lombardia
2021-02-16,PIE,3967,1756,2211,3209,758,ITC,ITC1,1,Piemonte
2021-06-08,LOM,101413,51548,49865,88117,13296,ITC,ITC4,3,Lombardia
2021-03-15,PUG,11793,5634,6159,5292,6501,ITF,ITF4,16,Puglia
2021-02-28,LOM,7882,3253,4629,7672,210,ITC,ITC4,3,Lombardia
2021-05-03,CAL,14743,6756,7987,10541,4202,ITF,ITF6,18,Calabria
2021-01-17,PUG,1308,590,718,1239,69,ITF,ITF4,16,Puglia
2021-03-14,CAM,8501,3721,4780,4362,4139,ITF,ITF3,15,Campania
2021-02-15,MOL,144,70,74,141,3,ITF,ITF2,14,Molise
2021-03-17,PAT,2067,790,1277,1199,868,ITH,ITH2,4,Provincia Autonoma Trento
2021-04-26,LOM,87926,40919,47007,68769,19157,ITC,ITC4,3,Lombardia
2021-04-27,PUG,26608,12041,14567,21022,5586,ITF,ITF4,16,Puglia
2021-05-07,BAS,4649,2284,2365,3295,1354,ITF,ITF5,17,Basilicata
2021-05-10,CAM,35417,16374,19043,25499,9918,ITF,ITF3,15,Campania
2021-06-04,MAR,14339,7291,7048,11900,2439,ITI,ITI3,11,Marche
2021-03-21,CAL,4456,1926,2530,2732,1724,ITF,ITF6,18,Calabria
2021-04-08,MAR,7521,3285,4236,7194,327,ITI,ITI3,11,Marche
2021-04-12,SIC,18770,9117,9653,11520,7250,ITG,ITG1,19,Sicilia
2021-05-08,TOS,29149,13113,16036,13695,15454,ITI,ITI1,9,Toscana
2021-03-24,FVG,3766,1530,2236,2286,1480,ITH,ITH4,6,Friuli-Venezia Giulia
2021-03-25,ABR,5686,2561,3125,3070,2616,ITF,ITF1,13,Abruzzo
2021-02-14,SIC,1058,403,655,918,140,ITG,ITG1,19,Sicilia
2021-03-12,TOS,16524,6221,10303,12996,3528,ITI,ITI1,9,Toscana
2021-04-28,EMR,33709,15582,18127,20821,12888,ITH,ITH5,8,Emilia-Romagna
2021-01-27,ABR,1364,515,849,39,1325,ITF,ITF1,13,Abruzzo
2021-05-20,FVG,12525,6180,6345,10100,2425,ITH,ITH4,6,Friuli-Venezia Giulia
2021-06-08,CAM,50918,24616,26302,44234,6684,ITF,ITF3,15,Campania
2021-01-14,TOS,3255,1179,2076,3255,0,ITI,ITI1,9,Toscana
2021-03-07,CAL,3336,1703,1633,3246,90,ITF,ITF6,18,Calabria
2021-06-05,UMB,8144,3740,4404,5496,2648,ITI,ITI2,10,Umbria
2021-01-02,SIC,4832,2511,2321,4832,0,ITG,ITG1,19,Sicilia
2021-04-24,TOS,13434,6164,7270,5990,7444,ITI,ITI1,9,Toscana
2021-01-26,FVG,1977,647,1330,217,1760,ITH,ITH4,6,Friuli-Venezia Giulia
2021-04-26,CAM,34002,16637,17365,28380,5622,ITF,ITF3,15,Campania
2021-05-21,ABR,13018,6333,6685,8040,4978,ITF,ITF1,13,Abruzzo
2021-04-17,VEN,22404,9078,13326,15124,7280,ITH,ITH3,5,Veneto
2021-02-24,LIG,3763,1560,2203,3505,258,ITC,ITC3,7,Liguria
2021-04-20,PAB,1561,784,777,1560,1,ITH,ITH1,4,Provincia Autonoma Bolzano / Bozen
2021-01-07,VEN,8358,2317,6041,8358,0,ITH,ITH3,5,Veneto
2020-12-29,LIG,125,33,92,125,0,ITC,ITC3,7,Liguria
2021-01-10,PAB,2,2,0,2,0,ITH,ITH1,4,Provincia Autonoma Bolzano / Bozen
2021-03-18,ABR,3896,1651,2245,2065,1831,ITF,ITF1,13,Abruzzo
2021-01-12,LIG,2459,885,1574,2459,0,ITC,ITC3,7,Liguria
2021-02-09,FVG,1842,555,1287,1556,286,ITH,ITH4,6,Friuli-Venezia Giulia
2021-06-01,SAR,14150,6502,7648,9673,4477,ITG,ITG2,20,Sardegna
2021-02-21,SAR,1589,710,879,1559,30,ITG,ITG2,20,Sardegna
2021-04-22,LIG,13817,6194,7623,8747,5070,ITC,ITC3,7,Liguria
2021-01-21,VEN,2293,719,1574,21,2272,ITH,ITH3,5,Veneto
2021-02-02,PAT,907,240,667,190,717,ITH,ITH2,4,Provincia Autonoma Trento
2021-03-03,MAR,6646,3046,3600,5762,884,ITI,ITI3,11,Marche
2021-01-06,VDA,65,33,32,65,0,ITC,ITC2,2,Valle d'Aosta / Vallée d'Aoste
2021-04-19,SAR,10181,4617,5564,8762,1419,ITG,ITG2,20,Sardegna
2021-01-05,MAR,1564,587,977,1564,0,ITI,ITI3,11,Marche
2021-05-13,PAT,3406,1579,1827,2305,1101,ITH,ITH2,4,Provincia Autonoma Trento
2021-05-14,BAS,5907,2798,3109,3374,2533,ITF,ITF5,17,Basilicata
2021-01-09,SAR,4026,1417,2609,4026,0,ITG,ITG2,20,Sardegna
2021-02-14,LAZ,5774,2371,3403,5303,471,ITI,ITI4,12,Lazio
2021-03-24,PIE,15505,6341,9164,6378,9127,ITC,ITC1,1,Piemonte
2021-03-09,MAR,5428,2290,3138,4548,880,ITI,ITI3,11,Marche
2021-04-20,CAL,7845,3956,3889,6119,1726,ITF,ITF6,18,Calabria
2021-05-10,PUG,37424,16506,20918,19551,17873,ITF,ITF4,16,Puglia
2021-02-28,MOL,832,334,498,790,42,ITF,ITF2,14,Molise
2021-03-01,CAM,12130,4247,7883,8017,4113,ITF,ITF3,15,Campania
2021-01-01,TOS,2369,787,1582,2369,0,ITI,ITI1,9,Toscana
2021-02-22,FVG,2485,1193,1292,2067,418,ITH,ITH4,6,Friuli-Venezia Giulia
2021-04-24,ABR,8709,3970,4739,7179,1530,ITF,ITF1,13,Abruzzo
2021-04-11,TOS,3642,1679,1963,3487,155,ITI,ITI1,9,Toscana
2021-03-30,SIC,14423,6670,7753,9660,4763,ITG,ITG1,19,Sicilia
2021-05-09,CAM,43171,20273,22898,32079,11092,ITF,ITF3,15,Campania
2021-01-11,LIG,2653,989,1664,2653,0,ITC,ITC3,7,Liguria
2021-04-15,EMR,29294,13965,15329,19622,9672,ITH,ITH5,8,Emilia-Romagna
2021-06-02,FVG,9386,4942,4444,9113,273,ITH,ITH4,6,Friuli-Venezia Giulia
2021-01-14,ABR,530,189,341,530,0,ITF,ITF1,13,Abruzzo
2021-03-13,SIC,12207,5385,6822,7717,4490,ITG,ITG1,19,Sicilia
2021-02-27,MOL,1366,568,798,1347,19,ITF,ITF2,14,Molise
2021-03-19,BAS,2290,992,1298,262,2028,ITF,ITF5,17,Basilicata
2021-03-06,TOS,7094,2838,4256,2901,4193,ITI,ITI1,9,Toscana
2021-03-17,UMB,3331,1313,2018,1859,1472,ITI,ITI2,10,Umbria
2021-05-24,VDA,1135,516,619,688,447,ITC,ITC2,2,Valle d'Aosta / Vallée d'Aoste
2021-06-07,MOL,1901,841,1060,1128,773,ITF,ITF2,14,Molise
2021-03-10,EMR,18733,7684,11049,13091,5642,ITH,ITH5,8,Emilia-Romagna
2021-05-10,VDA,782,381,401,547,235,ITC,ITC2,2,Valle d'Aosta / Vallée d'Aoste
2021-05-20,LAZ,50707,24196,26511,37433,13274,ITI,ITI4,12,Lazio
2021-02-13,MOL,132,80,52,132,0,ITF,ITF2,14,Molise
2021-04-13,MAR,9838,4259,5579,9605,233,ITI,ITI3,11,Marche
2021-01-07,UMB,1300,387,913,1300,0,ITI,ITI2,10,Umbria
2021-01-10,CAM,8165,3736,4429,8165,0,ITF,ITF3,15,Campania
2021-02-07,FVG,1562,483,1079,385,1177,ITH,ITH4,6,Friuli-Venezia Giulia
2021-04-17,SIC,26034,13153,12881,18968,7066,ITG,ITG1,19,Sicilia
2021-01-03,PAT,492,160,332,492,0,ITH,ITH2,4,Provincia Autonoma Trento
2021-05-24,MOL,1959,851,1108,1293,666,ITF,ITF2,14,Molise
2021-03-20,SAR,5194,2074,3120,2917,2277,ITG,ITG2,20,Sardegna
2021-02-16,BAS,906,377,529,808,98,ITF,ITF5,17,Basilicata
2021-05-07,MOL,2641,1226,1415,2044,597,ITF,ITF2,14,Molise
2021-02-06,PAB,2626,1171,1455,19,2607,ITH,ITH1,4,Provincia Autonoma Bolzano / Bozen
2021-02-13,PUG,3727,1456,2271,3031,696,ITF,ITF4,16,Puglia
2021-05-18,FVG,10561,5269,5292,8543,2018,ITH,ITH4,6,Friuli-Venezia Giulia
2021-01-10,LIG,648,262,386,648,0,ITC,ITC3,7,Liguria
2021-02-12,CAL,1710,667,1043,945,765,ITF,ITF6,18,Calabria
2021-03-03,VEN,12044,4597,7447,8546,3498,ITH,ITH3,5,Veneto
2021-03-17,SIC,14878,7353,7525,9187,5691,ITG,ITG1,19,Sicilia
2021-03-20,LOM,32497,12144,20353,22650,9847,ITC,ITC4,3,Lombardia
2021-04-20,LIG,14213,6504,7709,9867,4346,ITC,ITC3,7,Liguria
2021-04-03,CAM,21115,10315,10800,18735,2380,ITF,ITF3,15,Campania
2021-06-01,FVG,9769,4876,4893,7690,2079,ITH,ITH4,6,Friuli-Venezia Giulia
2021-05-18,PIE,31833,14601,17232,19370,12463,ITC,ITC1,1,Piemonte
2021-06-06,LAZ,57678,27731,29947,35328,22350,ITI,ITI4,12,Lazio
2020-12-27,LOM,717,413,304,717,0,ITC,ITC4,3,Lombardia
2021-05-18,EMR,29032,13228,15804,18566,10466,ITH,ITH5,8,Emilia-Romagna
2021-02-16,ABR,1917,842,1075,1905,12,ITF,ITF1,13,Abruzzo
2021-02-03,TOS,4221,1452,2769,241,3980,ITI,ITI1,9,Toscana
2021-02-07,EMR,4793,1537,3256,1732,3061,ITH,ITH5,8,Emilia-Romagna
2021-03-02,ABR,3962,1675,2287,3278,684,ITF,ITF1,13,Abruzzo
2021-02-26,LAZ,13073,5699,7374,11711,1362,ITI,ITI4,12,Lazio
2021-02-24,EMR,9351,3566,5785,8467,884,ITH,ITH5,8,Emilia-Romagna
2021-04-21,VDA,868,410,458,620,248,ITC,ITC2,2,Valle d'Aosta / Vallée d'Aoste
2021-01-05,EMR,9361,3170,6191,9361,0,ITH,ITH5,8,Emilia-Romagna
2021-06-02,MAR,11904,5943,5961,11227,677,ITI,ITI3,11,Marche
2021-01-28,BAS,903,401,502,119,784,ITF,ITF5,17,Basilicata
2021-01-15,TOS,3878,1347,2531,3878,0,ITI,ITI1,9,Toscana
2021-01-26,UMB,816,390,426,18,798,ITI,ITI2,10,Umbria
2021-04-18,MOL,1083,483,600,149,934,ITF,ITF2,14,Molise
2021-03-21,VDA,355,165,190,355,0,ITC,ITC2,2,Valle d'Aosta / Vallée d'Aoste
2021-04-29,EMR,44945,21132,23813,27398,17547,ITH,ITH5,8,Emilia-Romagna
2021-01-19,EMR,2045,505,1540,2028,17,ITH,ITH5,8,Emilia-Romagna
2021-02-22,MAR,3414,1499,1915,3339,75,ITI,ITI3,11,Marche
2021-02-12,UMB,671,224,447,665,6,ITI,ITI2,10,Umbria
2021-02-22,PAT,745,259,486,661,84,ITH,ITH2,4,Provincia Autonoma Trento
2021-04-04,MOL,253,141,112,238,15,ITF,ITF2,14,Molise
2021-02-26,UMB,660,253,407,652,8,ITI,ITI2,10,Umbria
2021-03-29,FVG,6875,3001,3874,5296,1579,ITH,ITH4,6,Friuli-Venezia Giulia
2021-06-06,SIC,49025,23692,25333,41208,7817,ITG,ITG1,19,Sicilia
2021-01-29,SAR,2955,1069,1886,48,2907,ITG,ITG2,20,Sardegna
2021-03-18,MOL,1156,476,680,692,464,ITF,ITF2,14,Molise
2021-01-03,PIE,3063,967,2096,3063,0,ITC,ITC1,1,Piemonte
2021-03-28,PAB,569,212,357,11,558,ITH,ITH1,4,Provincia Autonoma Bolzano / Bozen
2021-05-23,LIG,2305,1119,1186,1182,1123,ITC,ITC3,7,Liguria
2021-01-14,BAS,969,413,556,969,0,ITF,ITF5,17,Basilicata
2021-02-26,SIC,11885,5812,6073,10203,1682,ITG,ITG1,19,Sicilia
2021-04-22,VEN,31924,13896,18028,16184,15740,ITH,ITH3,5,Veneto
2021-01-28,ABR,1433,495,938,12,1421,ITF,ITF1,13,Abruzzo
2021-03-01,LIG,3506,1430,2076,3384,122,ITC,ITC3,7,Liguria
2021-04-03,CAL,8885,3812,5073,4285,4600,ITF,ITF6,18,Calabria
2021-05-06,SIC,29164,13872,15292,18505,10659,ITG,ITG1,19,Sicilia
2021-05-23,CAM,58715,28617,30098,37838,20877,ITF,ITF3,15,Campania
2021-05-01,LAZ,37938,17077,20861,25987,11951,ITI,ITI4,12,Lazio
2021-05-09,LOM,69538,32815,36723,56427,13111,ITC,ITC4,3,Lombardia
2021-06-09,LIG,5929,2911,3018,3579,2350,ITC,ITC3,7,Liguria
2021-02-12,CAM,6529,2861,3668,6343,186,ITF,ITF3,15,Campania
2021-04-07,BAS,1220,550,670,1182,38,ITF,ITF5,17,Basilicata
2021-01-29,LOM,13438,4115,9323,651,12787,ITC,ITC4,3,Lombardia
2021-04-17,LAZ,32319,14182,18137,20363,11956,ITI,ITI4,12,Lazio
2021-05-18,PAT,4245,2008,2237,3403,842,ITH,ITH2,4,Provincia Autonoma Trento
2021-03-29,EMR,21205,9445,11760,16554,4651,ITH,ITH5,8,Emilia-Romagna
2021-03-29,PIE,15161,6385,8776,8549,6612,ITC,ITC1,1,Piemonte
2021-01-11,ABR,1551,557,994,1551,0,ITF,ITF1,13,Abruzzo
2021-05-06,UMB,9461,4313,5148,6151,3310,ITI,ITI2,10,Umbria
2021-03-25,TOS,23623,10128,13495,15274,8349,ITI,ITI1,9,Toscana
2021-01-29,CAM,10052,4812,5240,47,10005,ITF,ITF3,15,Campania
2021-03-02,VDA,339,166,173,336,3,ITC,ITC2,2,Valle d'Aosta / Vallée d'Aoste
2021-04-21,ABR,6387,3100,3287,4713,1674,ITF,ITF1,13,Abruzzo
2021-01-28,CAL,2238,1112,1126,83,2155,ITF,ITF6,18,Calabria
2021-04-25,BAS,2986,1458,1528,2933,53,ITF,ITF5,17,Basilicata
2021-05-09,PUG,30558,12517,18041,14980,15578,ITF,ITF4,16,Puglia
2021-01-28,SAR,2970,1045,1925,69,2901,ITG,ITG2,20,Sardegna
2021-04-12,PIE,22944,10363,12581,19954,2990,ITC,ITC1,1,Piemonte
2021-04-12,TOS,2612,1183,1429,1958,654,ITI,ITI1,9,Toscana
2021-02-21,EMR,4450,1708,2742,4010,440,ITH,ITH5,8,Emilia-Romagna
2021-03-05,LOM,28899,11918,16981,20497,8402,ITC,ITC4,3,Lombardia
2021-03-27,MAR,7380,3074,4306,5022,2358,ITI,ITI3,11,Marche
2021-05-08,CAL,18283,8329,9954,10481,7802,ITF,ITF6,18,Calabria
2021-01-02,PIE,3545,1134,2411,3545,0,ITC,ITC1,1,Piemonte
2021-03-19,CAM,11037,4870,6167,7165,3872,ITF,ITF3,15,Campania
2021-02-10,MOL,151,79,72,131,20,ITF,ITF2,14,Molise
2021-03-12,PAT,2506,936,1570,1701,805,ITH,ITH2,4,Provincia Autonoma Trento
2021-04-10,MAR,10916,4620,6296,10603,313,ITI,ITI3,11,Marche
2021-05-22,CAL,22140,10544,11596,14317,7823,ITF,ITF6,18,Calabria
2021-01-03,MAR,898,350,548,898,0,ITI,ITI3,11,Marche
2021-04-22,PUG,22914,10471,12443,18046,4868,ITF,ITF4,16,Puglia
2021-05-12,BAS,4722,2324,2398,2839,1883,ITF,ITF5,17,Basilicata
2021-05-21,MOL,2095,1050,1045,1773,322,ITF,ITF2,14,Molise
2021-03-19,LOM,32402,12908,19494,19216,13186,ITC,ITC4,3,Lombardia
2021-05-13,TOS,34880,15336,19544,13724,21156,ITI,ITI1,9,Toscana
2021-01-27,MOL,674,251,423,8,666,ITF,ITF2,14,Molise
2021-03-31,SIC,14372,6649,7723,9444,4928,ITG,ITG1,19,Sicilia
2021-05-15,FVG,12604,6077,6527,7923,4681,ITH,ITH4,6,Friuli-Venezia Giulia
2021-04-03,LIG,5404,2497,2907,4461,943,ITC,ITC3,7,Liguria
2021-04-21,CAL,11565,5807,5758,8630,2935,ITF,ITF6,18,Calabria
2021-05-01,FVG,7186,3244,3942,6143,1043,ITH,ITH4,6,Friuli-Venezia Giulia
2021-01-07,SIC,8890,4116,4774,8890,0,ITG,ITG1,19,Sicilia
2021-04-06,ABR,7681,3581,4100,5362,2319,ITF,ITF1,13,Abruzzo
2021-04-29,TOS,39344,17714,21630,19243,20101,ITI,ITI1,9,Toscana
2021-01-21,FVG,896,345,551,1,895,ITH,ITH4,6,Friuli-Venezia Giulia
2021-03-12,LAZ,22923,10143,12780,16609,6314,ITI,ITI4,12,Lazio
2021-06-04,PAB,6432,3214,3218,4925,1507,ITH,ITH1,4,Provincia Autonoma Bolzano / Bozen
2021-02-24,PAB,1367,406,961,1355,12,ITH,ITH1,4,Provincia Autonoma Bolzano / Bozen
2021-06-08,VEN,41812,21588,20224,36505,5307,ITH,ITH3,5,Veneto
2021-01-02,PAT,502,143,359,502,0,ITH,ITH2,4,Provincia Autonoma Trento
2021-05-25,VEN,27340,13133,14207,11512,15828,ITH,ITH3,5,Veneto
2021-05-27,SAR,16908,8469,8439,12142,4766,ITG,ITG2,20,Sardegna
2021-02-14,VEN,125,56,69,112,13,ITH,ITH3,5,Veneto
2021-02-21,FVG,801,281,520,423,378,ITH,ITH4,6,Friuli-Venezia Giulia
2021-02-16,SAR,700,289,411,673,27,ITG,ITG2,20,Sardegna
2021-03-24,TOS,19687,8004,11683,10230,9457,ITI,ITI1,9,Toscana
2021-05-01,PIE,28527,12993,15534,16729,11798,ITC,ITC1,1,Piemonte
2021-02-12,PUG,4212,1672,2540,3120,1092,ITF,ITF4,16,Puglia
2021-03-08,MAR,6264,2744,3520,5262,1002,ITI,ITI3,11,Marche
2021-01-11,VDA,325,112,213,325,0,ITC,ITC2,2,Valle d'Aosta / Vallée d'Aoste
2021-01-21,PIE,6923,2318,4605,3427,3496,ITC,ITC1,1,Piemonte
2021-01-24,LIG,756,237,519,113,643,ITC,ITC3,7,Liguria
2021-03-05,SAR,5036,2445,2591,2682,2354,ITG,ITG2,20,Sardegna
2021-02-09,LAZ,8798,3768,5030,4580,4218,ITI,ITI4,12,Lazio
2021-03-27,PAB,3050,1553,1497,1543,1507,ITH,ITH1,4,Provincia Autonoma Bolzano / Bozen
2021-03-29,PAT,2467,960,1507,1732,735,ITH,ITH2,4,Provincia Autonoma Trento
2021-04-02,CAL,8206,3744,4462,4335,3871,ITF,ITF6,18,Calabria
2021-02-28,VEN,4136,1389,2747,3299,837,ITH,ITH3,5,Veneto
2021-02-23,LAZ,11087,4780,6307,10325,762,ITI,ITI4,12,Lazio
2021-03-13,PAB,2885,1459,1426,2784,101,ITH,ITH1,4,Provincia Autonoma Bolzano / Bozen
2021-04-12,PAT,3090,1408,1682,2594,496,ITH,ITH2,4,Provincia Autonoma Trento
2021-05-15,PIE,33672,15703,17969,20037,13635,ITC,ITC1,1,Piemonte
2021-01-29,PUG,6198,2662,3536,436,5762,ITF,ITF4,16,Puglia
2021-04-06,BAS,1267,461,806,1082,185,ITF,ITF5,17,Basilicata
2021-06-01,PIE,28978,14477,14501,24767,4211,ITC,ITC1,1,Piemonte
2021-03-17,VEN,14643,5991,8652,7849,6794,ITH,ITH3,5,Veneto
2021-05-27,LOM,94485,45271,49214,41295,53190,ITC,ITC4,3,Lombardia
2021-01-08,MOL,429,141,288,429,0,ITF,ITF2,14,Molise
2021-02-21,PIE,5090,2083,3007,4988,102,ITC,ITC1,1,Piemonte
2021-02-21,TOS,5105,2089,3016,4935,170,ITI,ITI1,9,Toscana
2021-03-19,SAR,7269,3049,4220,5054,2215,ITG,ITG2,20,Sardegna
2021-02-05,MAR,2154,653,1501,439,1715,ITI,ITI3,11,Marche
2021-03-19,CAL,4186,1947,2239,1900,2286,ITF,ITF6,18,Calabria
2021-03-20,PUG,8262,3737,4525,3669,4593,ITF,ITF4,16,Puglia
2021-03-03,PUG,16671,6705,9966,14759,1912,ITF,ITF4,16,Puglia
2021-04-04,VDA,572,253,319,571,1,ITC,ITC2,2,Valle d'Aosta / Vallée d'Aoste
2021-05-08,CAM,56350,27098,29252,40526,15824,ITF,ITF3,15,Campania
2021-06-01,TOS,26700,13203,13497,23017,3683,ITI,ITI1,9,Toscana
2021-01-02,EMR,2374,915,1459,2374,0,ITH,ITH5,8,Emilia-Romagna
2021-04-24,LOM,75698,33549,42149,54614,21084,ITC,ITC4,3,Lombardia
2021-05-16,MAR,10898,4957,5941,6670,4228,ITI,ITI3,11,Marche
2021-01-28,CAM,8832,4121,4711,134,8698,ITF,ITF3,15,Campania
2021-02-05,PAB,3195,1181,2014,8,3187,ITH,ITH1,4,Provincia Autonoma Bolzano / Bozen
2021-03-23,BAS,1585,609,976,1412,173,ITF,ITF5,17,Basilicata
2021-01-14,LOM,26795,7779,19016,26795,0,ITC,ITC4,3,Lombardia
2021-01-21,PAT,352,95,257,228,124,ITH,ITH2,4,Provincia Autonoma Trento
2021-04-01,MOL,1469,667,802,743,726,ITF,ITF2,14,Molise
2021-05-30,MAR,9736,4690,5046,6747,2989,ITI,ITI3,11,Marche
2021-06-05,EMR,43488,22037,21451,36758,6730,ITH,ITH5,8,Emilia-Romagna
2021-05-01,PAT,4840,2464,2376,4805,35,ITH,ITH2,4,Provincia Autonoma Trento
2021-05-08,LOM,87410,40613,46797,65660,21750,ITC,ITC4,3,Lombardia
2021-02-09,SIC,4351,1802,2549,3316,1035,ITG,ITG1,19,Sicilia
2021-03-26,FVG,5803,2427,3376,3789,2014,ITH,ITH4,6,Friuli-Venezia Giulia
2021-05-09,ABR,9151,4087,5064,4283,4868,ITF,ITF1,13,Abruzzo
2021-03-18,MAR,3389,1475,1914,162,3227,ITI,ITI3,11,Marche
2021-04-29,CAL,11946,5811,6135,8390,3556,ITF,ITF6,18,Calabria
2021-01-21,VDA,33,12,21,33,0,ITC,ITC2,2,Valle d'Aosta / Vallée d'Aoste
2021-02-03,LIG,2314,790,1524,55,2259,ITC,ITC3,7,Liguria
2021-06-02,PUG,26813,13115,13698,22012,4801,ITF,ITF4,16,Puglia
2021-02-06,ABR,1611,743,868,602,1009,ITF,ITF1,13,Abruzzo
2021-04-12,CAL,6897,3350,3547,5249,1648,ITF,ITF6,18,Calabria
2021-06-01,UMB,4375,2086,2289,4222,153,ITI,ITI2,10,Umbria
2021-01-04,VDA,142,59,83,142,0,ITC,ITC2,2,Valle d'Aosta / Vallée d'Aoste
2021-05-25,EMR,24906,11096,13810,11606,13300,ITH,ITH5,8,Emilia-Romagna
2021-05-25,PIE,31011,14368,16643,15970,15041,ITC,ITC1,1,Piemonte
2021-01-19,CAL,1112,491,621,1101,11,ITF,ITF6,18,Calabria
2021-03-10,UMB,4013,1927,2086,2757,1256,ITI,ITI2,10,Umbria
2021-01-27,TOS,4835,1573,3262,206,4629,ITI,ITI1,9,Toscana
2021-02-14,EMR,1401,378,1023,1281,120,ITH,ITH5,8,Emilia-Romagna
2021-03-27,VEN,32050,13992,18058,26244,5806,ITH,ITH3,5,Veneto
2021-05-23,MAR,9208,4282,4926,7537,1671,ITI,ITI3,11,Marche
2021-01-21,CAM,2092,1115,977,676,1416,ITF,ITF3,15,Campania
2021-03-28,VDA,522,212,310,521,1,ITC,ITC2,2,Valle d'Aosta / Vallée d'Aoste
2021-01-16,UMB,221,73,148,221,0,ITI,ITI2,10,Umbria
2021-03-13,PUG,10393,4107,6286,8657,1736,ITF,ITF4,16,Puglia
2021-06-03,VEN,53876,27657,26219,42135,11741,ITH,ITH3,5,Veneto
2021-05-06,MAR,12655,5820,6835,5582,7073,ITI,ITI3,11,Marche
2021-02-15,PAB,72,42,30,26,46,ITH,ITH1,4,Provincia Autonoma Bolzano / Bozen
2021-03-11,VDA,197,76,121,66,131,ITC,ITC2,2,Valle d'Aosta / Vallée d'Aoste
2021-04-29,LIG,15550,6974,8576,6733,8817,ITC,ITC3,7,Liguria
2021-05-01,LOM,95895,43649,52246,66750,29145,ITC,ITC4,3,Lombardia
2021-05-27,FVG,12323,5809,6514,7204,5119,ITH,ITH4,6,Friuli-Venezia Giulia
2021-01-21,LOM,5317,1563,3754,4629,688,ITC,ITC4,3,Lombardia
2021-02-12,MAR,1582,618,964,1430,152,ITI,ITI3,11,Marche
2021-03-26,CAL,7912,3745,4167,4792,3120,ITF,ITF6,18,Calabria
2021-02-02,UMB,944,274,670,32,912,ITI,ITI2,10,Umbria
2021-02-24,PUG,10034,4703,5331,9445,589,ITF,ITF4,16,Puglia
2021-04-12,LIG,12381,5475,6906,10362,2019,ITC,ITC3,7,Liguria
2021-02-08,ABR,1197,396,801,487,710,ITF,ITF1,13,Abruzzo
2021-06-02,VDA,1215,688,527,814,401,ITC,ITC2,2,Valle d'Aosta / Vallée d'Aoste
2021-06-04,PUG,50445,24142,26303,33803,16642,ITF,ITF4,16,Puglia
2021-01-19,LIG,1371,438,933,1281,90,ITC,ITC3,7,Liguria
2021-03-17,TOS,11421,4586,6835,6893,4528,ITI,ITI1,9,Toscana
2021-05-11,PAB,2842,1334,1508,1320,1522,ITH,ITH1,4,Provincia Autonoma Bolzano / Bozen
2021-05-18,PUG,28240,12948,15292,15659,12581,ITF,ITF4,16,Puglia
2021-05-19,ABR,10693,5109,5584,7654,3039,ITF,ITF1,13,Abruzzo
2021-02-07,LOM,7308,2822,4486,338,6970,ITC,ITC4,3,Lombardia
2021-04-14,CAM,27637,13330,14307,19070,8567,ITF,ITF3,15,Campania
2021-02-05,LIG,2673,986,1687,304,2369,ITC,ITC3,7,Liguria
2021-05-01,CAM,46334,22659,23675,30231,16103,ITF,ITF3,15,Campania
2021-06-08,TOS,31786,16205,15581,31475,311,ITI,ITI1,9,Toscana
2021-02-26,TOS,10076,3833,6243,8870,1206,ITI,ITI1,9,Toscana
2021-05-27,EMR,41854,18518,23336,13983,27871,ITH,ITH5,8,Emilia-Romagna
2021-02-10,MAR,1439,452,987,1080,359,ITI,ITI3,11,Marche
2021-01-14,LAZ,5482,2144,3338,5482,0,ITI,ITI4,12,Lazio
2021-02-16,EMR,5772,2446,3326,5241,531,ITH,ITH5,8,Emilia-Romagna
2021-04-26,SIC,21689,10276,11413,13657,8032,ITG,ITG1,19,Sicilia
2021-06-06,TOS,28277,13639,14638,22922,5355,ITI,ITI1,9,Toscana
2021-03-31,SAR,10155,4051,6104,7708,2447,ITG,ITG2,20,Sardegna
2021-01-19,LOM,8051,2329,5722,7583,468,ITC,ITC4,3,Lombardia
2021-02-02,SIC,5270,2472,2798,629,4641,ITG,ITG1,19,Sicilia
2021-02-08,BAS,557,193,364,151,406,ITF,ITF5,17,Basilicata
2021-01-29,PAB,1497,510,987,24,1473,ITH,ITH1,4,Provincia Autonoma Bolzano / Bozen
2021-04-07,LAZ,24961,11322,13639,17656,7305,ITI,ITI4,12,Lazio
2021-04-12,CAM,23299,10917,12382,20263,3036,ITF,ITF3,15,Campania
2021-05-25,PAT,4747,2261,2486,1859,2888,ITH,ITH2,4,Provincia Autonoma Trento
2021-05-08,PAT,3155,1722,1433,2736,419,ITH,ITH2,4,Provincia Autonoma Trento
2021-05-19,BAS,2870,1498,1372,1194,1676,ITF,ITF5,17,Basilicata
2021-01-02,CAM,3672,1962,1710,3672,0,ITF,ITF3,15,Campania
2021-03-09,VDA,206,96,110,174,32,ITC,ITC2,2,Valle d'Aosta / Vallée d'Aoste
2021-04-22,PAB,2923,1500,1423,1981,942,ITH,ITH1,4,Provincia Autonoma Bolzano / Bozen
2021-04-26,UMB,5376,2329,3047,3124,2252,ITI,ITI2,10,Umbria
2021-02-25,BAS,1787,736,1051,1741,46,ITF,ITF5,17,Basilicata
2021-02-20,VDA,251,210,41,241,10,ITC,ITC2,2,Valle d'Aosta / Vallée d'Aoste
2020-12-28,LAZ,959,412,547,959,0,ITI,ITI4,12,Lazio
2021-02-14,PAT,246,186,60,11,235,ITH,ITH2,4,Provincia Autonoma Trento
2021-04-09,UMB,6793,3162,3631,6574,219,ITI,ITI2,10,Umbria
2021-05-09,PAB,4234,2405,1829,3081,1153,ITH,ITH1,4,Provincia Autonoma Bolzano / Bozen
2021-04-29,PUG,25992,12025,13967,19336,6656,ITF,ITF4,16,Puglia
2021-04-30,ABR,12392,5803,6589,6702,5690,ITF,ITF1,13,Abruzzo
2021-01-16,LAZ,5646,2281,3365,5646,0,ITI,ITI4,12,Lazio
2021-04-19,PIE,22537,10766,11771,18173,4364,ITC,ITC1,1,Piemonte
2021-01-14,SIC,5023,2381,2642,5023,0,ITG,ITG1,19,Sicilia
2021-04-13,ABR,5879,2752,3127,4679,1200,ITF,ITF1,13,Abruzzo
2021-04-26,LAZ,29187,13433,15754,19985,9202,ITI,ITI4,12,Lazio
2021-01-09,PIE,6184,2185,3999,6184,0,ITC,ITC1,1,Piemonte
2021-02-02,LAZ,5910,2213,3697,638,5272,ITI,ITI4,12,Lazio
2021-01-20,ABR,447,156,291,445,2,ITF,ITF1,13,Abruzzo
2021-02-19,VEN,7322,3140,4182,7118,204,ITH,ITH3,5,Veneto
2021-03-26,CAM,19459,8930,10529,15645,3814,ITF,ITF3,15,Campania
2021-02-03,MOL,731,249,482,338,393,ITF,ITF2,14,Molise
2021-01-28,FVG,2239,794,1445,354,1885,ITH,ITH4,6,Friuli-Venezia Giulia
2021-01-26,PIE,6332,1880,4452,735,5597,ITC,ITC1,1,Piemonte
2021-02-06,BAS,902,367,535,146,756,ITF,ITF5,17,Basilicata
2021-04-27,MOL,1593,767,826,465,1128,ITF,ITF2,14,Molise
2021-05-27,PAT,4257,1978,2279,1240,3017,ITH,ITH2,4,Provincia Autonoma Trento
2021-03-24,LIG,8943,3833,5110,5657,3286,ITC,ITC3,7,Liguria
2021-05-10,EMR,33830,16120,17710,26589,7241,ITH,ITH5,8,Emilia-Romagna
2021-05-08,FVG,10258,4636,5622,5481,4777,ITH,ITH4,6,Friuli-Venezia Giulia
2020-12-31,LIG,989,354,635,989,0,ITC,ITC3,7,Liguria
2021-04-30,BAS,5284,2373,2911,4121,1163,ITF,ITF5,17,Basilicata
2021-02-21,VEN,4633,1209,3424,4628,5,ITH,ITH3,5,Veneto
2021-04-28,UMB,5347,2317,3030,2964,2383,ITI,ITI2,10,Umbria
2021-03-06,PAB,3973,2081,1892,3762,211,ITH,ITH1,4,Provincia Autonoma Bolzano / Bozen
2021-04-10,LIG,7882,3556,4326,6968,914,ITC,ITC3,7,Liguria
2021-02-04,UMB,733,226,507,25,708,ITI,ITI2,10,Umbria
2021-05-15,VEN,36106,17457,18649,26153,9953,ITH,ITH3,5,Veneto
2021-01-17,LIG,862,300,562,862,0,ITC,ITC3,7,Liguria
2021-05-02,ABR,10425,5089,5336,5215,5210,ITF,ITF1,13,Abruzzo
2021-05-25,MAR,11647,5745,5902,8717,2930,ITI,ITI3,11,Marche
2021-05-28,PAB,5639,2862,2777,3788,1851,ITH,ITH1,4,Provincia Autonoma Bolzano / Bozen
2021-01-20,BAS,84,22,62,84,0,ITF,ITF5,17,Basilicata
2021-05-15,UMB,4984,1875,3109,1819,3165,ITI,ITI2,10,Umbria
2021-05-16,MOL,1247,571,676,1065,182,ITF,ITF2,14,Molise
2021-02-17,PAB,156,51,105,139,17,ITH,ITH1,4,Provincia Autonoma Bolzano / Bozen
2021-04-21,EMR,23945,10959,12986,14202,9743,ITH,ITH5,8,Emilia-Romagna
2021-06-01,VEN,26764,13426,13338,16389,10375,ITH,ITH3,5,Veneto
2021-02-22,PUG,9628,4536,5092,9297,331,ITF,ITF4,16,Puglia
2021-05-08,PIE,34192,16222,17970,18557,15635,ITC,ITC1,1,Piemonte
2021-06-03,SAR,16057,7348,8709,10616,5441,ITG,ITG2,20,Sardegna
2021-01-02,CAL,166,94,72,166,0,ITF,ITF6,18,Calabria
2021-01-28,PIE,5591,1809,3782,384,5207,ITC,ITC1,1,Piemonte
2021-05-08,EMR,32321,15084,17237,20905,11416,ITH,ITH5,8,Emilia-Romagna
2021-05-20,LOM,94214,45520,48694,31819,62395,ITC,ITC4,3,Lombardia
2021-03-01,MAR,3724,1487,2237,3476,248,ITI,ITI3,11,Marche
2021-05-10,FVG,7914,3515,4399,6375,1539,ITH,ITH4,6,Friuli-Venezia Giulia
2021-01-28,EMR,10251,3339,6912,349,9902,ITH,ITH5,8,Emilia-Romagna
2021-03-10,VEN,18936,8638,10298,13255,5681,ITH,ITH3,5,Veneto
2021-02-05,PUG,5635,2273,3362,1333,4302,ITF,ITF4,16,Puglia
2021-03-12,SAR,5758,2408,3350,4450,1308,ITG,ITG2,20,Sardegna
2021-02-14,PIE,1476,498,978,876,600,ITC,ITC1,1,Piemonte
2021-05-16,PUG,24410,11008,13402,12607,11803,ITF,ITF4,16,Puglia
2021-05-03,VDA,839,400,439,488,351,ITC,ITC2,2,Valle d'Aosta / Vallée d'Aoste
2021-05-02,MAR,8899,3936,4963,3161,5738,ITI,ITI3,11,Marche
2021-03-10,SAR,6012,2919,3093,5162,850,ITG,ITG2,20,Sardegna
2021-01-17,CAM,1155,551,604,702,453,ITF,ITF3,15,Campania
2021-01-29,TOS,6144,1700,4444,304,5840,ITI,ITI1,9,Toscana
2021-03-22,CAL,4888,2292,2596,3134,1754,ITF,ITF6,18,Calabria
2021-04-10,PIE,30165,13416,16749,25886,4279,ITC,ITC1,1,Piemonte
2021-05-06,SAR,12943,6008,6935,9797,3146,ITG,ITG2,20,Sardegna
2021-05-07,PAB,4182,2055,2127,3664,518,ITH,ITH1,4,Provincia Autonoma Bolzano / Bozen
2021-01-24,VEN,4117,1219,2898,28,4089,ITH,ITH3,5,Veneto
2021-03-15,CAM,12932,6088,6844,8187,4745,ITF,ITF3,15,Campania
2021-03-07,VDA,64,30,34,11,53,ITC,ITC2,2,Valle d'Aosta / Vallée d'Aoste
2021-05-09,TOS,22524,9764,12760,9665,12859,ITI,ITI1,9,Toscana
2021-04-24,UMB,4562,1963,2599,3384,1178,ITI,ITI2,10,Umbria
2021-01-13,MOL,474,160,314,474,0,ITF,ITF2,14,Molise
2021-05-05,PAB,4154,1945,2209,2038,2116,ITH,ITH1,4,Provincia Autonoma Bolzano / Bozen
2021-04-23,MOL,2049,882,1167,1390,659,ITF,ITF2,14,Molise
2021-01-17,EMR,2890,887,2003,2644,246,ITH,ITH5,8,Emilia-Romagna
2021-01-25,PAB,487,183,304,3,484,ITH,ITH1,4,Provincia Autonoma Bolzano / Bozen
2021-03-01,SAR,2162,1055,1107,1503,659,ITG,ITG2,20,Sardegna
2021-01-12,UMB,838,248,590,838,0,ITI,ITI2,10,Umbria
2021-04-22,SIC,26877,12671,14206,20418,6459,ITG,ITG1,19,Sicilia
2021-04-04,ABR,1631,768,863,1502,129,ITF,ITF1,13,Abruzzo
2021-04-08,PAT,3114,1294,1820,1996,1118,ITH,ITH2,4,Provincia Autonoma Trento
2021-03-10,SIC,13581,5803,7778,11397,2184,ITG,ITG1,19,Sicilia
2021-04-15,PIE,29635,13573,16062,24152,5483,ITC,ITC1,1,Piemonte
2021-03-23,PAB,1552,759,793,1551,1,ITH,ITH1,4,Provincia Autonoma Bolzano / Bozen
2021-01-05,PIE,5381,1603,3778,5381,0,ITC,ITC1,1,Piemonte
2021-01-12,SIC,4295,2102,2193,4295,0,ITG,ITG1,19,Sicilia
2021-04-27,LOM,85939,39958,45981,69401,16538,ITC,ITC4,3,Lombardia
2021-03-14,UMB,66,48,18,66,0,ITI,ITI2,10,Umbria
2021-04-07,VEN,35896,16115,19781,28568,7328,ITH,ITH3,5,Veneto
2021-01-07,FVG,2091,717,1374,2091,0,ITH,ITH4,6,Friuli-Venezia Giulia
2021-02-14,LIG,233,122,111,233,0,ITC,ITC3,7,Liguria
2021-04-02,EMR,23308,10494,12814,18846,4462,ITH,ITH5,8,Emilia-Romagna
2021-02-27,BAS,1993,861,1132,1829,164,ITF,ITF5,17,Basilicata
2021-03-05,FVG,3736,1478,2258,2663,1073,ITH,ITH4,6,Friuli-Venezia Giulia
2021-05-25,LIG,13718,6598,7120,10729,2989,ITC,ITC3,7,Liguria
2021-05-29,EMR,37586,16419,21167,17098,20488,ITH,ITH5,8,Emilia-Romagna
2021-05-15,SIC,56561,26427,30134,41311,15250,ITG,ITG1,19,Sicilia
2021-03-19,SIC,16189,7962,8227,10709,5480,ITG,ITG1,19,Sicilia
2021-01-30,VDA,439,202,237,14,425,ITC,ITC2,2,Valle d'Aosta / Vallée d'Aoste
2021-01-31,VEN,4769,1562,3207,392,4377,ITH,ITH3,5,Veneto
2021-05-27,CAM,72111,34650,37461,26019,46092,ITF,ITF3,15,Campania
2021-02-16,CAM,5440,2411,3029,4669,771,ITF,ITF3,15,Campania
2021-03-29,VEN,31403,13638,17765,27571,3832,ITH,ITH3,5,Veneto
2021-02-04,LAZ,6302,2481,3821,987,5315,ITI,ITI4,12,Lazio
2021-04-01,PAB,2786,1407,1379,2642,144,ITH,ITH1,4,Provincia Autonoma Bolzano / Bozen
2021-04-08,PUG,17448,7573,9875,11275,6173,ITF,ITF4,16,Puglia
2020-12-31,PAT,1624,449,1175,1624,0,ITH,ITH2,4,Provincia Autonoma Trento
2021-06-07,BAS,4217,1910,2307,3901,316,ITF,ITF5,17,Basilicata
2021-04-11,BAS,848,330,518,785,63,ITF,ITF5,17,Basilicata
2021-05-13,SAR,11409,5284,6125,8429,2980,ITG,ITG2,20,Sardegna
2021-04-19,FVG,6705,3131,3574,3293,3412,ITH,ITH4,6,Friuli-Venezia Giulia
2021-02-02,SAR,1482,655,827,241,1241,ITG,ITG2,20,Sardegna
2021-01-09,FVG,2513,841,1672,2513,0,ITH,ITH4,6,Friuli-Venezia Giulia
2021-02-27,ABR,2810,1337,1473,2545,265,ITF,ITF1,13,Abruzzo
2021-03-22,MAR,5658,2379,3279,2530,3128,ITI,ITI3,11,Marche
2021-01-07,PIE,5387,1739,3648,5387,0,ITC,ITC1,1,Piemonte
2021-03-12,UMB,2653,1040,1613,2157,496,ITI,ITI2,10,Umbria
2021-06-06,PUG,29878,15028,14850,24974,4904,ITF,ITF4,16,Puglia
2021-02-09,CAL,2156,911,1245,956,1200,ITF,ITF6,18,Calabria
2021-03-05,PIE,15268,5961,9307,11451,3817,ITC,ITC1,1,Piemonte
2021-05-20,TOS,29512,13700,15812,18903,10609,ITI,ITI1,9,Toscana
2021-04-10,PUG,30739,13036,17703,26515,4224,ITF,ITF4,16,Puglia
2021-01-25,VDA,147,65,82,0,147,ITC,ITC2,2,Valle d'Aosta / Vallée d'Aoste
2021-03-17,LOM,26238,10483,15755,15252,10986,ITC,ITC4,3,Lombardia
2021-03-22,LIG,7665,3401,4264,4729,2936,ITC,ITC3,7,Liguria
2021-05-22,CAM,67839,32442,35397,46440,21399,ITF,ITF3,15,Campania
2021-01-31,TOS,3050,1129,1921,106,2944,ITI,ITI1,9,Toscana
2021-05-13,VEN,44066,21743,22323,34180,9886,ITH,ITH3,5,Veneto
2021-05-29,CAL,19085,8858,10227,9261,9824,ITF,ITF6,18,Calabria
2021-02-02,VEN,6508,1878,4630,396,6112,ITH,ITH3,5,Veneto
2021-03-13,MOL,1189,594,595,200,989,ITF,ITF2,14,Molise
2021-01-24,MAR,882,341,541,5,877,ITI,ITI3,11,Marche
2021-02-07,LIG,407,153,254,2,405,ITC,ITC3,7,Liguria
2021-03-07,FVG,2547,932,1615,2546,1,ITH,ITH4,6,Friuli-Venezia Giulia
2021-06-07,ABR,11054,5280,5774,9239,1815,ITF,ITF1,13,Abruzzo
2021-01-15,MOL,538,242,296,538,0,ITF,ITF2,14,Molise
2021-04-11,ABR,5330,2606,2724,4847,483,ITF,ITF1,13,Abruzzo
2021-05-04,MAR,10845,4789,6056,4950,5895,ITI,ITI3,11,Marche
2021-05-18,LIG,13336,6018,7318,10051,3285,ITC,ITC3,7,Liguria
2021-05-30,PAB,4758,2514,2244,752,4006,ITH,ITH1,4,Provincia Autonoma Bolzano / Bozen
2021-03-05,PAT,2244,703,1541,1678,566,ITH,ITH2,4,Provincia Autonoma Trento
2021-03-12,SIC,12746,5462,7284,10749,1997,ITG,ITG1,19,Sicilia
2021-06-09,ABR,3506,1853,1653,2921,585,ITF,ITF1,13,Abruzzo
2021-05-15,SAR,13758,6417,7341,10325,3433,ITG,ITG2,20,Sardegna
2021-01-07,PAT,1270,310,960,1270,0,ITH,ITH2,4,Provincia Autonoma Trento
2021-05-14,VDA,960,442,518,291,669,ITC,ITC2,2,Valle d'Aosta / Vallée d'Aoste
2020-12-31,FVG,1053,384,669,1053,0,ITH,ITH4,6,Friuli-Venezia Giulia
2021-04-05,TOS,15279,6823,8456,14542,737,ITI,ITI1,9,Toscana
2021-03-21,UMB,665,330,335,665,0,ITI,ITI2,10,Umbria
2021-03-31,VEN,38655,16259,22396,31163,7492,ITH,ITH3,5,Veneto
2021-02-07,TOS,2806,952,1854,886,1920,ITI,ITI1,9,Toscana
2021-03-07,PIE,11977,4658,7319,11099,878,ITC,ITC1,1,Piemonte
2021-04-03,PAB,831,364,467,22,809,ITH,ITH1,4,Provincia Autonoma Bolzano / Bozen
2021-03-25,PAB,2142,1059,1083,1699,443,ITH,ITH1,4,Provincia Autonoma Bolzano / Bozen
2021-03-05,VEN,13295,4983,8312,9625,3670,ITH,ITH3,5,Veneto
2021-02-18,VDA,349,153,196,261,88,ITC,ITC2,2,Valle d'Aosta / Vallée d'Aoste
2021-02-28,LAZ,10248,4007,6241,9734,514,ITI,ITI4,12,Lazio
2021-03-07,SAR,1657,750,907,1117,540,ITG,ITG2,20,Sardegna
2021-03-08,PAB,1210,534,676,1183,27,ITH,ITH1,4,Provincia Autonoma Bolzano / Bozen
2021-05-20,PIE,38333,17724,20609,13589,24744,ITC,ITC1,1,Piemonte
2021-03-31,PAT,2568,983,1585,1711,857,ITH,ITH2,4,Provincia Autonoma Trento
2021-04-12,LOM,47217,20571,26646,32883,14334,ITC,ITC4,3,Lombardia
2021-01-02,LAZ,6707,2631,4076,6707,0,ITI,ITI4,12,Lazio
2021-02-09,PIE,7392,2316,5076,722,6670,ITC,ITC1,1,Piemonte
2021-05-04,PAB,3448,1843,1605,2411,1037,ITH,ITH1,4,Provincia Autonoma Bolzano / Bozen
2021-05-11,PUG,32300,14217,18083,13945,18355,ITF,ITF4,16,Puglia
2021-03-07,CAM,11911,5344,6567,8068,3843,ITF,ITF3,15,Campania
2021-05-04,PUG,34871,14706,20165,18458,16413,ITF,ITF4,16,Puglia
2021-02-21,LOM,5050,1861,3189,5033,17,ITC,ITC4,3,Lombardia
2021-02-22,MOL,265,129,136,250,15,ITF,ITF2,14,Molise
2021-03-14,CAL,2709,1066,1643,2293,416,ITF,ITF6,18,Calabria
2021-04-07,PIE,23606,9995,13611,18143,5463,ITC,ITC1,1,Piemonte
2021-03-08,PUG,14611,6091,8520,12212,2399,ITF,ITF4,16,Puglia
2021-05-03,CAM,40753,19889,20864,28905,11848,ITF,ITF3,15,Campania
2020-12-27,MOL,50,20,30,50,0,ITF,ITF2,14,Molise
2021-04-19,LOM,60086,27336,32750,50683,9403,ITC,ITC4,3,Lombardia
2021-03-18,BAS,1350,564,786,25,1325,ITF,ITF5,17,Basilicata
2021-04-15,MAR,10376,4674,5702,9811,565,ITI,ITI3,11,Marche
2021-01-26,PAT,542,154,388,27,515,ITH,ITH2,4,Provincia Autonoma Trento
2021-02-17,MAR,1786,662,1124,1669,117,ITI,ITI3,11,Marche
2021-05-06,PAT,5509,2728,2781,4730,779,ITH,ITH2,4,Provincia Autonoma Trento
2021-05-10,CAL,13130,6092,7038,7732,5398,ITF,ITF6,18,Calabria
2021-02-02,FVG,2467,806,1661,217,2250,ITH,ITH4,6,Friuli-Venezia Giulia
2021-03-31,FVG,8034,3503,4531,7188,846,ITH,ITH4,6,Friuli-Venezia Giulia
2021-05-14,ABR,10600,5076,5524,5442,5158,ITF,ITF1,13,Abruzzo
2021-05-01,TOS,23310,10061,13249,14135,9175,ITI,ITI1,9,Toscana
2021-03-05,TOS,16493,6335,10158,11751,4742,ITI,ITI1,9,Toscana
2021-04-26,CAL,10196,5064,5132,7775,2421,ITF,ITF6,18,Calabria
2021-04-01,ABR,5522,2442,3080,3435,2087,ITF,ITF1,13,Abruzzo
2021-02-21,SIC,5168,2501,2667,5062,106,ITG,ITG1,19,Sicilia
2021-01-17,SIC,1302,589,713,1245,57,ITG,ITG1,19,Sicilia
2021-04-16,ABR,7536,3488,4048,5619,1917,ITF,ITF1,13,Abruzzo
2021-01-05,LOM,7821,2567,5254,7821,0,ITC,ITC4,3,Lombardia
2021-03-22,LAZ,21709,9070,12639,15044,6665,ITI,ITI4,12,Lazio
2021-03-27,CAM,21282,10034,11248,17417,3865,ITF,ITF3,15,Campania
2021-01-23,BAS,719,303,416,33,686,ITF,ITF5,17,Basilicata
2021-05-13,CAL,15872,7611,8261,11210,4662,ITF,ITF6,18,Calabria
2021-05-03,BAS,4514,2044,2470,3687,827,ITF,ITF5,17,Basilicata
2021-04-24,EMR,28599,13224,15375,14374,14225,ITH,ITH5,8,Emilia-Romagna
2020-12-29,LAZ,488,176,312,488,0,ITI,ITI4,12,Lazio
2021-01-08,MAR,1577,589,988,1577,0,ITI,ITI3,11,Marche
2021-01-11,PAB,1570,513,1057,1570,0,ITH,ITH1,4,Provincia Autonoma Bolzano / Bozen
2021-02-19,CAL,1508,681,827,1247,261,ITF,ITF6,18,Calabria
2021-05-15,VDA,1065,614,451,380,685,ITC,ITC2,2,Valle d'Aosta / Vallée d'Aoste
2021-06-06,SAR,10058,5009,5049,6381,3677,ITG,ITG2,20,Sardegna
2021-01-29,PAT,1353,331,1022,55,1298,ITH,ITH2,4,Provincia Autonoma Trento
2021-02-09,BAS,491,213,278,316,175,ITF,ITF5,17,Basilicata
2021-02-04,VDA,294,86,208,8,286,ITC,ITC2,2,Valle d'Aosta / Vallée d'Aoste
2021-03-27,LOM,32419,12367,20052,23715,8704,ITC,ITC4,3,Lombardia
2021-04-18,MAR,8820,4131,4689,7899,921,ITI,ITI3,11,Marche
2021-05-11,EMR,35753,16785,18968,28490,7263,ITH,ITH5,8,Emilia-Romagna
2021-05-30,CAL,10936,5249,5687,6783,4153,ITF,ITF6,18,Calabria
2021-04-28,VDA,1218,632,586,715,503,ITC,ITC2,2,Valle d'Aosta / Vallée d'Aoste
2021-06-01,CAM,41370,20339,21031,31254,10116,ITF,ITF3,15,Campania
2021-01-31,EMR,7696,2762,4934,241,7455,ITH,ITH5,8,Emilia-Romagna
2021-02-10,TOS,4263,1281,2982,3740,523,ITI,ITI1,9,Toscana
2021-04-03,FVG,3982,1968,2014,2654,1328,ITH,ITH4,6,Friuli-Venezia Giulia
2021-01-03,LOM,854,316,538,854,0,ITC,ITC4,3,Lombardia
2021-04-06,PAB,2250,1118,1132,2147,103,ITH,ITH1,4,Provincia Autonoma Bolzano / Bozen
2021-03-10,CAM,15254,7381,7873,8419,6835,ITF,ITF3,15,Campania
2021-04-22,PAT,3147,1469,1678,3103,44,ITH,ITH2,4,Provincia Autonoma Trento
2021-05-04,TOS,18301,8207,10094,12854,5447,ITI,ITI1,9,Toscana
2021-03-07,LAZ,14109,5442,8667,10516,3593,ITI,ITI4,12,Lazio
2021-02-28,PIE,10816,4060,6756,10576,240,ITC,ITC1,1,Piemonte
2021-05-15,CAM,62625,29040,33585,43945,18680,ITF,ITF3,15,Campania
2021-03-17,PIE,12518,5055,7463,5224,7294,ITC,ITC1,1,Piemonte
2020-12-31,VEN,3220,1042,2178,3220,0,ITH,ITH3,5,Veneto
2021-03-11,ABR,5471,2199,3272,4333,1138,ITF,ITF1,13,Abruzzo
2021-03-24,LAZ,25896,11305,14591,19659,6237,ITI,ITI4,12,Lazio
2021-03-25,MOL,1806,730,1076,1309,497,ITF,ITF2,14,Molise
2021-03-19,FVG,3235,1340,1895,1302,1933,ITH,ITH4,6,Friuli-Venezia Giulia
2021-03-08,MOL,1379,522,857,1239,140,ITF,ITF2,14,Molise
2021-03-05,SIC,15587,6694,8893,11352,4235,ITG,ITG1,19,Sicilia
2021-06-02,ABR,9687,4694,4993,6876,2811,ITF,ITF1,13,Abruzzo
2021-04-07,PAT,2599,1012,1587,1658,941,ITH,ITH2,4,Provincia Autonoma Trento
2021-03-21,EMR,11924,5275,6649,7320,4604,ITH,ITH5,8,Emilia-Romagna
2021-05-13,LIG,13024,5848,7176,8811,4213,ITC,ITC3,7,Liguria
2021-02-16,SIC,4197,2208,1989,3732,465,ITG,ITG1,19,Sicilia
2021-05-29,LAZ,51326,22894,28432,40914,10412,ITI,ITI4,12,Lazio
2021-04-12,VEN,14901,6333,8568,6684,8217,ITH,ITH3,5,Veneto
2021-02-19,LIG,3213,1305,1908,3037,176,ITC,ITC3,7,Liguria
2021-01-02,VEN,5743,1766,3977,5743,0,ITH,ITH3,5,Veneto
2021-04-13,MOL,1630,718,912,1043,587,ITF,ITF2,14,Molise
2021-05-30,LIG,3275,1603,1672,1364,1911,ITC,ITC3,7,Liguria
2021-03-13,ABR,4124,1420,2704,3081,1043,ITF,ITF1,13,Abruzzo
2021-03-28,BAS,2139,741,1398,2122,17,ITF,ITF5,17,Basilicata
2021-05-17,CAL,14855,7437,7418,10142,4713,ITF,ITF6,18,Calabria
2021-03-26,UMB,4571,1683,2888,4399,172,ITI,ITI2,10,Umbria
2021-03-27,MOL,2743,1273,1470,1310,1433,ITF,ITF2,14,Molise
2021-02-12,TOS,7606,2683,4923,7393,213,ITI,ITI1,9,Toscana
2021-04-08,PAB,2754,1336,1418,2551,203,ITH,ITH1,4,Provincia Autonoma Bolzano / Bozen
2021-03-11,BAS,1791,925,866,832,959,ITF,ITF5,17,Basilicata
2021-01-02,UMB,304,111,193,304,0,ITI,ITI2,10,Umbria
2021-03-02,EMR,12660,4268,8392,10578,2082,ITH,ITH5,8,Emilia-Romagna
2021-01-03,PUG,2007,943,1064,2007,0,ITF,ITF4,16,Puglia
2021-04-14,SAR,8250,3902,4348,7013,1237,ITG,ITG2,20,Sardegna
2021-01-10,MAR,1739,700,1039,1739,0,ITI,ITI3,11,Marche
2021-02-21,CAL,610,286,324,533,77,ITF,ITF6,18,Calabria
2021-03-19,EMR,15870,6924,8946,7901,7969,ITH,ITH5,8,Emilia-Romagna
2021-03-19,PIE,11019,4511,6508,4414,6605,ITC,ITC1,1,Piemonte
2021-03-27,PUG,12147,5705,6442,6982,5165,ITF,ITF4,16,Puglia
2021-04-05,PIE,14746,6233,8513,12189,2557,ITC,ITC1,1,Piemonte
2021-05-01,SAR,9907,4762,5145,5450,4457,ITG,ITG2,20,Sardegna
2021-01-19,VEN,1309,472,837,1159,150,ITH,ITH3,5,Veneto
2021-01-21,SAR,126,60,66,94,32,ITG,ITG2,20,Sardegna
2021-02-06,VDA,289,104,185,92,197,ITC,ITC2,2,Valle d'Aosta / Vallée d'Aoste
2021-03-12,CAM,14249,7097,7152,8166,6083,ITF,ITF3,15,Campania
2021-06-01,LIG,15942,7939,8003,10655,5287,ITC,ITC3,7,Liguria
2021-06-03,LOM,96434,49333,47101,86007,10427,ITC,ITC4,3,Lombardia
2021-02-07,SAR,1117,395,722,228,889,ITG,ITG2,20,Sardegna
2021-04-28,CAL,12521,6059,6462,9664,2857,ITF,ITF6,18,Calabria
2021-03-07,UMB,845,180,665,838,7,ITI,ITI2,10,Umbria
2021-01-05,PUG,5106,2251,2855,5106,0,ITF,ITF4,16,Puglia
2020-12-27,PAB,144,65,79,144,0,ITH,ITH1,4,Provincia Autonoma Bolzano / Bozen
2021-02-04,CAL,3554,1694,1860,653,2901,ITF,ITF6,18,Calabria
2021-04-30,VDA,831,355,476,485,346,ITC,ITC2,2,Valle d'Aosta / Vallée d'Aoste
2021-05-10,LAZ,44365,20261,24104,30990,13375,ITI,ITI4,12,Lazio
2021-04-15,PUG,32397,15114,17283,28896,3501,ITF,ITF4,16,Puglia
2021-01-20,VDA,23,8,15,23,0,ITC,ITC2,2,Valle d'Aosta / Vallée d'Aoste
2021-03-12,LOM,35248,12953,22295,25049,10199,ITC,ITC4,3,Lombardia
2021-04-03,MAR,7573,3204,4369,6903,670,ITI,ITI3,11,Marche
2021-04-07,FVG,7500,3325,4175,6719,781,ITH,ITH4,6,Friuli-Venezia Giulia
2021-05-15,CAL,27111,12979,14132,20338,6773,ITF,ITF6,18,Calabria
2021-03-29,LOM,40003,15508,24495,25173,14830,ITC,ITC4,3,Lombardia
2020-12-31,SIC,881,470,411,881,0,ITG,ITG1,19,Sicilia
2021-01-26,TOS,5393,1792,3601,220,5173,ITI,ITI1,9,Toscana
2021-03-30,ABR,5057,2198,2859,3233,1824,ITF,ITF1,13,Abruzzo
2021-03-10,LIG,5877,2839,3038,3971,1906,ITC,ITC3,7,Liguria
2021-05-06,TOS,31352,13631,17721,14174,17178,ITI,ITI1,9,Toscana
2021-06-03,CAM,71766,34485,37281,61610,10156,ITF,ITF3,15,Campania
2021-01-06,ABR,1830,664,1166,1830,0,ITF,ITF1,13,Abruzzo
2021-02-23,CAM,11003,3388,7615,10477,526,ITF,ITF3,15,Campania
2021-04-19,TOS,9090,4504,4586,8062,1028,ITI,ITI1,9,Toscana
2021-05-01,VEN,38833,18231,20602,29888,8945,ITH,ITH3,5,Veneto
2021-05-03,SAR,8182,3818,4364,6586,1596,ITG,ITG2,20,Sardegna
2021-02-02,CAL,2289,1114,1175,177,2112,ITF,ITF6,18,Calabria
2021-05-30,MOL,1827,908,919,1543,284,ITF,ITF2,14,Molise
2021-03-07,SIC,9262,3455,5807,8179,1083,ITG,ITG1,19,Sicilia
2021-04-07,EMR,26005,11806,14199,19993,6012,ITH,ITH5,8,Emilia-Romagna
2021-04-17,TOS,20532,9206,11326,18410,2122,ITI,ITI1,9,Toscana
2021-05-20,SAR,15855,7500,8355,11306,4549,ITG,ITG2,20,Sardegna
2021-01-12,PAT,505,158,347,505,0,ITH,ITH2,4,Provincia Autonoma Trento
2021-01-16,CAL,2394,1120,1274,2394,0,ITF,ITF6,18,Calabria
2021-02-09,SAR,2287,837,1450,1290,997,ITG,ITG2,20,Sardegna
2021-01-14,EMR,8128,2593,5535,8128,0,ITH,ITH5,8,Emilia-Romagna
2021-03-24,SIC,20843,9779,11064,15181,5662,ITG,ITG1,19,Sicilia
2021-02-26,SAR,2801,1109,1692,2495,306,ITG,ITG2,20,Sardegna
2021-03-20,PAB,1757,848,909,1132,625,ITH,ITH1,4,Provincia Autonoma Bolzano / Bozen
2021-05-27,LAZ,56307,25445,30862,43879,12428,ITI,ITI4,12,Lazio
2021-05-29,UMB,7833,3596,4237,6273,1560,ITI,ITI2,10,Umbria
2021-03-30,BAS,2740,1157,1583,2395,345,ITF,ITF5,17,Basilicata
2021-01-18,VDA,213,74,139,213,0,ITC,ITC2,2,Valle d'Aosta / Vallée d'Aoste
2021-02-21,CAM,5834,2239,3595,5609,225,ITF,ITF3,15,Campania
2021-03-19,PAT,2423,915,1508,1571,852,ITH,ITH2,4,Provincia Autonoma Trento
2021-01-06,BAS,294,129,165,294,0,ITF,ITF5,17,Basilicata
2021-01-24,TOS,3349,1073,2276,201,3148,ITI,ITI1,9,Toscana
2021-03-05,LAZ,18792,7961,10831,14059,4733,ITI,ITI4,12,Lazio
2021-02-16,LAZ,8355,4034,4321,7750,605,ITI,ITI4,12,Lazio
2021-04-05,PAT,35,17,18,33,2,ITH,ITH2,4,Provincia Autonoma Trento
2021-04-16,BAS,3319,1632,1687,2421,898,ITF,ITF5,17,Basilicata
2021-05-29,SIC,47068,21384,25684,23893,23175,ITG,ITG1,19,Sicilia
2021-01-07,TOS,6018,1751,4267,6018,0,ITI,ITI1,9,Toscana
2021-04-11,VDA,479,208,271,479,0,ITC,ITC2,2,Valle d'Aosta / Vallée d'Aoste
2021-04-14,CAL,8166,3930,4236,6719,1447,ITF,ITF6,18,Calabria
2021-05-22,LAZ,54752,26708,28044,44255,10497,ITI,ITI4,12,Lazio
2021-04-04,BAS,610,225,385,197,413,ITF,ITF5,17,Basilicata
2021-02-16,CAL,1736,733,1003,1458,278,ITF,ITF6,18,Calabria
2021-05-17,UMB,6360,3058,3302,4187,2173,ITI,ITI2,10,Umbria
2021-04-01,PUG,13506,6159,7347,7162,6344,ITF,ITF4,16,Puglia
2021-01-14,UMB,752,201,551,752,0,ITI,ITI2,10,Umbria
2021-03-20,MAR,4134,1739,2395,1048,3086,ITI,ITI3,11,Marche
2021-04-17,PAT,2203,1120,1083,2146,57,ITH,ITH2,4,Provincia Autonoma Trento
2020-12-31,PIE,3909,1334,2575,3909,0,ITC,ITC1,1,Piemonte
2021-01-26,SAR,1336,453,883,27,1309,ITG,ITG2,20,Sardegna
2021-01-27,PAB,84,28,56,1,83,ITH,ITH1,4,Provincia Autonoma Bolzano / Bozen
2021-02-03,PUG,5036,2005,3031,730,4306,ITF,ITF4,16,Puglia
2021-03-31,EMR,25142,10955,14187,19686,5456,ITH,ITH5,8,Emilia-Romagna
2021-01-22,MAR,487,167,320,194,293,ITI,ITI3,11,Marche
2021-02-01,VDA,404,127,277,87,317,ITC,ITC2,2,Valle d'Aosta / Vallée d'Aoste
2021-03-19,UMB,1743,565,1178,1087,656,ITI,ITI2,10,Umbria
2021-04-19,PAT,2624,1235,1389,2602,22,ITH,ITH2,4,Provincia Autonoma Trento
2021-03-30,VDA,402,223,179,382,20,ITC,ITC2,2,Valle d'Aosta / Vallée d'Aoste
2021-03-24,CAM,17622,8082,9540,14665,2957,ITF,ITF3,15,Campania
2021-05-20,LIG,12815,5941,6874,8797,4018,ITC,ITC3,7,Liguria
2021-05-27,CAL,17515,8622,8893,9808,7707,ITF,ITF6,18,Calabria
2021-05-15,LAZ,57083,27260,29823,40629,16454,ITI,ITI4,12,Lazio
2021-05-20,CAM,60458,27825,32633,43079,17379,ITF,ITF3,15,Campania
2021-05-12,VDA,1138,549,589,468,670,ITC,ITC2,2,Valle d'Aosta / Vallée d'Aoste
2021-02-09,CAM,4643,2202,2441,4391,252,ITF,ITF3,15,Campania
2021-03-06,ABR,4175,1357,2818,3605,570,ITF,ITF1,13,Abruzzo
2021-03-19,LAZ,17214,7364,9850,10886,6328,ITI,ITI4,12,Lazio
2021-03-20,MOL,2321,968,1353,1000,1321,ITF,ITF2,14,Molise
2021-03-24,LOM,43218,15600,27618,31341,11877,ITC,ITC4,3,Lombardia
2021-05-18,TOS,28725,14158,14567,19988,8737,ITI,ITI1,9,Toscana
2021-05-29,CAM,67665,32147,35518,43925,23740,ITF,ITF3,15,Campania
2021-02-09,LOM,12205,3331,8874,4033,8172,ITC,ITC4,3,Lombardia
2021-03-26,EMR,23434,9901,13533,17000,6434,ITH,ITH5,8,Emilia-Romagna
2021-05-08,SAR,13082,5967,7115,10794,2288,ITG,ITG2,20,Sardegna
2021-03-19,VEN,13789,5668,8121,7696,6093,ITH,ITH3,5,Veneto
2021-05-25,LOM,90838,43448,47390,44609,46229,ITC,ITC4,3,Lombardia
2021-03-04,VDA,291,139,152,42,249,ITC,ITC2,2,Valle d'Aosta / Vallée d'Aoste
2021-02-14,LOM,3578,1545,2033,2943,635,ITC,ITC4,3,Lombardia
2021-05-26,VDA,1209,587,622,576,633,ITC,ITC2,2,Valle d'Aosta / Vallée d'Aoste
2021-03-01,MOL,661,274,387,447,214,ITF,ITF2,14,Molise
2021-04-29,MAR,13246,6061,7185,7149,6097,ITI,ITI3,11,Marche
2021-01-26,LIG,2491,807,1684,20,2471,ITC,ITC3,7,Liguria
2021-01-12,LOM,20209,6694,13515,20209,0,ITC,ITC4,3,Lombardia
2021-01-26,CAM,7340,3726,3614,351,6989,ITF,ITF3,15,Campania
2021-03-10,PAT,2401,928,1473,1480,921,ITH,ITH2,4,Provincia Autonoma Trento
2021-01-19,FVG,6,2,4,6,0,ITH,ITH4,6,Friuli-Venezia Giulia
2021-03-04,BAS,1879,892,987,1084,795,ITF,ITF5,17,Basilicata
2021-04-03,MOL,1770,850,920,1735,35,ITF,ITF2,14,Molise
2021-01-09,SIC,7118,3350,3768,7118,0,ITG,ITG1,19,Sicilia
2021-02-19,TOS,8291,2952,5339,7781,510,ITI,ITI1,9,Toscana
2021-06-03,EMR,37351,18150,19201,29993,7358,ITH,ITH5,8,Emilia-Romagna
2021-06-03,PIE,33649,17194,16455,29584,4065,ITC,ITC1,1,Piemonte
2021-01-10,PUG,2348,1061,1287,2348,0,ITF,ITF4,16,Puglia
2021-02-23,EMR,8215,3219,4996,7829,386,ITH,ITH5,8,Emilia-Romagna
2021-04-20,PUG,21105,9795,11310,17641,3464,ITF,ITF4,16,Puglia
2021-05-03,SIC,23265,10737,12528,13545,9720,ITG,ITG1,19,Sicilia
2021-03-12,EMR,18121,7553,10568,11404,6717,ITH,ITH5,8,Emilia-Romagna
2020-12-27,PUG,509,252,257,509,0,ITF,ITF4,16,Puglia
2021-04-02,UMB,4308,1746,2562,3551,757,ITI,ITI2,10,Umbria
2021-04-19,CAM,30734,14819,15915,19167,11567,ITF,ITF3,15,Campania
2021-05-28,ABR,13962,6278,7684,7613,6349,ITF,ITF1,13,Abruzzo
2021-01-09,UMB,1745,499,1246,1745,0,ITI,ITI2,10,Umbria
2021-04-19,SIC,18245,8638,9607,12666,5579,ITG,ITG1,19,Sicilia
2021-01-09,CAM,10567,5024,5543,10567,0,ITF,ITF3,15,Campania
2021-02-28,CAL,2306,1046,1260,2154,152,ITF,ITF6,18,Calabria
2021-04-19,UMB,5015,2216,2799,2966,2049,ITI,ITI2,10,Umbria
2021-02-12,LIG,1927,689,1238,895,1032,ITC,ITC3,7,Liguria
2021-03-12,FVG,3939,1545,2394,2558,1381,ITH,ITH4,6,Friuli-Venezia Giulia
2021-04-21,UMB,5312,2309,3003,3086,2226,ITI,ITI2,10,Umbria
2021-02-15,ABR,1794,831,963,1752,42,ITF,ITF1,13,Abruzzo
2021-03-10,TOS,18016,7075,10941,13998,4018,ITI,ITI1,9,Toscana
2021-04-21,CAM,30227,14724,15503,18000,12227,ITF,ITF3,15,Campania
2021-05-26,ABR,13323,5908,7415,8396,4927,ITF,ITF1,13,Abruzzo
2021-05-17,EMR,32353,15380,16973,22886,9467,ITH,ITH5,8,Emilia-Romagna
2021-01-02,FVG,1216,470,746,1216,0,ITH,ITH4,6,Friuli-Venezia Giulia
2021-01-21,LAZ,5602,2349,3253,549,5053,ITI,ITI4,12,Lazio
2021-04-15,PAB,4399,2307,2092,4136,263,ITH,ITH1,4,Provincia Autonoma Bolzano / Bozen
2021-01-12,VEN,5230,1516,3714,5230,0,ITH,ITH3,5,Veneto
2021-02-21,PAT,155,92,63,43,112,ITH,ITH2,4,Provincia Autonoma Trento
2021-03-02,UMB,3642,1346,2296,3638,4,ITI,ITI2,10,Umbria
2021-04-19,VEN,21532,8916,12616,5124,16408,ITH,ITH3,5,Veneto
2021-05-20,SIC,43368,20697,22671,27601,15767,ITG,ITG1,19,Sicilia
2021-04-05,VEN,19139,8367,10772,13699,5440,ITH,ITH3,5,Veneto
2021-02-02,TOS,3743,1475,2268,196,3547,ITI,ITI1,9,Toscana
2021-03-12,PIE,13949,5183,8766,11014,2935,ITC,ITC1,1,Piemonte
2021-04-07,SAR,13478,5986,7492,7830,5648,ITG,ITG2,20,Sardegna
2021-04-12,FVG,7255,3181,4074,6124,1131,ITH,ITH4,6,Friuli-Venezia Giulia
2021-01-26,VEN,6917,2091,4826,152,6765,ITH,ITH3,5,Veneto
2021-04-24,SAR,10366,4851,5515,8030,2336,ITG,ITG2,20,Sardegna
2021-04-27,MAR,9399,4309,5090,5413,3986,ITI,ITI3,11,Marche
2021-05-15,PAT,1567,815,752,679,888,ITH,ITH2,4,Provincia Autonoma Trento
2021-03-31,LAZ,26113,12049,14064,19020,7093,ITI,ITI4,12,Lazio
2021-01-14,SAR,1105,426,679,1105,0,ITG,ITG2,20,Sardegna
2021-02-01,BAS,242,91,151,46,196,ITF,ITF5,17,Basilicata
2021-03-15,LIG,7207,3061,4146,4506,2701,ITC,ITC3,7,Liguria
2021-04-03,PUG,10544,4636,5908,6991,3553,ITF,ITF4,16,Puglia
2021-03-26,PIE,17749,6982,10767,8841,8908,ITC,ITC1,1,Piemonte
2021-05-02,PAB,2457,1288,1169,1536,921,ITH,ITH1,4,Provincia Autonoma Bolzano / Bozen
2021-06-01,PAT,3972,1857,2115,1129,2843,ITH,ITH2,4,Provincia Autonoma Trento
2021-02-13,VDA,216,196,20,215,1,ITC,ITC2,2,Valle d'Aosta / Vallée d'Aoste
2021-01-22,PAB,248,143,105,124,124,ITH,ITH1,4,Provincia Autonoma Bolzano / Bozen
2021-04-07,LOM,50506,20872,29634,34701,15805,ITC,ITC4,3,Lombardia
2021-05-06,VEN,46791,21954,24837,38334,8457,ITH,ITH3,5,Veneto
2021-01-07,LAZ,7747,2902,4845,7747,0,ITI,ITI4,12,Lazio
2021-01-17,MAR,1609,688,921,1550,59,ITI,ITI3,11,Marche
2021-05-26,BAS,4473,2248,2225,1706,2767,ITF,ITF5,17,Basilicata
2021-04-30,MOL,2936,1555,1381,830,2106,ITF,ITF2,14,Molise
2021-05-11,CAM,39829,19228,20601,30459,9370,ITF,ITF3,15,Campania
2021-01-20,LIG,1550,555,995,1538,12,ITC,ITC3,7,Liguria
2021-03-13,VEN,17179,7259,9920,14048,3131,ITH,ITH3,5,Veneto
2021-03-25,PUG,10929,5307,5622,4688,6241,ITF,ITF4,16,Puglia
2021-02-24,UMB,1520,565,955,1505,15,ITI,ITI2,10,Umbria
2021-02-25,MOL,541,239,302,473,68,ITF,ITF2,14,Molise
2021-03-15,EMR,13267,6090,7177,6768,6499,ITH,ITH5,8,Emilia-Romagna
2021-05-22,ABR,13072,6351,6721,8171,4901,ITF,ITF1,13,Abruzzo
2021-04-27,SAR,7607,3547,4060,5566,2041,ITG,ITG2,20,Sardegna
2021-01-15,VEN,5874,1819,4055,5874,0,ITH,ITH3,5,Veneto
2021-03-09,PAB,1194,543,651,1192,2,ITH,ITH1,4,Provincia Autonoma Bolzano / Bozen
2021-03-26,ABR,5308,2266,3042,3232,2076,ITF,ITF1,13,Abruzzo
2021-01-17,SAR,860,277,583,859,1,ITG,ITG2,20,Sardegna
2021-02-17,PIE,4793,2156,2637,3803,990,ITC,ITC1,1,Piemonte
2021-02-24,SIC,9309,4760,4549,8749,560,ITG,ITG1,19,Sicilia
2021-03-15,SAR,2689,1219,1470,2316,373,ITG,ITG2,20,Sardegna
2021-05-30,FVG,11041,4982,6059,7461,3580,ITH,ITH4,6,Friuli-Venezia Giulia
2021-03-01,LOM,18773,8227,10546,17068,1705,ITC,ITC4,3,Lombardia
2021-02-08,PUG,3992,1610,2382,1597,2395,ITF,ITF4,16,Puglia
2021-05-31,ABR,11226,5047,6179,6913,4313,ITF,ITF1,13,Abruzzo
2021-01-21,SIC,1400,685,715,500,900,ITG,ITG1,19,Sicilia
2021-04-20,ABR,5589,2689,2900,4179,1410,ITF,ITF1,13,Abruzzo
2021-04-24,PAT,3511,1682,1829,3497,14,ITH,ITH2,4,Provincia Autonoma Trento
2021-01-26,LAZ,7958,3125,4833,724,7234,ITI,ITI4,12,Lazio
2021-02-26,PAT,1218,435,783,923,295,ITH,ITH2,4,Provincia Autonoma Trento
2021-05-01,SIC,24431,11306,13125,19276,5155,ITG,ITG1,19,Sicilia
2021-02-14,TOS,9000,2569,6431,8890,110,ITI,ITI1,9,Toscana
2021-03-26,SAR,8091,3180,4911,6566,1525,ITG,ITG2,20,Sardegna
2021-06-08,PIE,36835,19088,17747,34125,2710,ITC,ITC1,1,Piemonte
2021-05-20,VEN,44570,21151,23419,20327,24243,ITH,ITH3,5,Veneto
2021-05-22,SAR,24662,11823,12839,19565,5097,ITG,ITG2,20,Sardegna
2021-05-23,PAB,4337,2303,2034,4329,8,ITH,ITH1,4,Provincia Autonoma Bolzano / Bozen
2021-05-25,TOS,33814,16216,17598,19336,14478,ITI,ITI1,9,Toscana
2021-01-14,PAT,700,203,497,700,0,ITH,ITH2,4,Provincia Autonoma Trento
2021-02-09,VEN,5247,1889,3358,3446,1801,ITH,ITH3,5,Veneto
2021-05-10,UMB,5982,2799,3183,3830,2152,ITI,ITI2,10,Umbria
2021-03-29,TOS,9390,4587,4803,9066,324,ITI,ITI1,9,Toscana
2021-04-26,PIE,19764,8734,11030,15365,4399,ITC,ITC1,1,Piemonte
2021-02-13,BAS,799,313,486,738,61,ITF,ITF5,17,Basilicata
2020-12-28,CAL,6,2,4,6,0,ITF,ITF6,18,Calabria
2021-02-03,PAB,1503,478,1025,5,1498,ITH,ITH1,4,Provincia Autonoma Bolzano / Bozen
2021-04-02,LAZ,28550,13376,15174,21220,7330,ITI,ITI4,12,Lazio
2021-06-03,CAL,14120,6593,7527,9567,4553,ITF,ITF6,18,Calabria
2021-05-15,LOM,80808,38758,42050,47494,33314,ITC,ITC4,3,Lombardia
2021-05-24,BAS,4826,2341,2485,1104,3722,ITF,ITF5,17,Basilicata
2021-01-19,SAR,747,270,477,692,55,ITG,ITG2,20,Sardegna
2021-04-07,CAL,6516,2944,3572,3716,2800,ITF,ITF6,18,Calabria
2021-01-29,MAR,1991,730,1261,167,1824,ITI,ITI3,11,Marche
2021-02-08,VDA,223,83,140,25,198,ITC,ITC2,2,Valle d'Aosta / Vallée d'Aoste
2021-02-10,PUG,3644,1436,2208,2134,1510,ITF,ITF4,16,Puglia
2021-03-17,SAR,6556,2849,3707,4949,1607,ITG,ITG2,20,Sardegna
2021-02-09,EMR,4153,1248,2905,2307,1846,ITH,ITH5,8,Emilia-Romagna
2021-02-23,CAL,1590,753,837,1475,115,ITF,ITF6,18,Calabria
2021-04-25,ABR,9066,4621,4445,8256,810,ITF,ITF1,13,Abruzzo
2021-05-18,MAR,11059,5257,5802,7655,3404,ITI,ITI3,11,Marche
2021-02-28,PAT,242,121,121,242,0,ITH,ITH2,4,Provincia Autonoma Trento
2021-03-23,VDA,379,150,229,245,134,ITC,ITC2,2,Valle d'Aosta / Vallée d'Aoste
2021-05-08,UMB,8102,3730,4372,4906,3196,ITI,ITI2,10,Umbria
2021-05-19,VDA,993,498,495,418,575,ITC,ITC2,2,Valle d'Aosta / Vallée d'Aoste
2021-06-08,PAT,5548,2691,2857,1809,3739,ITH,ITH2,4,Provincia Autonoma Trento
2021-01-28,LAZ,8279,3165,5114,782,7497,ITI,ITI4,12,Lazio
2021-02-02,CAM,5723,2804,2919,444,5279,ITF,ITF3,15,Campania
2021-02-10,PAB,1635,604,1031,26,1609,ITH,ITH1,4,Provincia Autonoma Bolzano / Bozen
2021-05-10,SIC,28226,13558,14668,16157,12069,ITG,ITG1,19,Sicilia
2021-03-31,CAM,22688,10907,11781,19249,3439,ITF,ITF3,15,Campania
2021-05-08,LAZ,45186,20615,24571,29816,15370,ITI,ITI4,12,Lazio
2021-01-28,UMB,1247,394,853,19,1228,ITI,ITI2,10,Umbria
2021-01-29,MOL,421,136,285,6,415,ITF,ITF2,14,Molise
2021-04-26,PAT,2651,1249,1402,2557,94,ITH,ITH2,4,Provincia Autonoma Trento
2021-05-09,MOL,2051,932,1119,1955,96,ITF,ITF2,14,Molise
2021-05-13,LOM,86967,41692,45275,58241,28726,ITC,ITC4,3,Lombardia
2021-05-23,PUG,17864,8351,9513,14058,3806,ITF,ITF4,16,Puglia
2021-02-02,LOM,19863,6590,13273,497,19366,ITC,ITC4,3,Lombardia
2021-03-26,SIC,17778,8254,9524,12349,5429,ITG,ITG1,19,Sicilia
2021-06-02,BAS,5946,2796,3150,4409,1537,ITF,ITF5,17,Basilicata
2021-03-31,LOM,41942,16973,24969,26719,15223,ITC,ITC4,3,Lombardia
2021-05-15,EMR,33190,14972,18218,22818,10372,ITH,ITH5,8,Emilia-Romagna
2021-05-03,FVG,7197,3275,3922,3419,3778,ITH,ITH4,6,Friuli-Venezia Giulia
2021-02-04,EMR,9938,3207,6731,1250,8688,ITH,ITH5,8,Emilia-Romagna
2021-05-22,EMR,32904,14103,18801,16895,16009,ITH,ITH5,8,Emilia-Romagna
2021-05-03,UMB,5091,2271,2820,2204,2887,ITI,ITI2,10,Umbria
2021-01-14,FVG,2584,789,1795,2584,0,ITH,ITH4,6,Friuli-Venezia Giulia
2021-04-05,LIG,3976,1751,2225,2327,1649,ITC,ITC3,7,Liguria
2021-04-18,BAS,3719,1846,1873,2352,1367,ITF,ITF5,17,Basilicata
2021-04-09,EMR,25640,11624,14016,19949,5691,ITH,ITH5,8,Emilia-Romagna
2021-01-28,SIC,9022,4268,4754,397,8625,ITG,ITG1,19,Sicilia
2021-05-11,MOL,3206,1414,1792,2956,250,ITF,ITF2,14,Molise
2021-01-23,UMB,280,100,180,2,278,ITI,ITI2,10,Umbria
2021-05-08,SIC,35563,17000,18563,25311,10252,ITG,ITG1,19,Sicilia
2021-05-27,VEN,45983,22551,23432,23103,22880,ITH,ITH3,5,Veneto
2021-02-17,PUG,4273,1744,2529,3670,603,ITF,ITF4,16,Puglia
2021-05-03,PIE,26648,12162,14486,12509,14139,ITC,ITC1,1,Piemonte
2021-04-07,CAM,24758,11781,12977,20036,4722,ITF,ITF3,15,Campania
2021-03-26,LAZ,28229,12253,15976,21385,6844,ITI,ITI4,12,Lazio
2021-05-21,PAB,6850,3739,3111,5071,1779,ITH,ITH1,4,Provincia Autonoma Bolzano / Bozen
2021-05-28,PUG,42422,19745,22677,27147,15275,ITF,ITF4,16,Puglia
2021-02-07,VEN,2315,862,1453,714,1601,ITH,ITH3,5,Veneto
2021-02-02,EMR,9484,3053,6431,527,8957,ITH,ITH5,8,Emilia-Romagna
2021-02-20,BAS,1161,531,630,1043,118,ITF,ITF5,17,Basilicata
2021-02-19,PAT,928,358,570,869,59,ITH,ITH2,4,Provincia Autonoma Trento
2021-05-31,BAS,4066,1936,2130,1699,2367,ITF,ITF5,17,Basilicata
2021-01-26,SIC,9221,4554,4667,259,8962,ITG,ITG1,19,Sicilia
2021-02-26,PIE,12293,4933,7360,11556,737,ITC,ITC1,1,Piemonte
2021-03-24,SAR,7287,2998,4289,5928,1359,ITG,ITG2,20,Sardegna
2021-01-08,ABR,1525,507,1018,1525,0,ITF,ITF1,13,Abruzzo
2021-06-08,FVG,9385,4847,4538,9187,198,ITH,ITH4,6,Friuli-Venezia Giulia
2021-01-21,UMB,610,202,408,341,269,ITI,ITI2,10,Umbria
2021-03-10,LOM,33231,12709,20522,25372,7859,ITC,ITC4,3,Lombardia
2021-04-24,PIE,27454,12420,15034,21812,5642,ITC,ITC1,1,Piemonte
2021-05-27,TOS,27905,12821,15084,13253,14652,ITI,ITI1,9,Toscana
2021-02-28,FVG,2685,1002,1683,2292,393,ITH,ITH4,6,Friuli-Venezia Giulia
2021-04-18,ABR,5812,2726,3086,4870,942,ITF,ITF1,13,Abruzzo
2021-05-11,MAR,10622,4832,5790,5678,4944,ITI,ITI3,11,Marche
2021-01-14,PIE,9766,3152,6614,9766,0,ITC,ITC1,1,Piemonte
2021-03-16,VDA,180,37,143,118,62,ITC,ITC2,2,Valle d'Aosta / Vallée d'Aoste
2021-03-31,TOS,32578,13137,19441,20419,12159,ITI,ITI1,9,Toscana
2021-05-06,LOM,89749,42164,47585,73312,16437,ITC,ITC4,3,Lombardia
2021-01-26,LOM,8336,2704,5632,349,7987,ITC,ITC4,3,Lombardia
2021-03-31,CAL,8806,3999,4807,4849,3957,ITF,ITF6,18,Calabria
2021-02-18,BAS,1070,401,669,855,215,ITF,ITF5,17,Basilicata
2021-04-09,CAL,7934,3714,4220,5009,2925,ITF,ITF6,18,Calabria
2021-04-02,CAM,21731,10411,11320,19410,2321,ITF,ITF3,15,Campania
2021-05-11,LIG,13676,6181,7495,7074,6602,ITC,ITC3,7,Liguria
2021-05-30,PUG,20806,9957,10849,15832,4974,ITF,ITF4,16,Puglia
2021-01-22,MOL,126,35,91,126,0,ITF,ITF2,14,Molise
2021-03-22,TOS,4890,2451,2439,4446,444,ITI,ITI1,9,Toscana
2021-03-24,VEN,22022,9506,12516,15214,6808,ITH,ITH3,5,Veneto
2021-05-16,PAB,2024,931,1093,1330,694,ITH,ITH1,4,Provincia Autonoma Bolzano / Bozen
2021-05-02,MOL,1892,932,960,588,1304,ITF,ITF2,14,Molise
2021-02-20,ABR,4776,1842,2934,4700,76,ITF,ITF1,13,Abruzzo
2021-03-15,MAR,4401,2026,2375,1311,3090,ITI,ITI3,11,Marche
2021-03-29,LIG,10438,4510,5928,7308,3130,ITC,ITC3,7,Liguria
2021-04-26,FVG,5457,2449,3008,3808,1649,ITH,ITH4,6,Friuli-Venezia Giulia
2021-03-06,MOL,1728,807,921,1569,159,ITF,ITF2,14,Molise
2021-06-05,CAL,20073,9408,10665,17132,2941,ITF,ITF6,18,Calabria
2021-01-31,LIG,624,270,354,9,615,ITC,ITC3,7,Liguria
2021-02-12,BAS,775,332,443,744,31,ITF,ITF5,17,Basilicata
2021-03-14,MOL,596,240,356,17,579,ITF,ITF2,14,Molise
2020-12-27,CAL,281,156,125,281,0,ITF,ITF6,18,Calabria
2021-03-18,EMR,13674,5806,7868,5674,8000,ITH,ITH5,8,Emilia-Romagna
2021-05-14,EMR,37143,17117,20026,27571,9572,ITH,ITH5,8,Emilia-Romagna
2021-02-03,EMR,9355,2995,6360,984,8371,ITH,ITH5,8,Emilia-Romagna
2021-04-10,BAS,1032,378,654,949,83,ITF,ITF5,17,Basilicata
2021-04-01,EMR,23887,10734,13153,19340,4547,ITH,ITH5,8,Emilia-Romagna
2021-03-13,UMB,1731,524,1207,1486,245,ITI,ITI2,10,Umbria
2021-01-15,UMB,701,215,486,701,0,ITI,ITI2,10,Umbria
2021-02-01,CAM,3985,1813,2172,110,3875,ITF,ITF3,15,Campania
2021-02-26,ABR,3914,1670,2244,2946,968,ITF,ITF1,13,Abruzzo
2021-02-17,EMR,6537,2763,3774,5765,772,ITH,ITH5,8,Emilia-Romagna
2021-04-06,CAL,7453,3368,4085,4177,3276,ITF,ITF6,18,Calabria
2021-01-29,UMB,1232,348,884,79,1153,ITI,ITI2,10,Umbria
2021-03-30,CAM,21729,10271,11458,18771,2958,ITF,ITF3,15,Campania
2021-05-09,SIC,28075,13135,14940,19805,8270,ITG,ITG1,19,Sicilia
2021-02-08,CAL,1849,735,1114,663,1186,ITF,ITF6,18,Calabria
2021-05-09,UMB,5765,2757,3008,5374,391,ITI,ITI2,10,Umbria
2021-02-16,VDA,325,53,272,320,5,ITC,ITC2,2,Valle d'Aosta / Vallée d'Aoste
2021-05-04,FVG,9514,4290,5224,6161,3353,ITH,ITH4,6,Friuli-Venezia Giulia
2021-06-01,EMR,26973,12971,14002,17182,9791,ITH,ITH5,8,Emilia-Romagna
2021-02-15,MAR,967,412,555,954,13,ITI,ITI3,11,Marche
2021-03-15,PAT,1410,545,865,946,464,ITH,ITH2,4,Provincia Autonoma Trento
2021-01-24,FVG,305,119,186,1,304,ITH,ITH4,6,Friuli-Venezia Giulia
2021-01-17,PAT,251,195,56,251,0,ITH,ITH2,4,Provincia Autonoma Trento
2021-04-28,BAS,4704,2158,2546,4263,441,ITF,ITF5,17,Basilicata
2021-05-26,MAR,11803,5916,5887,8620,3183,ITI,ITI3,11,Marche
2021-02-12,LAZ,6846,2847,3999,6432,414,ITI,ITI4,12,Lazio
2021-04-15,TOS,24404,10197,14207,15866,8538,ITI,ITI1,9,Toscana
2021-02-17,TOS,8175,3169,5006,7423,752,ITI,ITI1,9,Toscana
2021-03-08,FVG,4063,1593,2470,1978,2085,ITH,ITH4,6,Friuli-Venezia Giulia
2021-04-25,PUG,11236,5209,6027,10079,1157,ITF,ITF4,16,Puglia
2021-05-11,PAT,3697,1749,1948,2849,848,ITH,ITH2,4,Provincia Autonoma Trento
2021-02-27,PUG,14219,4815,9404,12994,1225,ITF,ITF4,16,Puglia
2021-04-06,LIG,13170,5857,7313,10930,2240,ITC,ITC3,7,Liguria
2021-04-24,CAL,18993,9476,9517,15584,3409,ITF,ITF6,18,Calabria
2021-04-17,CAM,36173,17507,18666,24667,11506,ITF,ITF3,15,Campania
2021-01-01,PUG,148,61,87,148,0,ITF,ITF4,16,Puglia
2021-02-08,LIG,1976,741,1235,306,1670,ITC,ITC3,7,Liguria
2021-02-26,CAL,3063,1632,1431,2610,453,ITF,ITF6,18,Calabria
2021-05-31,PAB,2987,1464,1523,2120,867,ITH,ITH1,4,Provincia Autonoma Bolzano / Bozen
2021-06-07,PUG,41571,19938,21633,29479,12092,ITF,ITF4,16,Puglia
2021-02-17,VEN,6022,2772,3250,5928,94,ITH,ITH3,5,Veneto
2021-03-28,MOL,1626,747,879,524,1102,ITF,ITF2,14,Molise
2021-03-22,FVG,3540,1343,2197,1586,1954,ITH,ITH4,6,Friuli-Venezia Giulia
2021-04-11,PUG,16448,7244,9204,14792,1656,ITF,ITF4,16,Puglia
2021-01-30,MOL,461,158,303,12,449,ITF,ITF2,14,Molise
2021-03-02,BAS,794,383,411,659,135,ITF,ITF5,17,Basilicata
2021-03-30,MAR,7419,3044,4375,4604,2815,ITI,ITI3,11,Marche
2021-04-27,PAT,3908,1877,2031,3839,69,ITH,ITH2,4,Provincia Autonoma Trento
2020-12-27,LIG,135,56,79,135,0,ITC,ITC3,7,Liguria
2021-02-05,SAR,1897,749,1148,433,1464,ITG,ITG2,20,Sardegna
2021-02-01,MAR,1362,479,883,98,1264,ITI,ITI3,11,Marche
2021-04-01,VEN,25199,11054,14145,18791,6408,ITH,ITH3,5,Veneto
2021-02-05,SIC,6731,2976,3755,2125,4606,ITG,ITG1,19,Sicilia
2021-03-08,PIE,13950,5296,8654,11236,2714,ITC,ITC1,1,Piemonte
2021-04-03,SAR,4663,1802,2861,2696,1967,ITG,ITG2,20,Sardegna
2021-01-18,ABR,123,49,74,46,77,ITF,ITF1,13,Abruzzo
2021-05-04,PIE,28493,13083,15410,16398,12095,ITC,ITC1,1,Piemonte
2021-05-30,SAR,9725,4836,4889,7369,2356,ITG,ITG2,20,Sardegna
2021-04-28,ABR,9510,4585,4925,7486,2024,ITF,ITF1,13,Abruzzo
2021-01-24,PIE,3153,959,2194,434,2719,ITC,ITC1,1,Piemonte
2021-02-19,SAR,1499,473,1026,1443,56,ITG,ITG2,20,Sardegna
2021-06-06,CAL,13370,6431,6939,11681,1689,ITF,ITF6,18,Calabria
2021-01-01,PAB,6,5,1,6,0,ITH,ITH1,4,Provincia Autonoma Bolzano / Bozen
2021-04-15,VEN,20845,8608,12237,10038,10807,ITH,ITH3,5,Veneto
2021-05-12,ABR,9615,4585,5030,6046,3569,ITF,ITF1,13,Abruzzo
2021-05-30,CAM,52080,25385,26695,38835,13245,ITF,ITF3,15,Campania
2021-06-07,PAB,2880,1489,1391,2571,309,ITH,ITH1,4,Provincia Autonoma Bolzano / Bozen
2021-03-22,PIE,11512,4882,6630,3906,7606,ITC,ITC1,1,Piemonte
2021-04-03,SIC,16388,7802,8586,13552,2836,ITG,ITG1,19,Sicilia
2021-01-05,VEN,7329,2182,5147,7329,0,ITH,ITH3,5,Veneto
2021-02-19,CAM,9570,3559,6011,8920,650,ITF,ITF3,15,Campania
2021-02-27,PAB,2458,759,1699,2448,10,ITH,ITH1,4,Provincia Autonoma Bolzano / Bozen
2021-03-16,ABR,3484,1452,2032,1830,1654,ITF,ITF1,13,Abruzzo
2020-12-31,LAZ,5293,2121,3172,5293,0,ITI,ITI4,12,Lazio
2021-04-03,LOM,36232,14859,21373,26147,10085,ITC,ITC4,3,Lombardia
2021-05-28,TOS,29852,13720,16132,17499,12353,ITI,ITI1,9,Toscana
2021-04-10,LAZ,23811,10314,13497,16629,7182,ITI,ITI4,12,Lazio
2021-05-30,LOM,74280,35542,38738,34329,39951,ITC,ITC4,3,Lombardia
2021-05-04,PAT,4476,2423,2053,4386,90,ITH,ITH2,4,Provincia Autonoma Trento
2021-01-17,FVG,1716,523,1193,1716,0,ITH,ITH4,6,Friuli-Venezia Giulia
2021-02-05,LAZ,7279,2961,4318,1184,6095,ITI,ITI4,12,Lazio
2021-04-07,VDA,910,474,436,681,229,ITC,ITC2,2,Valle d'Aosta / Vallée d'Aoste
2021-04-12,EMR,19220,8994,10226,14778,4442,ITH,ITH5,8,Emilia-Romagna
2021-04-22,TOS,35720,15301,20419,18281,17439,ITI,ITI1,9,Toscana
2021-03-08,PAT,1410,434,976,1056,354,ITH,ITH2,4,Provincia Autonoma Trento
2021-04-06,MAR,8879,3693,5186,8066,813,ITI,ITI3,11,Marche
2021-02-24,TOS,10372,4467,5905,10171,201,ITI,ITI1,9,Toscana
2021-03-15,FVG,3767,1637,2130,1446,2321,ITH,ITH4,6,Friuli-Venezia Giulia
2021-06-08,EMR,43067,22013,21054,35894,7173,ITH,ITH5,8,Emilia-Romagna
2021-03-22,PAT,2306,973,1333,1431,875,ITH,ITH2,4,Provincia Autonoma Trento
2021-06-04,TOS,27971,13185,14786,20270,7701,ITI,ITI1,9,Toscana
2021-01-24,PAT,547,276,271,224,323,ITH,ITH2,4,Provincia Autonoma Trento
2021-05-20,UMB,9830,4585,5245,6192,3638,ITI,ITI2,10,Umbria
2021-02-09,VDA,251,84,167,68,183,ITC,ITC2,2,Valle d'Aosta / Vallée d'Aoste
2021-03-06,PUG,15974,5967,10007,13886,2088,ITF,ITF4,16,Puglia
2021-04-03,LAZ,24688,11093,13595,17989,6699,ITI,ITI4,12,Lazio
2021-04-08,TOS,29664,12542,17122,23277,6387,ITI,ITI1,9,Toscana
2020-12-31,CAM,1490,811,679,1490,0,ITF,ITF3,15,Campania
2021-02-10,VEN,4751,1588,3163,3697,1054,ITH,ITH3,5,Veneto
2021-03-23,MAR,5789,2529,3260,2262,3527,ITI,ITI3,11,Marche
2021-06-06,CAM,62304,30966,31338,61673,631,ITF,ITF3,15,Campania
2021-01-07,CAL,2187,1067,1120,2187,0,ITF,ITF6,18,Calabria
2021-01-08,PUG,5615,2355,3260,5615,0,ITF,ITF4,16,Puglia
2021-02-13,PAB,318,79,239,312,6,ITH,ITH1,4,Provincia Autonoma Bolzano / Bozen
2021-02-06,MOL,429,179,250,29,400,ITF,ITF2,14,Molise
2021-02-26,CAM,13339,4230,9109,12004,1335,ITF,ITF3,15,Campania
2021-04-08,VEN,32315,14345,17970,24436,7879,ITH,ITH3,5,Veneto
2021-04-11,PAB,2720,1291,1429,2543,177,ITH,ITH1,4,Provincia Autonoma Bolzano / Bozen
2021-04-17,CAL,10853,5086,5767,9046,1807,ITF,ITF6,18,Calabria
2021-04-18,PUG,22542,10777,11765,21478,1064,ITF,ITF4,16,Puglia
2021-02-08,MAR,833,258,575,371,462,ITI,ITI3,11,Marche
2021-04-24,CAM,36330,17519,18811,25083,11247,ITF,ITF3,15,Campania
2021-02-20,PUG,2969,1080,1889,2712,257,ITF,ITF4,16,Puglia
2021-03-27,SAR,5720,2178,3542,5298,422,ITG,ITG2,20,Sardegna
2021-05-01,CAL,16621,7931,8690,12430,4191,ITF,ITF6,18,Calabria
2021-05-11,FVG,8966,4299,4667,7169,1797,ITH,ITH4,6,Friuli-Venezia Giulia
2021-04-21,BAS,3921,1835,2086,2271,1650,ITF,ITF5,17,Basilicata
2021-05-19,MAR,11469,5272,6197,8561,2908,ITI,ITI3,11,Marche
2021-01-31,FVG,2715,836,1879,385,2330,ITH,ITH4,6,Friuli-Venezia Giulia
2021-02-15,LIG,2262,839,1423,1865,397,ITC,ITC3,7,Liguria
2021-03-05,CAL,6229,3612,2617,5656,573,ITF,ITF6,18,Calabria
2021-05-23,SAR,9964,4805,5159,7720,2244,ITG,ITG2,20,Sardegna
2021-05-24,PAB,1444,762,682,1110,334,ITH,ITH1,4,Provincia Autonoma Bolzano / Bozen
2021-05-05,ABR,11589,5551,6038,6450,5139,ITF,ITF1,13,Abruzzo
2021-02-12,SAR,2237,933,1304,2178,59,ITG,ITG2,20,Sardegna
2021-03-27,SIC,15587,7351,8236,10735,4852,ITG,ITG1,19,Sicilia
2021-04-27,PIE,22581,10208,12373,17444,5137,ITC,ITC1,1,Piemonte
2021-03-09,ABR,5166,1795,3371,4228,938,ITF,ITF1,13,Abruzzo
2021-01-03,LIG,734,230,504,734,0,ITC,ITC3,7,Liguria
2021-01-17,PIE,3518,1168,2350,2870,648,ITC,ITC1,1,Piemonte
2021-01-29,SIC,9123,4228,4895,425,8698,ITG,ITG1,19,Sicilia
2021-04-10,SAR,10489,4748,5741,8554,1935,ITG,ITG2,20,Sardegna
2021-02-20,PAB,1802,540,1262,1784,18,ITH,ITH1,4,Provincia Autonoma Bolzano / Bozen
2021-06-04,VEN,48938,25422,23516,41152,7786,ITH,ITH3,5,Veneto
2021-02-12,SIC,4585,1810,2775,4319,266,ITG,ITG1,19,Sicilia
2021-03-15,PIE,10661,4164,6497,5041,5620,ITC,ITC1,1,Piemonte
2021-02-24,VEN,8614,3678,4936,8128,486,ITH,ITH3,5,Veneto
2021-04-10,CAM,28340,13486,14854,23427,4913,ITF,ITF3,15,Campania
2021-04-18,PAB,3110,1607,1503,2100,1010,ITH,ITH1,4,Provincia Autonoma Bolzano / Bozen
2021-05-11,PIE,31978,15401,16577,18838,13140,ITC,ITC1,1,Piemonte
2021-05-23,SIC,34142,16614,17528,20115,14027,ITG,ITG1,19,Sicilia
2021-01-31,PIE,4113,1753,2360,112,4001,ITC,ITC1,1,Piemonte
2021-05-23,LOM,60740,28919,31821,26793,33947,ITC,ITC4,3,Lombardia
2021-02-12,LOM,13938,4358,9580,9021,4917,ITC,ITC4,3,Lombardia
2021-02-19,LAZ,10046,5080,4966,9215,831,ITI,ITI4,12,Lazio
2021-04-10,LOM,52433,21718,30715,40646,11787,ITC,ITC4,3,Lombardia
2021-06-06,LOM,89686,46127,43559,80592,9094,ITC,ITC4,3,Lombardia
2021-01-07,LOM,11754,3634,8120,11754,0,ITC,ITC4,3,Lombardia
2021-03-03,TOS,18193,6509,11684,14587,3606,ITI,ITI1,9,Toscana
2021-06-04,MOL,2860,1393,1467,2432,428,ITF,ITF2,14,Molise
2021-01-18,BAS,463,157,306,364,99,ITF,ITF5,17,Basilicata
2021-01-05,TOS,5249,1755,3494,5249,0,ITI,ITI1,9,Toscana
2021-04-08,MOL,1766,903,863,1564,202,ITF,ITF2,14,Molise
2021-01-15,PUG,4552,1866,2686,4552,0,ITF,ITF4,16,Puglia
2021-04-19,EMR,20889,9793,11096,14617,6272,ITH,ITH5,8,Emilia-Romagna
2021-01-31,PAT,75,15,60,1,74,ITH,ITH2,4,Provincia Autonoma Trento
2021-03-31,UMB,3903,1733,2170,2216,1687,ITI,ITI2,10,Umbria
2021-01-09,EMR,9983,3450,6533,9983,0,ITH,ITH5,8,Emilia-Romagna
2021-03-16,BAS,1904,801,1103,229,1675,ITF,ITF5,17,Basilicata
2021-03-07,EMR,7801,2928,4873,6284,1517,ITH,ITH5,8,Emilia-Romagna
2021-02-16,UMB,1308,655,653,1299,9,ITI,ITI2,10,Umbria
2021-05-27,SIC,47137,21505,25632,24820,22317,ITG,ITG1,19,Sicilia
2021-05-03,EMR,28688,13551,15137,17811,10877,ITH,ITH5,8,Emilia-Romagna
2021-01-07,CAM,8910,4166,4744,8910,0,ITF,ITF3,15,Campania
2021-05-27,UMB,9934,4829,5105,8649,1285,ITI,ITI2,10,Umbria
2021-01-19,TOS,1104,531,573,1104,0,ITI,ITI1,9,Toscana
2021-03-12,CAL,5156,2470,2686,4091,1065,ITF,ITF6,18,Calabria
2021-01-04,UMB,810,398,412,810,0,ITI,ITI2,10,Umbria
2021-03-05,CAM,16483,6348,10135,9820,6663,ITF,ITF3,15,Campania
2021-04-14,SIC,20114,9725,10389,11419,8695,ITG,ITG1,19,Sicilia
2021-01-14,CAL,2635,1248,1387,2635,0,ITF,ITF6,18,Calabria
2021-04-14,UMB,8150,3673,4477,6171,1979,ITI,ITI2,10,Umbria
2021-05-29,FVG,11950,5810,6140,7007,4943,ITH,ITH4,6,Friuli-Venezia Giulia
2021-01-15,PAB,3282,1228,2054,3282,0,ITH,ITH1,4,Provincia Autonoma Bolzano / Bozen
2021-04-21,LAZ,32982,14974,18008,20616,12366,ITI,ITI4,12,Lazio
2021-01-07,LIG,3229,1095,2134,3229,0,ITC,ITC3,7,Liguria
2021-04-17,LIG,7383,3217,4166,6633,750,ITC,ITC3,7,Liguria
2021-01-07,SAR,3112,1077,2035,3112,0,ITG,ITG2,20,Sardegna
2021-04-18,VDA,522,254,268,518,4,ITC,ITC2,2,Valle d'Aosta / Vallée d'Aoste
2021-04-17,MAR,11700,5316,6384,10627,1073,ITI,ITI3,11,Marche
2021-05-01,LIG,7131,3253,3878,1332,5799,ITC,ITC3,7,Liguria
2021-02-07,PIE,3088,974,2114,445,2643,ITC,ITC1,1,Piemonte
2021-03-05,LIG,4869,2150,2719,3737,1132,ITC,ITC3,7,Liguria
2021-02-19,LOM,14161,5385,8776,13482,679,ITC,ITC4,3,Lombardia
2021-04-22,MOL,1844,863,981,1065,779,ITF,ITF2,14,Molise
2021-05-31,VDA,879,395,484,500,379,ITC,ITC2,2,Valle d'Aosta / Vallée d'Aoste
2021-04-17,LOM,48392,21257,27135,37624,10768,ITC,ITC4,3,Lombardia
2021-04-26,VEN,20707,9449,11258,15568,5139,ITH,ITH3,5,Veneto
2021-06-03,LAZ,54525,27074,27451,38184,16341,ITI,ITI4,12,Lazio
2020-12-27,MAR,202,98,104,202,0,ITI,ITI3,11,Marche
2021-05-05,BAS,4334,2048,2286,3444,890,ITF,ITF5,17,Basilicata
2021-02-17,MOL,72,32,40,57,15,ITF,ITF2,14,Molise
2021-02-26,LOM,18353,7545,10808,16509,1844,ITC,ITC4,3,Lombardia
2021-03-09,BAS,1396,710,686,791,605,ITF,ITF5,17,Basilicata
2021-04-21,SIC,22398,10741,11657,16290,6108,ITG,ITG1,19,Sicilia
2021-01-21,CAL,960,445,515,930,30,ITF,ITF6,18,Calabria
2021-01-22,PUG,1409,578,831,991,418,ITF,ITF4,16,Puglia
2021-05-28,MOL,2493,1301,1192,1980,513,ITF,ITF2,14,Molise
2021-02-28,EMR,6823,2527,4296,4977,1846,ITH,ITH5,8,Emilia-Romagna
2021-01-25,BAS,1023,429,594,74,949,ITF,ITF5,17,Basilicata
2021-04-26,EMR,27879,12927,14952,18574,9305,ITH,ITH5,8,Emilia-Romagna
2021-04-07,SIC,15386,7579,7807,8278,7108,ITG,ITG1,19,Sicilia
2021-06-03,UMB,9019,4456,4563,8750,269,ITI,ITI2,10,Umbria
2021-01-16,EMR,5627,1718,3909,5627,0,ITH,ITH5,8,Emilia-Romagna
2021-04-07,UMB,5568,2289,3279,3562,2006,ITI,ITI2,10,Umbria
2021-02-01,ABR,1632,573,1059,271,1361,ITF,ITF1,13,Abruzzo
2021-03-14,EMR,8696,3744,4952,4899,3797,ITH,ITH5,8,Emilia-Romagna
2021-01-11,BAS,183,66,117,183,0,ITF,ITF5,17,Basilicata
2021-01-14,CAM,7073,2977,4096,7073,0,ITF,ITF3,15,Campania
2021-02-23,UMB,1693,658,1035,1651,42,ITI,ITI2,10,Umbria
2021-06-03,SIC,45609,20838,24771,34156,11453,ITG,ITG1,19,Sicilia
2021-01-12,TOS,3581,1398,2183,3581,0,ITI,ITI1,9,Toscana
2021-01-08,PAB,1521,479,1042,1521,0,ITH,ITH1,4,Provincia Autonoma Bolzano / Bozen
2021-06-06,LIG,3798,2030,1768,2946,852,ITC,ITC3,7,Liguria
2021-03-23,ABR,4782,2143,2639,2216,2566,ITF,ITF1,13,Abruzzo
2021-04-24,LIG,8169,3785,4384,5018,3151,ITC,ITC3,7,Liguria
2021-05-22,FVG,11509,5167,6342,7286,4223,ITH,ITH4,6,Friuli-Venezia Giulia
2020-12-31,SAR,32,16,16,32,0,ITG,ITG2,20,Sardegna
2021-04-25,VDA,849,408,441,710,139,ITC,ITC2,2,Valle d'Aosta / Vallée d'Aoste
2021-01-25,ABR,1605,632,973,19,1586,ITF,ITF1,13,Abruzzo
2021-02-26,LIG,3765,1523,2242,3437,328,ITC,ITC3,7,Liguria
2021-06-07,VDA,710,347,363,649,61,ITC,ITC2,2,Valle d'Aosta / Vallée d'Aoste
2021-06-06,MAR,12299,6074,6225,10810,1489,ITI,ITI3,11,Marche
2021-02-27,VDA,231,85,146,124,107,ITC,ITC2,2,Valle d'Aosta / Vallée d'Aoste
2021-04-14,LAZ,29275,13262,16013,19154,10121,ITI,ITI4,12,Lazio
2021-05-22,PIE,33355,15069,18286,17228,16127,ITC,ITC1,1,Piemonte
2020-12-31,LOM,713,301,412,713,0,ITC,ITC4,3,Lombardia
2021-04-15,MOL,1924,793,1131,1080,844,ITF,ITF2,14,Molise
