data_somministrazione,area,totale,sesso_maschile,sesso_femminile,categoria_operatori_sanitari_sociosanitari,categoria_personale_non_sanitario,categoria_ospiti_rsa,categoria_over80,prima_dose,seconda_dose,codice_NUTS1,codice_NUTS2,codice_regione_ISTAT,nome_area
2021-01-12,PUG,4185,1755,2430,3593,373,218,1,4185,0,ITF,ITF4,16,Puglia
2021-01-26,MAR,1896,696,1200,1656,154,86,0,92,1804,ITI,ITI3,11,Marche
2021-01-04,SIC,8306,4135,4171,7533,767,6,0,8306,0,ITG,ITG1,19,Sicilia
2021-02-06,VEN,3520,1129,2391,2291,887,342,0,642,2878,ITH,ITH3,5,Veneto
2021-01-11,CAL,2154,1040,1114,1759,392,3,0,2154,0,ITF,ITF6,18,Calabria
2021-02-01,EMR,10066,3523,6543,6940,1991,1135,0,340,9726,ITH,ITH5,8,Emilia-Romagna
2021-01-28,LIG,2741,935,1806,1911,525,305,0,33,2708,ITC,ITC3,7,Liguria
2020-12-27,ABR,37,19,18,34,1,2,0,37,0,ITF,ITF1,13,Abruzzo
2021-02-06,PAT,560,292,268,166,96,0,298,426,134,ITH,ITH2,4,Provincia Autonoma Trento
2021-01-27,VDA,151,71,80,47,33,18,53,79,72,ITC,ITC2,2,Valle d'Aosta / Vallée d'Aoste
2021-01-18,SIC,1538,640,898,713,618,207,0,1424,114,ITG,ITG1,19,Sicilia
2021-01-25,CAL,1064,512,552,1021,43,0,0,156,908,ITF,ITF6,18,Calabria
2021-01-23,VEN,4061,1254,2807,3402,208,450,1,35,4026,ITH,ITH3,5,Veneto
2021-01-30,FVG,2269,744,1525,1475,353,441,0,269,2000,ITH,ITH4,6,Friuli-Venezia Giulia
2021-01-02,LIG,686,245,441,580,106,0,0,686,0,ITC,ITC3,7,Liguria
2021-01-04,LOM,5972,2056,3916,4587,1204,166,15,5972,0,ITC,ITC4,3,Lombardia
2021-01-23,LAZ,6883,2682,4201,5820,521,417,125,255,6628,ITI,ITI4,12,Lazio
2021-01-28,TOS,6266,1877,4389,5418,66,782,0,348,5918,ITI,ITI1,9,Toscana
2021-01-10,ABR,1139,409,730,1091,48,0,0,1139,0,ITF,ITF1,13,Abruzzo
2021-01-15,BAS,812,349,463,449,190,173,0,812,0,ITF,ITF5,17,Basilicata
2021-01-18,CAM,942,399,543,576,193,173,0,698,244,ITF,ITF3,15,Campania
2021-01-26,PAB,808,291,517,666,142,0,0,1,807,ITH,ITH1,4,Provincia Autonoma Bolzano / Bozen
2021-01-06,LAZ,5095,1950,3145,4613,162,320,0,5095,0,ITI,ITI4,12,Lazio
2021-01-13,UMB,450,139,311,379,29,42,0,450,0,ITI,ITI2,10,Umbria
2021-01-10,VDA,220,71,149,168,33,19,0,220,0,ITC,ITC2,2,Valle d'Aosta / Vallée d'Aoste
2020-12-30,PIE,730,322,408,685,45,0,0,730,0,ITC,ITC1,1,Piemonte
2021-01-30,CAM,10721,5079,5642,6930,3564,227,0,39,10682,ITF,ITF3,15,Campania
2021-01-16,PIE,7748,2630,5118,4793,1588,1367,0,7748,0,ITC,ITC1,1,Piemonte
2021-01-16,TOS,3248,1037,2211,2493,538,217,0,3248,0,ITI,ITI1,9,Toscana
2020-12-27,VDA,20,9,11,20,0,0,0,20,0,ITC,ITC2,2,Valle d'Aosta / Vallée d'Aoste
2021-01-30,SIC,7832,3568,4264,5445,1912,475,0,171,7661,ITG,ITG1,19,Sicilia
2021-01-11,VEN,7229,2099,5130,3436,1593,1953,247,7229,0,ITH,ITH3,5,Veneto
2021-01-07,MOL,598,209,389,399,54,145,0,598,0,ITF,ITF2,14,Molise
2021-01-23,PAT,571,331,240,219,264,88,0,384,187,ITH,ITH2,4,Provincia Autonoma Trento
2021-02-05,VDA,294,102,192,144,97,0,53,101,193,ITC,ITC2,2,Valle d'Aosta / Vallée d'Aoste
2021-01-21,PUG,2116,897,1219,1412,178,526,0,1264,852,ITF,ITF4,16,Puglia
2021-01-06,EMR,8257,2938,5319,6614,992,651,0,8257,0,ITH,ITH5,8,Emilia-Romagna
2021-01-27,BAS,409,173,236,149,234,26,0,112,297,ITF,ITF5,17,Basilicata
2021-01-22,ABR,118,57,61,2,4,112,0,118,0,ITF,ITF1,13,Abruzzo
2021-01-30,UMB,1576,483,1093,841,18,716,1,43,1533,ITI,ITI2,10,Umbria
2021-01-18,FVG,1951,605,1346,1354,491,106,0,1857,94,ITH,ITH4,6,Friuli-Venezia Giulia
2020-12-31,PAB,863,495,368,429,434,0,0,863,0,ITH,ITH1,4,Provincia Autonoma Bolzano / Bozen
2021-02-05,ABR,969,326,643,772,137,60,0,442,527,ITF,ITF1,13,Abruzzo
2021-01-23,EMR,2441,868,1573,1893,118,430,0,439,2002,ITH,ITH5,8,Emilia-Romagna
2021-01-04,FVG,1509,558,951,1391,118,0,0,1509,0,ITH,ITH4,6,Friuli-Venezia Giulia
2021-01-30,PIE,5976,2134,3842,4365,1116,495,0,217,5759,ITC,ITC1,1,Piemonte
2021-01-12,MAR,1226,413,813,912,264,50,0,1226,0,ITI,ITI3,11,Marche
2021-01-16,LIG,1251,543,708,330,623,298,0,1251,0,ITC,ITC3,7,Liguria
2021-01-02,TOS,3497,1097,2400,2682,15,800,0,3497,0,ITI,ITI1,9,Toscana
2021-02-04,LOM,24187,7230,16957,12281,7069,4655,182,1128,23059,ITC,ITC4,3,Lombardia
2021-02-01,LAZ,4655,1770,2885,3881,421,346,7,269,4386,ITI,ITI4,12,Lazio
2021-01-04,CAM,5823,2961,2862,4848,975,0,0,5823,0,ITF,ITF3,15,Campania
2021-01-16,SAR,1492,525,967,1268,224,0,0,1492,0,ITG,ITG2,20,Sardegna
2021-01-21,MAR,895,252,643,459,100,336,0,585,310,ITI,ITI3,11,Marche
2021-01-30,EMR,10033,3507,6526,7235,2034,764,0,143,9890,ITH,ITH5,8,Emilia-Romagna
2021-01-11,UMB,1271,336,935,878,20,373,0,1271,0,ITI,ITI2,10,Umbria
2021-01-16,CAM,3368,1673,1695,1355,1641,372,0,3368,0,ITF,ITF3,15,Campania
2020-12-30,SIC,118,66,52,108,10,0,0,118,0,ITG,ITG1,19,Sicilia
2021-01-06,CAL,926,500,426,822,104,0,0,926,0,ITF,ITF6,18,Calabria
2021-02-02,LIG,2292,893,1399,1471,555,266,0,137,2155,ITC,ITC3,7,Liguria
2021-01-26,MOL,450,184,266,444,6,0,0,8,442,ITF,ITF2,14,Molise
2020-12-27,BAS,106,41,65,104,2,0,0,106,0,ITF,ITF5,17,Basilicata
2021-01-22,VDA,56,21,35,36,0,20,0,20,36,ITC,ITC2,2,Valle d'Aosta / Vallée d'Aoste
2021-01-28,VEN,9170,2651,6519,6417,1329,1424,0,166,9004,ITH,ITH3,5,Veneto
2021-02-04,FVG,2724,802,1922,1716,543,465,0,36,2688,ITH,ITH4,6,Friuli-Venezia Giulia
2021-01-23,TOS,3948,1354,2594,2935,172,841,0,639,3309,ITI,ITI1,9,Toscana
2021-01-15,ABR,379,149,230,223,121,35,0,379,0,ITF,ITF1,13,Abruzzo
2021-01-08,VDA,299,130,169,172,111,16,0,299,0,ITC,ITC2,2,Valle d'Aosta / Vallée d'Aoste
2020-12-31,PUG,1633,783,850,1543,46,44,0,1633,0,ITF,ITF4,16,Puglia
2021-01-10,BAS,77,24,53,9,68,0,0,77,0,ITF,ITF5,17,Basilicata
2021-01-30,SAR,3862,1392,2470,2913,948,0,1,362,3500,ITG,ITG2,20,Sardegna
2021-01-11,LAZ,5525,2103,3422,4450,506,569,0,5525,0,ITI,ITI4,12,Lazio
2021-01-04,PIE,5559,1676,3883,4587,737,235,0,5559,0,ITC,ITC1,1,Piemonte
2021-01-04,EMR,7254,2509,4745,6048,629,577,0,7254,0,ITH,ITH5,8,Emilia-Romagna
2021-01-16,SIC,2691,1150,1541,1249,1144,298,0,2691,0,ITG,ITG1,19,Sicilia
2020-12-30,PAT,6,2,4,4,1,1,0,6,0,ITH,ITH2,4,Provincia Autonoma Trento
2021-01-23,CAL,400,186,214,325,52,23,0,358,42,ITF,ITF6,18,Calabria
2021-01-25,CAM,5744,2926,2818,4743,945,56,0,164,5580,ITF,ITF3,15,Campania
2021-01-11,TOS,5092,1688,3404,4360,210,522,0,5092,0,ITI,ITI1,9,Toscana
2021-01-25,SIC,7504,3691,3813,6628,806,70,0,320,7184,ITG,ITG1,19,Sicilia
2021-01-28,PAT,529,147,382,327,95,107,0,48,481,ITH,ITH2,4,Provincia Autonoma Trento
2021-02-01,CAL,2495,1191,1304,2044,408,43,0,247,2248,ITF,ITF6,18,Calabria
2021-01-16,VEN,4504,1517,2987,2582,1278,644,0,4504,0,ITH,ITH3,5,Veneto
2021-01-16,LOM,15126,5664,9462,7863,5848,1236,179,15126,0,ITC,ITC4,3,Lombardia
2021-01-12,MOL,336,114,222,132,75,129,0,336,0,ITF,ITF2,14,Molise
2021-01-26,PUG,5348,2395,2953,4819,299,230,0,568,4780,ITF,ITF4,16,Puglia
2021-01-11,PAT,722,218,504,514,58,150,0,722,0,ITH,ITH2,4,Provincia Autonoma Trento
2021-01-22,BAS,66,24,42,6,60,0,0,66,0,ITF,ITF5,17,Basilicata
2021-01-25,UMB,647,322,325,645,2,0,0,5,642,ITI,ITI2,10,Umbria
2021-01-23,FVG,815,324,491,767,48,0,0,4,811,ITH,ITH4,6,Friuli-Venezia Giulia
2021-01-04,SAR,591,217,374,565,26,0,0,591,0,ITG,ITG2,20,Sardegna
2021-02-05,BAS,977,438,539,508,282,187,0,60,917,ITF,ITF5,17,Basilicata
2021-02-03,VDA,348,114,234,153,145,49,1,13,335,ITC,ITC2,2,Valle d'Aosta / Vallée d'Aoste
2021-01-18,PIE,6085,2035,4050,3215,1401,1469,0,5838,247,ITC,ITC1,1,Piemonte
2021-01-18,EMR,3125,879,2246,1642,355,1128,0,2448,677,ITH,ITH5,8,Emilia-Romagna
2021-02-04,PIE,10137,3322,6815,6225,2186,1726,0,534,9603,ITC,ITC1,1,Piemonte
2021-01-07,MAR,1802,633,1169,1480,322,0,0,1802,0,ITI,ITI3,11,Marche
2021-01-21,LIG,831,308,523,423,210,197,1,460,371,ITC,ITC3,7,Liguria
2021-01-06,FVG,709,264,445,514,195,0,0,709,0,ITH,ITH4,6,Friuli-Venezia Giulia
2021-02-06,LAZ,4691,1876,2815,3004,727,492,468,614,4077,ITI,ITI4,12,Lazio
2021-01-12,PAB,1518,397,1121,298,672,475,73,1518,0,ITH,ITH1,4,Provincia Autonoma Bolzano / Bozen
2021-01-30,LOM,11837,4355,7482,9218,2453,158,8,187,11650,ITC,ITC4,3,Lombardia
2021-01-24,ABR,50,22,28,49,1,0,0,6,44,ITF,ITF1,13,Abruzzo
2021-01-02,PUG,2942,1294,1648,2794,125,23,0,2942,0,ITF,ITF4,16,Puglia
2021-01-25,EMR,6411,2127,4284,5074,659,678,0,221,6190,ITH,ITH5,8,Emilia-Romagna
2021-02-04,LIG,2239,817,1422,1226,832,181,0,105,2134,ITC,ITC3,7,Liguria
2021-01-03,ABR,471,185,286,464,7,0,0,471,0,ITF,ITF1,13,Abruzzo
2021-01-08,BAS,557,220,337,262,234,61,0,557,0,ITF,ITF5,17,Basilicata
2021-02-06,FVG,586,159,427,353,93,140,0,17,569,ITH,ITH4,6,Friuli-Venezia Giulia
2021-01-06,UMB,843,323,520,840,3,0,0,843,0,ITI,ITI2,10,Umbria
2021-01-18,SAR,904,326,578,714,190,0,0,780,124,ITG,ITG2,20,Sardegna
2021-01-11,CAM,4064,1865,2199,2381,1434,249,0,4064,0,ITF,ITF3,15,Campania
2021-02-04,TOS,4245,1590,2655,3166,624,455,0,955,3290,ITI,ITI1,9,Toscana
2020-12-30,LAZ,1601,621,980,1575,0,26,0,1601,0,ITI,ITI4,12,Lazio
2021-01-19,MAR,225,81,144,120,20,85,0,141,84,ITI,ITI3,11,Marche
2020-12-28,LOM,103,44,59,102,1,0,0,103,0,ITC,ITC4,3,Lombardia
2021-01-17,VDA,131,56,75,49,3,20,59,131,0,ITC,ITC2,2,Valle d'Aosta / Vallée d'Aoste
2021-01-31,MOL,268,70,198,85,19,164,0,6,262,ITF,ITF2,14,Molise
2021-02-04,SAR,2261,811,1450,1724,367,169,1,906,1355,ITG,ITG2,20,Sardegna
2021-02-02,MAR,1193,397,796,804,296,93,0,73,1120,ITI,ITI3,11,Marche
2021-01-13,LAZ,5496,2030,3466,3827,686,980,3,5496,0,ITI,ITI4,12,Lazio
2021-01-11,SIC,5890,2583,3307,3913,1596,381,0,5890,0,ITG,ITG1,19,Sicilia
2021-01-30,VEN,8468,2599,5869,5862,1460,1143,3,610,7858,ITH,ITH3,5,Veneto
2021-01-04,PAT,852,223,629,481,49,322,0,852,0,ITH,ITH2,4,Provincia Autonoma Trento
2021-01-18,CAL,1230,550,680,982,237,11,0,1040,190,ITF,ITF6,18,Calabria
2021-01-25,LAZ,7761,3041,4720,6791,485,363,122,421,7340,ITI,ITI4,12,Lazio
2021-02-06,UMB,318,124,194,285,25,8,0,32,286,ITI,ITI2,10,Umbria
2021-01-11,LOM,15929,5297,10632,10021,5264,544,100,15929,0,ITC,ITC4,3,Lombardia
2021-01-09,LIG,1306,464,842,782,338,186,0,1306,0,ITC,ITC3,7,Liguria
2021-01-17,MOL,78,38,40,78,0,0,0,48,30,ITF,ITF2,14,Molise
2021-01-31,PUG,1792,816,976,1481,111,198,2,66,1726,ITF,ITF4,16,Puglia
2021-01-28,LOM,11789,3586,8203,8727,2302,730,30,632,11157,ITC,ITC4,3,Lombardia
2021-01-17,BAS,324,131,193,93,177,54,0,322,2,ITF,ITF5,17,Basilicata
2021-01-24,PAB,12,10,2,1,11,0,0,0,12,ITH,ITH1,4,Provincia Autonoma Bolzano / Bozen
2021-01-16,PAT,318,147,171,299,5,14,0,318,0,ITH,ITH2,4,Provincia Autonoma Trento
2021-02-06,CAM,4770,2376,2394,1907,2543,320,0,1744,3026,ITF,ITF3,15,Campania
2021-01-20,UMB,613,222,391,583,16,14,0,613,0,ITI,ITI2,10,Umbria
2021-01-09,TOS,4483,1596,2887,3779,144,560,0,4483,0,ITI,ITI1,9,Toscana
2021-01-29,VDA,316,138,178,189,111,16,0,2,314,ITC,ITC2,2,Valle d'Aosta / Vallée d'Aoste
2021-01-30,PAT,382,130,252,343,8,31,0,151,231,ITH,ITH2,4,Provincia Autonoma Trento
2021-01-23,PIE,4216,1321,2895,3189,522,505,0,876,3340,ITC,ITC1,1,Piemonte
2020-12-28,SIC,205,123,82,203,2,0,0,205,0,ITG,ITG1,19,Sicilia
2021-01-13,EMR,9062,2939,6123,5565,1755,1742,0,9062,0,ITH,ITH5,8,Emilia-Romagna
2021-01-04,CAL,996,492,504,969,27,0,0,996,0,ITF,ITF6,18,Calabria
2021-01-04,VEN,6724,2029,4695,5215,595,913,1,6724,0,ITH,ITH3,5,Veneto
2021-01-02,MAR,453,139,314,444,9,0,0,453,0,ITI,ITI3,11,Marche
2021-01-11,FVG,1881,609,1272,1499,336,46,0,1881,0,ITH,ITH4,6,Friuli-Venezia Giulia
2021-01-07,PAB,885,311,574,607,227,0,51,885,0,ITH,ITH1,4,Provincia Autonoma Bolzano / Bozen
2021-01-14,PUG,4017,1565,2452,3110,410,497,0,4017,0,ITF,ITF4,16,Puglia
2021-02-03,BAS,666,300,366,305,189,172,0,32,634,ITF,ITF5,17,Basilicata
2021-01-29,ABR,1386,449,937,1290,96,0,0,74,1312,ITF,ITF1,13,Abruzzo
2021-01-07,PUG,5701,2445,3256,5125,357,219,0,5701,0,ITF,ITF4,16,Puglia
2021-01-03,BAS,899,344,555,788,111,0,0,899,0,ITF,ITF5,17,Basilicata
2021-01-31,MAR,1919,769,1150,1527,392,0,0,105,1814,ITI,ITI3,11,Marche
2021-01-01,UMB,269,102,167,268,1,0,0,269,0,ITI,ITI2,10,Umbria
2021-01-06,CAM,7652,3748,3904,5780,1572,300,0,7652,0,ITF,ITF3,15,Campania
2021-01-30,TOS,4549,1600,2949,3750,199,600,0,173,4376,ITI,ITI1,9,Toscana
2021-01-23,SAR,60,22,38,60,0,0,0,0,60,ITG,ITG2,20,Sardegna
2021-01-04,LAZ,7477,2907,4570,7073,88,316,0,7477,0,ITI,ITI4,12,Lazio
2021-02-05,MOL,593,269,324,460,70,63,0,55,538,ITF,ITF2,14,Molise
2021-02-06,EMR,5989,1900,4089,3895,1237,837,20,1622,4367,ITH,ITH5,8,Emilia-Romagna
2021-02-06,PIE,6973,2354,4619,4593,1478,902,0,322,6651,ITC,ITC1,1,Piemonte
2021-01-14,MAR,2010,692,1318,1112,600,298,0,2010,0,ITI,ITI3,11,Marche
2021-01-23,LIG,799,289,510,627,129,43,0,145,654,ITC,ITC3,7,Liguria
2021-01-18,VEN,2687,763,1924,1070,677,932,8,2486,201,ITH,ITH3,5,Veneto
2021-01-23,SIC,4113,2128,1985,3876,221,16,0,225,3888,ITG,ITG1,19,Sicilia
2021-01-25,FVG,1580,566,1014,1367,141,72,0,193,1387,ITH,ITH4,6,Friuli-Venezia Giulia
2020-12-28,LIG,75,26,49,72,3,0,0,75,0,ITC,ITC3,7,Liguria
2021-01-09,LOM,12373,4557,7816,8065,4106,192,10,12373,0,ITC,ITC4,3,Lombardia
2021-01-30,CAL,2173,1147,1026,1974,199,0,0,358,1815,ITF,ITF6,18,Calabria
2021-01-18,LAZ,5281,2032,3249,3232,884,712,453,4792,489,ITI,ITI4,12,Lazio
2021-01-23,CAM,3838,2029,1809,3161,609,68,0,272,3566,ITF,ITF3,15,Campania
2021-01-05,ABR,1614,604,1010,1604,10,0,0,1614,0,ITF,ITF1,13,Abruzzo
2021-01-18,UMB,588,215,373,314,150,124,0,504,84,ITI,ITI2,10,Umbria
2021-01-19,MOL,173,63,110,90,61,22,0,162,11,ITF,ITF2,14,Molise
2021-01-15,VDA,218,82,136,115,69,28,6,218,0,ITC,ITC2,2,Valle d'Aosta / Vallée d'Aoste
2021-02-04,VEN,6608,1800,4808,2914,1686,1997,11,491,6117,ITH,ITH3,5,Veneto
2021-01-06,SIC,6420,3376,3044,5672,746,2,0,6420,0,ITG,ITG1,19,Sicilia
2021-01-13,CAL,2028,1022,1006,1800,194,34,0,2028,0,ITF,ITF6,18,Calabria
2021-01-09,PAT,183,40,143,139,14,30,0,183,0,ITH,ITH2,4,Provincia Autonoma Trento
2021-02-04,CAM,7943,3429,4514,3965,3686,292,0,1308,6635,ITF,ITF3,15,Campania
2021-01-30,LAZ,5737,2388,3349,4359,751,501,126,376,5361,ITI,ITI4,12,Lazio
2021-01-11,PIE,8738,2979,5759,6051,1561,1126,0,8738,0,ITC,ITC1,1,Piemonte
2021-02-06,SAR,1749,628,1121,1401,291,57,0,411,1338,ITG,ITG2,20,Sardegna
2021-02-01,UMB,1209,321,888,876,30,303,0,45,1164,ITI,ITI2,10,Umbria
2021-01-21,TOS,1570,686,884,574,220,776,0,850,720,ITI,ITI1,9,Toscana
2021-02-04,SIC,6405,2931,3474,3974,1894,537,0,1457,4948,ITG,ITG1,19,Sicilia
2021-02-02,PUG,4206,1789,2417,3477,430,299,0,548,3658,ITF,ITF4,16,Puglia
2021-01-14,LIG,2610,926,1684,1253,929,428,0,2610,0,ITC,ITC3,7,Liguria
2021-01-18,PAT,634,151,483,519,42,73,0,581,53,ITH,ITH2,4,Provincia Autonoma Trento
2020-12-31,MAR,383,178,205,370,13,0,0,383,0,ITI,ITI3,11,Marche
2020-12-28,SAR,65,25,40,65,0,0,0,65,0,ITG,ITG2,20,Sardegna
2021-01-11,EMR,9286,3252,6034,6228,1824,1234,0,9286,0,ITH,ITH5,8,Emilia-Romagna
2021-01-23,LOM,1065,339,726,469,577,19,0,867,198,ITC,ITC4,3,Lombardia
2021-01-19,PAB,807,348,459,170,64,0,573,677,130,ITH,ITH1,4,Provincia Autonoma Bolzano / Bozen
2021-01-17,ABR,187,59,128,136,51,0,0,180,7,ITF,ITF1,13,Abruzzo
2021-01-04,TOS,5063,1893,3170,4099,32,932,0,5063,0,ITI,ITI1,9,Toscana
2021-01-05,PAB,820,283,537,718,102,0,0,820,0,ITH,ITH1,4,Provincia Autonoma Bolzano / Bozen
2021-02-04,PAT,960,299,661,526,40,81,313,417,543,ITH,ITH2,4,Provincia Autonoma Trento
2021-01-05,MOL,449,180,269,441,8,0,0,449,0,ITF,ITF2,14,Molise
2020-12-30,FVG,630,246,384,601,29,0,0,630,0,ITH,ITH4,6,Friuli-Venezia Giulia
2021-01-09,VEN,7921,2534,5387,4937,1410,1571,3,7921,0,ITH,ITH3,5,Veneto
2021-01-16,FVG,1228,358,870,770,211,247,0,1228,0,ITH,ITH4,6,Friuli-Venezia Giulia
2021-02-03,ABR,2061,717,1344,1541,402,118,0,419,1642,ITF,ITF1,13,Abruzzo
2021-01-19,PUG,1218,451,767,525,117,576,0,1208,10,ITF,ITF4,16,Puglia
2021-01-11,SAR,1180,504,676,654,526,0,0,1180,0,ITG,ITG2,20,Sardegna
2021-01-29,BAS,611,228,383,274,267,70,0,62,549,ITF,ITF5,17,Basilicata
2021-01-27,LOM,7949,2651,5298,6029,1716,202,2,815,7134,ITC,ITC4,3,Lombardia
2021-01-15,EMR,7700,2392,5308,5028,1355,1317,0,7700,0,ITH,ITH5,8,Emilia-Romagna
2021-01-25,LIG,2572,835,1737,1957,332,283,0,462,2110,ITC,ITC3,7,Liguria
2021-01-23,PAB,195,115,80,60,135,0,0,0,195,ITH,ITH1,4,Provincia Autonoma Bolzano / Bozen
2021-01-27,FVG,1269,425,844,849,356,64,0,447,822,ITH,ITH4,6,Friuli-Venezia Giulia
2021-02-02,ABR,1778,672,1106,1235,404,139,0,241,1537,ITF,ITF1,13,Abruzzo
2020-12-27,UMB,85,45,40,67,2,16,0,85,0,ITI,ITI2,10,Umbria
2021-01-29,LAZ,7305,2786,4519,5913,675,627,90,454,6851,ITI,ITI4,12,Lazio
2021-01-25,TOS,5117,1895,3222,4153,56,908,0,247,4870,ITI,ITI1,9,Toscana
2021-01-08,SAR,3251,1182,2069,2856,395,0,0,3251,0,ITG,ITG2,20,Sardegna
2021-01-01,CAM,919,506,413,831,88,0,0,919,0,ITF,ITF3,15,Campania
2021-01-07,VDA,275,111,164,194,76,5,0,275,0,ITC,ITC2,2,Valle d'Aosta / Vallée d'Aoste
2021-01-09,MAR,1709,605,1104,1406,303,0,0,1709,0,ITI,ITI3,11,Marche
2021-01-21,MOL,6,2,4,0,6,0,0,6,0,ITF,ITF2,14,Molise
2021-02-04,PUG,5495,2194,3301,4214,770,511,0,1119,4376,ITF,ITF4,16,Puglia
2021-01-25,SAR,588,212,376,553,35,0,0,22,566,ITG,ITG2,20,Sardegna
2021-01-23,MAR,557,190,367,440,54,63,0,123,434,ITI,ITI3,11,Marche
2021-01-03,LAZ,5250,1972,3278,5082,103,65,0,5250,0,ITI,ITI4,12,Lazio
2021-01-29,EMR,10281,3470,6811,7497,1808,976,0,285,9996,ITH,ITH5,8,Emilia-Romagna
2021-01-04,MOL,314,131,183,300,14,0,0,314,0,ITF,ITF2,14,Molise
2021-01-08,CAL,2109,1014,1095,1898,211,0,0,2109,0,ITF,ITF6,18,Calabria
2021-01-01,SIC,803,429,374,728,75,0,0,803,0,ITG,ITG1,19,Sicilia
2021-01-20,VEN,1039,368,671,686,140,213,0,387,652,ITH,ITH3,5,Veneto
2021-01-15,LAZ,6219,2465,3754,4171,905,988,155,6219,0,ITI,ITI4,12,Lazio
2020-12-27,PIE,912,368,544,760,76,76,0,912,0,ITC,ITC1,1,Piemonte
2021-01-27,UMB,838,329,509,837,1,0,0,13,825,ITI,ITI2,10,Umbria
2021-01-01,LOM,24,7,17,21,3,0,0,24,0,ITC,ITC4,3,Lombardia
2020-12-30,LIG,9,3,6,9,0,0,0,9,0,ITC,ITC3,7,Liguria
2021-02-04,MAR,2337,806,1531,1405,657,275,0,112,2225,ITI,ITI3,11,Marche
2021-01-18,LOM,8866,2894,5972,4044,3281,1425,116,7886,980,ITC,ITC4,3,Lombardia
2021-01-14,PAB,1797,536,1261,473,758,283,283,1797,0,ITH,ITH1,4,Provincia Autonoma Bolzano / Bozen
2021-01-02,ABR,548,218,330,540,8,0,0,548,0,ITF,ITF1,13,Abruzzo
2021-02-02,VDA,270,70,200,225,43,2,0,2,268,ITC,ITC2,2,Valle d'Aosta / Vallée d'Aoste
2021-01-07,BAS,640,319,321,306,305,29,0,640,0,ITF,ITF5,17,Basilicata
2021-01-06,PAT,42,13,29,42,0,0,0,42,0,ITH,ITH2,4,Provincia Autonoma Trento
2021-01-10,UMB,1056,275,781,740,9,307,0,1056,0,ITI,ITI2,10,Umbria
2021-01-27,CAM,7731,3816,3915,5832,1629,270,0,161,7570,ITF,ITF3,15,Campania
2020-12-30,TOS,325,104,221,34,10,281,0,325,0,ITI,ITI1,9,Toscana
2021-01-20,PAT,287,71,216,224,15,48,0,275,12,ITH,ITH2,4,Provincia Autonoma Trento
2021-01-19,VDA,256,77,179,160,24,15,57,256,0,ITC,ITC2,2,Valle d'Aosta / Vallée d'Aoste
2021-01-13,PIE,10038,3214,6824,6457,2254,1327,0,10038,0,ITC,ITC1,1,Piemonte
2021-01-03,EMR,2730,934,1796,2472,88,170,0,2730,0,ITH,ITH5,8,Emilia-Romagna
2021-01-27,SIC,7522,3831,3691,6321,1049,152,0,188,7334,ITG,ITG1,19,Sicilia
2021-02-03,CAL,2518,1313,1205,2054,361,103,0,577,1941,ITF,ITF6,18,Calabria
2021-01-04,PUG,4502,2012,2490,4335,156,11,0,4502,0,ITF,ITF4,16,Puglia
2021-01-19,ABR,111,55,56,27,34,50,0,91,20,ITF,ITF1,13,Abruzzo
2021-01-24,BAS,832,299,533,600,231,1,0,58,774,ITF,ITF5,17,Basilicata
2020-12-27,SAR,65,34,31,65,0,0,0,65,0,ITG,ITG2,20,Sardegna
2021-01-10,EMR,7121,2660,4461,5236,1387,498,0,7121,0,ITH,ITH5,8,Emilia-Romagna
2021-01-30,LIG,1625,548,1077,1071,304,250,0,21,1604,ITC,ITC3,7,Liguria
2021-02-01,FVG,2252,741,1511,1669,409,174,0,169,2083,ITH,ITH4,6,Friuli-Venezia Giulia
2021-02-03,LAZ,5040,1982,3058,3618,744,643,35,685,4355,ITI,ITI4,12,Lazio
2020-12-27,CAM,720,422,298,703,17,0,0,720,0,ITF,ITF3,15,Campania
2021-01-20,TOS,1331,637,694,434,256,641,0,1083,248,ITI,ITI1,9,Toscana
2021-01-13,SAR,573,178,395,438,135,0,0,573,0,ITG,ITG2,20,Sardegna
2021-01-27,PIE,4193,1452,2741,2981,655,557,0,999,3194,ITC,ITC1,1,Piemonte
2021-02-04,PAB,1736,536,1200,575,608,339,214,8,1728,ITH,ITH1,4,Provincia Autonoma Bolzano / Bozen
2021-01-04,MAR,1500,563,937,1290,199,11,0,1500,0,ITI,ITI3,11,Marche
2021-01-27,EMR,8311,2931,5380,6569,1092,650,0,459,7852,ITH,ITH5,8,Emilia-Romagna
2021-01-13,LIG,2633,964,1669,1351,830,452,0,2633,0,ITC,ITC3,7,Liguria
2021-01-20,CAL,1395,622,773,864,352,179,0,1394,1,ITF,ITF6,18,Calabria
2021-01-08,VEN,9400,2831,6569,5930,1659,1808,3,9400,0,ITH,ITH3,5,Veneto
2021-01-13,SIC,5133,2410,2723,2988,1704,441,0,5133,0,ITG,ITG1,19,Sicilia
2021-01-15,FVG,2027,606,1421,1282,370,375,0,2027,0,ITH,ITH4,6,Friuli-Venezia Giulia
2020-12-30,LOM,113,42,71,104,9,0,0,113,0,ITC,ITC4,3,Lombardia
2021-01-13,CAM,8012,3662,4350,4346,3082,584,0,8012,0,ITF,ITF3,15,Campania
2021-01-08,LAZ,7704,2885,4819,6334,572,798,0,7704,0,ITI,ITI4,12,Lazio
2021-01-21,PAB,913,425,488,618,200,68,27,138,775,ITH,ITH1,4,Provincia Autonoma Bolzano / Bozen
2021-01-18,MAR,673,230,443,370,171,132,0,547,126,ITI,ITI3,11,Marche
2021-01-08,UMB,1171,337,834,926,9,236,0,1171,0,ITI,ITI2,10,Umbria
2021-01-09,MOL,450,152,298,215,57,178,0,450,0,ITF,ITF2,14,Molise
2021-01-05,VDA,150,54,96,127,12,11,0,150,0,ITC,ITC2,2,Valle d'Aosta / Vallée d'Aoste
2021-01-03,CAL,6,3,3,4,2,0,0,6,0,ITF,ITF6,18,Calabria
2021-01-25,VEN,6359,2035,4324,4962,547,849,1,169,6190,ITH,ITH3,5,Veneto
2020-12-27,SIC,88,53,35,61,2,25,0,88,0,ITG,ITG1,19,Sicilia
2021-01-22,UMB,276,105,171,273,1,2,0,32,244,ITI,ITI2,10,Umbria
2021-01-20,LAZ,4297,1636,2661,3177,447,388,285,2785,1512,ITI,ITI4,12,Lazio
2021-01-27,SAR,1392,489,903,1274,118,0,0,79,1313,ITG,ITG2,20,Sardegna
2021-01-01,PIE,1038,395,643,922,116,0,0,1038,0,ITC,ITC1,1,Piemonte
2021-01-08,PAT,1440,312,1128,762,152,526,0,1440,0,ITH,ITH2,4,Provincia Autonoma Trento
2021-01-23,PUG,3022,1284,1738,2513,202,307,0,879,2143,ITF,ITF4,16,Puglia
2021-01-04,LIG,2333,778,1555,1972,288,73,0,2333,0,ITC,ITC3,7,Liguria
2021-01-31,VDA,290,90,200,224,48,18,0,58,232,ITC,ITC2,2,Valle d'Aosta / Vallée d'Aoste
2021-01-07,ABR,1603,552,1051,1566,37,0,0,1603,0,ITF,ITF1,13,Abruzzo
2021-01-09,PAB,596,314,282,71,439,74,12,596,0,ITH,ITH1,4,Provincia Autonoma Bolzano / Bozen
2021-01-13,LOM,25316,7797,17519,11554,9929,3526,307,25316,0,ITC,ITC4,3,Lombardia
2021-01-30,MAR,1817,640,1177,1498,319,0,0,29,1788,ITI,ITI3,11,Marche
2021-01-22,CAM,1522,774,748,970,344,208,0,672,850,ITF,ITF3,15,Campania
2021-01-03,FVG,312,122,190,285,26,1,0,312,0,ITH,ITH4,6,Friuli-Venezia Giulia
2021-01-21,ABR,157,47,110,10,6,141,0,157,0,ITF,ITF1,13,Abruzzo
2021-01-25,PAT,772,205,567,481,30,261,0,23,749,ITH,ITH2,4,Provincia Autonoma Trento
2021-01-14,VDA,237,69,168,151,84,0,2,237,0,ITC,ITC2,2,Valle d'Aosta / Vallée d'Aoste
2021-02-04,MOL,757,295,462,501,115,141,0,76,681,ITF,ITF2,14,Molise
2021-01-15,PIE,8953,2948,6005,5490,1925,1538,0,8953,0,ITC,ITC1,1,Piemonte
2021-01-29,CAL,2046,984,1062,1751,247,48,0,233,1813,ITF,ITF6,18,Calabria
2021-01-22,SIC,1233,625,608,1033,82,118,0,242,991,ITG,ITG1,19,Sicilia
2020-12-30,VEN,699,245,454,598,62,39,0,699,0,ITH,ITH3,5,Veneto
2021-01-09,PUG,4855,2243,2612,4267,337,247,4,4855,0,ITF,ITF4,16,Puglia
2021-02-06,TOS,3829,1309,2520,3210,463,156,0,1020,2809,ITI,ITI1,9,Toscana
2021-01-19,BAS,200,84,116,81,74,45,0,200,0,ITF,ITF5,17,Basilicata
2021-01-01,SAR,30,16,14,30,0,0,0,30,0,ITG,ITG2,20,Sardegna
2021-02-06,LOM,11577,4308,7269,6088,4484,959,46,288,11289,ITC,ITC4,3,Lombardia
2021-02-02,PAB,1656,456,1200,520,522,605,9,7,1649,ITH,ITH1,4,Provincia Autonoma Bolzano / Bozen
2021-01-16,MAR,2006,723,1283,1059,662,285,0,2006,0,ITI,ITI3,11,Marche
2021-01-28,MOL,613,217,396,407,52,154,0,17,596,ITF,ITF2,14,Molise
2021-01-27,VEN,7128,2065,5063,5158,1099,871,0,240,6888,ITH,ITH3,5,Veneto
2021-02-03,FVG,2642,788,1854,1698,558,386,0,20,2622,ITH,ITH4,6,Friuli-Venezia Giulia
2021-01-18,LIG,1627,622,1005,597,815,215,0,1478,149,ITC,ITC3,7,Liguria
2021-02-01,PIE,8578,3033,5545,6137,1395,1046,0,519,8059,ITC,ITC1,1,Piemonte
2021-02-03,SIC,6097,2854,3243,3354,2120,623,0,755,5342,ITG,ITG1,19,Sicilia
2021-01-27,PAT,697,231,466,360,34,303,0,72,625,ITH,ITH2,4,Provincia Autonoma Trento
2021-01-22,EMR,1827,477,1350,934,172,721,0,1089,738,ITH,ITH5,8,Emilia-Romagna
2020-12-30,MAR,17,5,12,14,3,0,0,17,0,ITI,ITI3,11,Marche
2021-01-08,SIC,8286,3840,4446,6557,1516,213,0,8286,0,ITG,ITG1,19,Sicilia
2021-01-20,FVG,749,323,426,718,31,0,0,11,738,ITH,ITH4,6,Friuli-Venezia Giulia
2021-01-13,VEN,5970,1598,4372,2735,1354,1878,3,5970,0,ITH,ITH3,5,Veneto
2021-01-15,CAL,2793,1258,1535,1690,691,412,0,2793,0,ITF,ITF6,18,Calabria
2021-01-16,PAB,2730,1220,1510,447,351,77,1855,2730,0,ITH,ITH1,4,Provincia Autonoma Bolzano / Bozen
2021-02-01,LIG,2124,786,1338,1599,354,171,0,66,2058,ITC,ITC3,7,Liguria
2021-01-18,TOS,1119,636,483,430,314,375,0,1021,98,ITI,ITI1,9,Toscana
2021-01-05,BAS,945,409,536,709,236,0,0,945,0,ITF,ITF5,17,Basilicata
2021-01-08,CAM,10453,4968,5485,6713,3528,212,0,10453,0,ITF,ITF3,15,Campania
2021-01-15,SAR,1562,572,990,1160,402,0,0,1562,0,ITG,ITG2,20,Sardegna
2021-01-14,MOL,646,239,407,417,114,115,0,646,0,ITF,ITF2,14,Molise
2020-12-31,VDA,18,4,14,16,2,0,0,18,0,ITC,ITC2,2,Valle d'Aosta / Vallée d'Aoste
2020-12-27,LAZ,139,66,73,139,0,0,0,139,0,ITI,ITI4,12,Lazio
2021-01-03,UMB,267,111,156,267,0,0,0,267,0,ITI,ITI2,10,Umbria
2021-01-06,PIE,3114,1110,2004,2368,433,313,0,3114,0,ITC,ITC1,1,Piemonte
2021-02-01,SAR,1519,602,917,858,584,77,0,221,1298,ITG,ITG2,20,Sardegna
2021-01-20,CAM,1257,650,607,395,761,101,0,1257,0,ITF,ITF3,15,Campania
2021-01-06,TOS,4516,1459,3057,3981,10,525,0,4516,0,ITI,ITI1,9,Toscana
2021-01-27,CAL,1456,733,723,1225,208,23,0,396,1060,ITF,ITF6,18,Calabria
2021-01-20,SIC,807,410,397,421,194,192,0,573,234,ITG,ITG1,19,Sicilia
2021-01-28,PUG,5454,2267,3187,4723,404,327,0,474,4980,ITF,ITF4,16,Puglia
2021-01-13,PAT,415,123,292,381,16,18,0,415,0,ITH,ITH2,4,Provincia Autonoma Trento
2021-01-01,VEN,1525,470,1055,1494,30,1,0,1525,0,ITH,ITH3,5,Veneto
2021-01-26,VDA,139,48,91,115,12,12,0,0,139,ITC,ITC2,2,Valle d'Aosta / Vallée d'Aoste
2021-01-11,PUG,3744,1582,2162,3194,375,175,0,3744,0,ITF,ITF4,16,Puglia
2021-01-08,LOM,12584,3891,8693,8600,3734,218,32,12584,0,ITC,ITC4,3,Lombardia
2020-12-27,EMR,968,372,596,781,161,26,0,968,0,ITH,ITH5,8,Emilia-Romagna
2021-01-04,PAB,469,191,278,396,73,0,0,469,0,ITH,ITH1,4,Provincia Autonoma Bolzano / Bozen
2021-01-12,ABR,1804,666,1138,1470,334,0,0,1804,0,ITF,ITF1,13,Abruzzo
2021-01-08,FVG,2320,746,1574,1678,246,396,0,2320,0,ITH,ITH4,6,Friuli-Venezia Giulia
2021-01-26,ABR,1542,567,975,1513,29,0,0,29,1513,ITF,ITF1,13,Abruzzo
2021-01-31,BAS,77,24,53,75,2,0,0,0,77,ITF,ITF5,17,Basilicata
2021-02-03,UMB,689,174,515,550,34,105,0,65,624,ITI,ITI2,10,Umbria
2021-01-20,PIE,6363,2030,4333,3558,1152,1653,0,5637,726,ITC,ITC1,1,Piemonte
2021-01-06,LIG,1627,600,1027,1149,301,113,64,1627,0,ITC,ITC3,7,Liguria
2021-02-03,CAM,8891,3995,4896,4733,3444,714,0,877,8014,ITF,ITF3,15,Campania
2021-02-01,TOS,5465,1942,3523,4441,407,617,0,521,4944,ITI,ITI1,9,Toscana
2021-01-22,LAZ,3661,1442,2219,3318,151,70,122,147,3514,ITI,ITI4,12,Lazio
2021-01-06,SAR,1598,544,1054,1480,118,0,0,1598,0,ITG,ITG2,20,Sardegna
2021-01-25,LOM,6830,2301,4529,5355,1285,180,10,472,6358,ITC,ITC4,3,Lombardia
2021-01-11,MAR,1176,411,765,1021,155,0,0,1176,0,ITI,ITI3,11,Marche
2021-02-01,LOM,15303,5048,10255,10378,4067,837,21,274,15029,ITC,ITC4,3,Lombardia
2021-02-02,MOL,486,155,331,295,63,128,0,163,323,ITF,ITF2,14,Molise
2021-01-28,PAB,795,283,512,540,227,28,0,9,786,ITH,ITH1,4,Provincia Autonoma Bolzano / Bozen
2021-01-20,EMR,1307,267,1040,410,136,761,0,1306,1,ITH,ITH5,8,Emilia-Romagna
2021-01-22,FVG,92,31,61,91,1,0,0,2,90,ITH,ITH4,6,Friuli-Venezia Giulia
2021-02-01,VEN,7811,2352,5459,4052,1862,1652,245,161,7650,ITH,ITH3,5,Veneto
2020-12-27,CAL,275,150,125,274,1,0,0,275,0,ITF,ITF6,18,Calabria
2021-02-01,PAT,1179,320,859,758,85,336,0,91,1088,ITH,ITH2,4,Provincia Autonoma Trento
2021-01-16,MOL,420,166,254,270,23,127,0,420,0,ITF,ITF2,14,Molise
2021-01-12,VDA,302,72,230,241,50,11,0,302,0,ITC,ITC2,2,Valle d'Aosta / Vallée d'Aoste
2021-01-03,SIC,4666,2440,2226,4336,330,0,0,4666,0,ITG,ITG1,19,Sicilia
2021-02-03,PIE,10144,3292,6852,6613,2298,1233,0,609,9535,ITC,ITC1,1,Piemonte
2021-01-30,PUG,5311,2418,2893,4540,352,416,3,361,4950,ITF,ITF4,16,Puglia
2021-01-10,CAL,929,524,405,830,99,0,0,929,0,ITF,ITF6,18,Calabria
2021-02-06,LIG,1241,525,716,522,567,152,0,123,1118,ITC,ITC3,7,Liguria
2021-01-28,MAR,1972,659,1313,1581,290,101,0,167,1805,ITI,ITI3,11,Marche
2021-01-03,CAM,3836,2009,1827,3191,645,0,0,3836,0,ITF,ITF3,15,Campania
2021-01-20,SAR,209,77,132,134,75,0,0,207,2,ITG,ITG2,20,Sardegna
2021-01-13,TOS,4062,1398,2664,3308,349,405,0,4062,0,ITI,ITI1,9,Toscana
2021-02-03,EMR,9076,2933,6143,5678,1812,1531,55,934,8142,ITH,ITH5,8,Emilia-Romagna
2021-01-01,LAZ,3553,1381,2172,3483,2,68,0,3553,0,ITI,ITI4,12,Lazio
2021-01-15,CAM,4974,2380,2594,2738,2046,190,0,4974,0,ITF,ITF3,15,Campania
2021-01-10,LAZ,4034,1698,2336,3127,655,252,0,4034,0,ITI,ITI4,12,Lazio
2021-01-01,TOS,2368,786,1582,1716,2,650,0,2368,0,ITI,ITI1,9,Toscana
2021-01-15,SIC,5048,2219,2829,2804,1766,478,0,5048,0,ITG,ITG1,19,Sicilia
2021-01-06,VEN,8121,2378,5743,6252,1061,807,1,8121,0,ITH,ITH3,5,Veneto
2021-01-06,LOM,7027,2479,4548,5232,1757,35,3,7027,0,ITC,ITC4,3,Lombardia
2021-01-22,CAL,656,274,382,298,248,110,0,654,2,ITF,ITF6,18,Calabria
2021-01-16,PUG,2429,1015,1414,1653,301,475,0,2429,0,ITF,ITF4,16,Puglia
2021-01-12,BAS,216,87,129,39,79,98,0,216,0,ITF,ITF5,17,Basilicata
2021-01-01,PAT,206,48,158,109,11,86,0,206,0,ITH,ITH2,4,Provincia Autonoma Trento
2021-02-01,CAM,3985,1813,2172,2504,1329,152,0,110,3875,ITF,ITF3,15,Campania
2021-01-15,UMB,692,212,480,588,44,60,0,692,0,ITI,ITI2,10,Umbria
2021-02-03,SAR,1116,416,700,860,237,19,0,424,692,ITG,ITG2,20,Sardegna
2021-01-13,FVG,2651,834,1817,1822,599,230,0,2651,0,ITH,ITH4,6,Friuli-Venezia Giulia
2021-01-26,BAS,794,350,444,478,281,35,0,101,693,ITF,ITF5,17,Basilicata
2021-01-31,ABR,1502,488,1014,1154,245,103,0,287,1215,ITF,ITF1,13,Abruzzo
2021-01-08,PIE,5525,1759,3766,4075,1029,421,0,5525,0,ITC,ITC1,1,Piemonte
2021-01-08,EMR,10801,3554,7247,7996,1728,1077,0,10801,0,ITH,ITH5,8,Emilia-Romagna
2021-01-29,UMB,1219,343,876,934,16,269,0,79,1140,ITI,ITI2,10,Umbria
2021-01-25,PIE,6208,1938,4270,4781,865,562,0,980,5228,ITC,ITC1,1,Piemonte
2021-02-01,SIC,6074,2682,3392,4165,1591,318,0,301,5773,ITG,ITG1,19,Sicilia
2021-01-11,LIG,2450,905,1545,1586,596,268,0,2450,0,ITC,ITC3,7,Liguria
2020-12-27,FVG,262,149,113,259,3,0,0,262,0,ITH,ITH4,6,Friuli-Venezia Giulia
2021-01-27,LAZ,5767,2169,3598,4537,644,457,129,651,5116,ITI,ITI4,12,Lazio
2021-01-20,LOM,5301,1308,3993,1920,2184,1107,90,5187,114,ITC,ITC4,3,Lombardia
2021-01-02,PAB,91,48,43,67,24,0,0,91,0,ITH,ITH1,4,Provincia Autonoma Bolzano / Bozen
2021-01-14,ABR,530,189,341,364,166,0,0,530,0,ITF,ITF1,13,Abruzzo
2021-01-06,MAR,2181,792,1389,1738,296,147,0,2181,0,ITI,ITI3,11,Marche
2021-01-18,MOL,114,48,66,97,17,0,0,114,0,ITF,ITF2,14,Molise
2021-01-17,VEN,1927,779,1148,1145,659,120,3,1578,349,ITH,ITH3,5,Veneto
2021-02-05,UMB,780,234,546,645,51,84,0,18,762,ITI,ITI2,10,Umbria
2021-01-24,FVG,305,119,186,277,27,1,0,1,304,ITH,ITH4,6,Friuli-Venezia Giulia
2021-02-01,PUG,3944,1649,2295,3382,354,208,0,375,3569,ITF,ITF4,16,Puglia
2021-01-12,EMR,9299,3083,6216,6004,1671,1624,0,9299,0,ITH,ITH5,8,Emilia-Romagna
2021-01-31,CAL,1107,554,553,764,285,58,0,155,952,ITF,ITF6,18,Calabria
2021-01-22,PIE,3795,1228,2567,2252,649,894,0,2451,1344,ITC,ITC1,1,Piemonte
2021-01-08,LIG,2685,927,1758,1762,578,345,0,2685,0,ITC,ITC3,7,Liguria
2021-01-24,SIC,4301,2250,2051,3957,341,3,0,147,4154,ITG,ITG1,19,Sicilia
2021-01-20,PAB,608,247,361,213,145,0,250,401,207,ITH,ITH1,4,Provincia Autonoma Bolzano / Bozen
2021-01-17,PAT,251,195,56,2,249,0,0,251,0,ITH,ITH2,4,Provincia Autonoma Trento
2021-01-03,VEN,5156,1562,3594,4529,378,249,0,5156,0,ITH,ITH3,5,Veneto
2021-01-05,CAL,1350,618,732,1256,94,0,0,1350,0,ITF,ITF6,18,Calabria
2021-01-10,FVG,2940,920,2020,1746,949,245,0,2940,0,ITH,ITH4,6,Friuli-Venezia Giulia
2020-12-29,SIC,229,142,87,229,0,0,0,229,0,ITG,ITG1,19,Sicilia
2021-01-22,LIG,1623,545,1078,772,359,492,0,1150,473,ITC,ITC3,7,Liguria
2021-01-08,TOS,5944,1641,4303,5360,39,545,0,5944,0,ITI,ITI1,9,Toscana
2021-01-24,LOM,1170,452,718,781,364,24,1,508,662,ITC,ITC4,3,Lombardia
2021-01-05,SAR,1327,446,881,1281,46,0,0,1327,0,ITG,ITG2,20,Sardegna
2021-01-06,PAB,59,18,41,59,0,0,0,59,0,ITH,ITH1,4,Provincia Autonoma Bolzano / Bozen
2021-02-04,BAS,1087,438,649,549,259,279,0,63,1024,ITF,ITF5,17,Basilicata
2021-01-30,ABR,1509,566,943,1348,114,47,0,69,1440,ITF,ITF1,13,Abruzzo
2021-02-03,PAT,840,311,529,309,89,70,372,414,426,ITH,ITH2,4,Provincia Autonoma Trento
2021-01-10,CAM,8166,3739,4427,5180,2889,97,0,8166,0,ITF,ITF3,15,Campania
2020-12-27,TOS,619,267,352,460,146,13,0,619,0,ITI,ITI1,9,Toscana
2021-01-07,UMB,1291,383,908,883,4,404,0,1291,0,ITI,ITI2,10,Umbria
2021-01-22,SAR,82,46,36,44,38,0,0,54,28,ITG,ITG2,20,Sardegna
2021-02-05,PIE,9185,3023,6162,5645,1995,1545,0,558,8627,ITC,ITC1,1,Piemonte
2021-02-05,TOS,5730,2239,3491,4113,1183,434,0,1921,3809,ITI,ITI1,9,Toscana
2021-01-10,SIC,3614,1613,2001,2123,1027,464,0,3614,0,ITG,ITG1,19,Sicilia
2021-01-26,EMR,8324,3000,5324,6280,1012,1032,0,219,8105,ITH,ITH5,8,Emilia-Romagna
2021-01-18,PUG,1845,771,1074,1182,218,445,0,1496,349,ITF,ITF4,16,Puglia
2021-01-17,CAL,867,418,449,527,292,48,0,801,66,ITF,ITF6,18,Calabria
2021-01-16,VDA,236,80,156,127,36,22,51,236,0,ITC,ITC2,2,Valle d'Aosta / Vallée d'Aoste
2021-01-03,PAT,483,158,325,409,12,62,0,483,0,ITH,ITH2,4,Provincia Autonoma Trento
2021-01-15,MAR,1771,500,1271,985,420,366,0,1771,0,ITI,ITI3,11,Marche
2021-01-01,PUG,146,60,86,145,1,0,0,146,0,ITF,ITF4,16,Puglia
2020-12-29,LOM,100,43,57,100,0,0,0,100,0,ITC,ITC4,3,Lombardia
2021-01-16,ABR,587,239,348,449,123,15,0,587,0,ITF,ITF1,13,Abruzzo
2021-01-21,BAS,30,10,20,0,30,0,0,30,0,ITF,ITF5,17,Basilicata
2021-02-03,VEN,5762,1626,4136,2704,1406,1651,1,469,5293,ITH,ITH3,5,Veneto
2021-01-30,MOL,458,158,300,182,97,179,0,10,448,ITF,ITF2,14,Molise
2021-01-24,UMB,254,104,150,254,0,0,0,1,253,ITI,ITI2,10,Umbria
2021-01-24,CAM,4128,2123,2005,3140,822,166,0,383,3745,ITF,ITF3,15,Campania
2021-01-10,PIE,5207,2273,2934,3904,784,519,0,5207,0,ITC,ITC1,1,Piemonte
2021-02-05,SAR,1895,749,1146,1202,529,163,1,432,1463,ITG,ITG2,20,Sardegna
2020-12-27,LIG,132,54,78,85,2,45,0,132,0,ITC,ITC3,7,Liguria
2021-01-12,LAZ,5391,1974,3417,4133,674,584,0,5391,0,ITI,ITI4,12,Lazio
2021-01-15,LOM,24204,7127,17077,9970,10028,3801,405,24204,0,ITC,ITC4,3,Lombardia
2021-01-22,TOS,2864,1063,1801,2027,81,756,0,525,2339,ITI,ITI1,9,Toscana
2021-02-01,MAR,1338,469,869,1034,223,81,0,98,1240,ITI,ITI3,11,Marche
2021-01-04,BAS,607,271,336,527,80,0,0,607,0,ITF,ITF5,17,Basilicata
2021-02-05,SIC,4978,2207,2771,2638,1880,460,0,1525,3453,ITG,ITG1,19,Sicilia
2021-01-22,LOM,2783,789,1994,1002,1659,122,0,2731,52,ITC,ITC4,3,Lombardia
2021-01-10,LIG,572,239,333,158,272,142,0,572,0,ITC,ITC3,7,Liguria
2021-01-18,PAB,1550,579,971,291,268,7,984,1545,5,ITH,ITH1,4,Provincia Autonoma Bolzano / Bozen
2021-01-12,FVG,2257,713,1544,1523,373,361,0,2257,0,ITH,ITH4,6,Friuli-Venezia Giulia
2021-01-31,LAZ,4097,1709,2388,2984,746,244,123,291,3806,ITI,ITI4,12,Lazio
2021-02-05,CAM,7253,3460,3793,3443,3505,305,0,2128,5125,ITF,ITF3,15,Campania
2021-01-18,ABR,122,48,74,106,14,2,0,46,76,ITF,ITF1,13,Abruzzo
2021-02-02,BAS,363,141,222,132,130,101,0,175,188,ITF,ITF5,17,Basilicata
2021-01-31,UMB,1056,276,780,765,10,281,0,25,1031,ITI,ITI2,10,Umbria
2021-01-29,FVG,2410,813,1597,1854,321,235,0,262,2148,ITH,ITH4,6,Friuli-Venezia Giulia
2021-01-22,VEN,1081,332,749,946,77,58,0,27,1054,ITH,ITH3,5,Veneto
2021-01-19,SIC,1256,515,741,511,511,234,0,1080,176,ITG,ITG1,19,Sicilia
2021-02-06,PUG,3303,1437,1866,2612,411,280,0,964,2339,ITF,ITF4,16,Puglia
2021-01-07,EMR,10204,3381,6823,7853,1284,1067,0,10204,0,ITH,ITH5,8,Emilia-Romagna
2021-01-26,CAL,1803,859,944,1569,164,70,0,283,1520,ITF,ITF6,18,Calabria
2021-01-22,PAT,1608,418,1190,863,126,619,0,313,1295,ITH,ITH2,4,Provincia Autonoma Trento
2021-01-06,MOL,689,260,429,448,70,171,0,689,0,ITF,ITF2,14,Molise
2021-01-02,VDA,6,5,1,0,0,6,0,6,0,ITC,ITC2,2,Valle d'Aosta / Vallée d'Aoste
2021-01-20,PUG,1538,538,1000,783,165,590,0,1530,8,ITF,ITF4,16,Puglia
2021-01-24,PIE,3148,956,2192,2630,372,146,0,432,2716,ITC,ITC1,1,Piemonte
2021-01-27,LIG,1573,562,1011,1174,253,146,0,178,1395,ITC,ITC3,7,Liguria
2021-01-03,TOS,3335,1052,2283,2564,9,762,0,3335,0,ITI,ITI1,9,Toscana
2021-01-10,SAR,2183,750,1433,1632,551,0,0,2183,0,ITG,ITG2,20,Sardegna
2021-02-05,PAT,764,258,506,463,28,46,227,265,499,ITH,ITH2,4,Provincia Autonoma Trento
2021-01-01,PAB,1,1,0,0,1,0,0,1,0,ITH,ITH1,4,Provincia Autonoma Bolzano / Bozen
2021-02-05,LOM,21672,6523,15149,11456,7006,2987,223,1140,20532,ITC,ITC4,3,Lombardia
2021-01-24,EMR,2441,882,1559,2067,124,250,0,300,2141,ITH,ITH5,8,Emilia-Romagna
2021-02-04,ABR,1680,615,1065,1168,455,57,0,609,1071,ITF,ITF1,13,Abruzzo
2021-01-05,VEN,7329,2183,5146,5405,800,1124,0,7329,0,ITH,ITH3,5,Veneto
2021-02-05,VEN,7179,2236,4943,3381,2212,1582,4,1300,5879,ITH,ITH3,5,Veneto
2021-01-05,CAM,7240,3641,3599,5813,1321,106,0,7240,0,ITF,ITF3,15,Campania
2020-12-31,LAZ,5217,2094,3123,4926,12,279,0,5217,0,ITI,ITI4,12,Lazio
2021-01-05,SIC,10480,5135,5345,9034,1243,203,0,10480,0,ITG,ITG1,19,Sicilia
2020-12-27,LOM,701,407,294,549,138,13,1,701,0,ITC,ITC4,3,Lombardia
2020-12-27,VEN,880,395,485,875,5,0,0,880,0,ITH,ITH3,5,Veneto
2021-01-12,CAL,2058,1017,1041,1706,323,29,0,2058,0,ITF,ITF6,18,Calabria
2021-01-02,BAS,947,379,568,847,100,0,0,947,0,ITF,ITF5,17,Basilicata
2021-01-06,PUG,3940,1663,2277,3157,406,377,0,3940,0,ITF,ITF4,16,Puglia
2021-02-01,MOL,562,201,361,300,151,111,0,14,548,ITF,ITF2,14,Molise
2021-01-28,VDA,290,123,167,171,111,6,2,56,234,ITC,ITC2,2,Valle d'Aosta / Vallée d'Aoste
2021-01-05,UMB,850,428,422,845,5,0,0,850,0,ITI,ITI2,10,Umbria
2021-01-24,SAR,90,34,56,89,1,0,0,5,85,ITG,ITG2,20,Sardegna
2021-01-05,PAT,704,231,473,492,52,160,0,704,0,ITH,ITH2,4,Provincia Autonoma Trento
2021-02-03,TOS,4220,1453,2767,3475,240,505,0,240,3980,ITI,ITI1,9,Toscana
2021-01-16,BAS,722,304,418,266,295,161,0,722,0,ITF,ITF5,17,Basilicata
2021-01-19,UMB,103,23,80,21,2,80,0,103,0,ITI,ITI2,10,Umbria
2021-02-01,PAB,1306,350,956,622,390,294,0,10,1296,ITH,ITH1,4,Provincia Autonoma Bolzano / Bozen
2021-01-19,CAM,1094,473,621,534,389,171,0,1091,3,ITF,ITF3,15,Campania
2021-01-01,LIG,144,55,89,133,11,0,0,144,0,ITC,ITC3,7,Liguria
2021-01-17,LAZ,4440,1783,2657,2838,615,176,811,4334,106,ITI,ITI4,12,Lazio
2021-01-10,LOM,10510,3955,6555,6757,3728,8,17,10510,0,ITC,ITC4,3,Lombardia
2021-01-27,MAR,1999,709,1290,1663,196,140,0,122,1877,ITI,ITI3,11,Marche
2021-01-04,ABR,1401,575,826,1396,5,0,0,1401,0,ITF,ITF1,13,Abruzzo
2021-01-17,TOS,2485,836,1649,2003,293,189,0,1972,513,ITI,ITI1,9,Toscana
2021-01-31,SIC,4108,1958,2150,2599,1215,294,0,112,3996,ITG,ITG1,19,Sicilia
2021-01-05,EMR,9326,3164,6162,7706,855,765,0,9326,0,ITH,ITH5,8,Emilia-Romagna
2021-01-15,LIG,2094,710,1384,928,693,473,0,2094,0,ITC,ITC3,7,Liguria
2021-01-17,LOM,8037,3257,4780,4927,2943,122,45,7839,198,ITC,ITC4,3,Lombardia
2021-01-13,PAB,1312,407,905,366,587,252,107,1312,0,ITH,ITH1,4,Provincia Autonoma Bolzano / Bozen
2021-01-31,CAM,8066,3710,4356,5106,2893,67,0,24,8042,ITF,ITF3,15,Campania
2021-02-05,LAZ,5603,2305,3298,4130,835,467,171,914,4689,ITI,ITI4,12,Lazio
2021-01-17,FVG,1719,522,1197,674,559,486,0,1718,1,ITH,ITH4,6,Friuli-Venezia Giulia
2021-01-28,BAS,903,401,502,434,391,78,0,119,784,ITF,ITF5,17,Basilicata
2021-01-23,ABR,263,114,149,223,14,26,0,57,206,ITF,ITF1,13,Abruzzo
2021-01-19,LAZ,4288,1648,2640,2807,692,381,408,3835,453,ITI,ITI4,12,Lazio
2021-01-26,UMB,814,390,424,813,1,0,0,18,796,ITI,ITI2,10,Umbria
2021-01-15,TOS,3878,1347,2531,2758,676,444,0,3878,0,ITI,ITI1,9,Toscana
2020-12-29,SAR,56,31,25,55,1,0,0,56,0,ITG,ITG2,20,Sardegna
2021-01-12,PIE,9987,3386,6601,6820,1996,1171,0,9987,0,ITC,ITC1,1,Piemonte
2021-01-30,PAB,296,133,163,59,136,101,0,4,292,ITH,ITH1,4,Provincia Autonoma Bolzano / Bozen
2021-01-11,MOL,557,194,363,194,252,111,0,557,0,ITF,ITF2,14,Molise
2021-01-29,PIE,5842,1850,3992,4114,1057,671,0,452,5390,ITC,ITC1,1,Piemonte
2021-01-25,PUG,3814,1675,2139,3448,198,168,0,422,3392,ITF,ITF4,16,Puglia
2021-02-03,LOM,23481,7382,16099,12894,6981,3482,124,712,22769,ITC,ITC4,3,Lombardia
2021-01-13,MAR,2105,746,1359,1408,621,76,0,2105,0,ITI,ITI3,11,Marche
2021-01-19,EMR,2031,499,1532,711,167,1153,0,2013,18,ITH,ITH5,8,Emilia-Romagna
2021-01-24,PAT,545,274,271,310,235,0,0,222,323,ITH,ITH2,4,Provincia Autonoma Trento
2021-01-10,VEN,5019,1661,3358,3238,1317,462,2,5019,0,ITH,ITH3,5,Veneto
2020-12-31,CAM,1490,811,679,1273,216,1,0,1490,0,ITF,ITF3,15,Campania
2021-01-05,LAZ,7370,2802,4568,6690,103,577,0,7370,0,ITI,ITI4,12,Lazio
2021-01-12,SAR,865,408,457,477,388,0,0,865,0,ITG,ITG2,20,Sardegna
2021-01-17,UMB,54,17,37,47,7,0,0,54,0,ITI,ITI2,10,Umbria
2021-01-08,PUG,5561,2331,3230,4736,500,325,0,5561,0,ITF,ITF4,16,Puglia
2021-01-07,CAL,2179,1061,1118,1882,297,0,0,2179,0,ITF,ITF6,18,Calabria
2021-02-05,EMR,8967,2852,6115,5768,1669,1395,135,1571,7396,ITH,ITH5,8,Emilia-Romagna
2020-12-27,PAT,103,40,63,76,7,20,0,103,0,ITH,ITH2,4,Provincia Autonoma Trento
2021-01-25,MAR,1595,558,1037,1425,114,56,0,97,1498,ITI,ITI3,11,Marche
2021-01-29,LIG,2729,959,1770,1960,458,311,0,38,2691,ITC,ITC3,7,Liguria
2021-02-06,MOL,328,145,183,267,18,43,0,9,319,ITF,ITF2,14,Molise
2021-01-17,CAM,1152,548,604,718,285,149,0,699,453,ITF,ITF3,15,Campania
2021-01-29,SAR,2943,1065,1878,2548,392,3,0,48,2895,ITG,ITG2,20,Sardegna
2020-12-31,UMB,322,127,195,310,12,0,0,322,0,ITI,ITI2,10,Umbria
2021-01-29,TOS,6141,1700,4441,5382,139,620,0,302,5839,ITI,ITI1,9,Toscana
2021-01-10,PAT,84,19,65,53,19,12,0,84,0,ITH,ITH2,4,Provincia Autonoma Trento
2021-01-09,VDA,443,199,244,153,268,22,0,443,0,ITC,ITC2,2,Valle d'Aosta / Vallée d'Aoste
2021-01-24,VEN,4115,1218,2897,3733,160,222,0,27,4088,ITH,ITH3,5,Veneto
2021-01-03,PIE,3061,966,2095,2714,295,52,0,3061,0,ITC,ITC1,1,Piemonte
2021-01-20,MOL,18,8,10,14,4,0,0,18,0,ITF,ITF2,14,Molise
2021-01-17,SIC,1283,578,705,613,511,159,0,1233,50,ITG,ITG1,19,Sicilia
2021-01-24,CAL,44,18,26,15,3,26,0,39,5,ITF,ITF6,18,Calabria
2021-01-05,LOM,7671,2513,5158,5697,1799,167,8,7671,0,ITC,ITC4,3,Lombardia
2021-01-31,FVG,2713,837,1876,1693,1002,18,0,385,2328,ITH,ITH4,6,Friuli-Venezia Giulia
2021-01-14,BAS,969,413,556,402,244,323,0,969,0,ITF,ITF5,17,Basilicata
2021-01-09,ABR,1483,565,918,1430,53,0,0,1483,0,ITF,ITF1,13,Abruzzo
2020-12-31,EMR,2197,772,1425,1658,214,325,0,2197,0,ITH,ITH5,8,Emilia-Romagna
2021-01-20,LIG,1183,448,735,397,467,319,0,1172,11,ITC,ITC3,7,Liguria
2021-01-13,MOL,474,160,314,256,74,144,0,474,0,ITF,ITF2,14,Molise
2021-01-28,ABR,1432,494,938,1369,62,1,0,12,1420,ITF,ITF1,13,Abruzzo
2021-01-23,BAS,705,298,407,480,224,1,0,33,672,ITF,ITF5,17,Basilicata
2021-01-10,TOS,2999,1103,1896,2433,138,428,0,2999,0,ITI,ITI1,9,Toscana
2021-01-24,LAZ,5467,2109,3358,4752,455,134,126,385,5082,ITI,ITI4,12,Lazio
2021-01-03,SAR,90,36,54,89,1,0,0,90,0,ITG,ITG2,20,Sardegna
2021-01-29,SIC,9351,4316,5035,7145,1901,305,0,428,8923,ITG,ITG1,19,Sicilia
2021-01-17,EMR,2884,885,1999,1715,630,539,0,2638,246,ITH,ITH5,8,Emilia-Romagna
2021-01-03,LIG,727,226,501,650,77,0,0,727,0,ITC,ITC3,7,Liguria
2021-01-27,PUG,4555,1921,2634,3872,288,395,0,600,3955,ITF,ITF4,16,Puglia
2021-01-17,PIE,3511,1167,2344,2079,593,839,0,2864,647,ITC,ITC1,1,Piemonte
2021-02-05,CAL,710,309,401,502,143,65,0,76,634,ITF,ITF6,18,Calabria
2021-01-25,PAB,429,166,263,353,75,0,1,3,426,ITH,ITH1,4,Provincia Autonoma Bolzano / Bozen
2021-01-05,FVG,1679,550,1129,1349,133,197,0,1679,0,ITH,ITH4,6,Friuli-Venezia Giulia
2020-12-29,LAZ,418,150,268,418,0,0,0,418,0,ITI,ITI4,12,Lazio
2021-01-08,MAR,1574,588,986,1226,348,0,0,1574,0,ITI,ITI3,11,Marche
2021-01-11,PAB,1494,473,1021,532,641,173,148,1494,0,ITH,ITH1,4,Provincia Autonoma Bolzano / Bozen
2021-01-29,LOM,13111,4031,9080,10185,2396,523,7,565,12546,ITC,ITC4,3,Lombardia
2021-01-29,PAT,1340,328,1012,705,97,538,0,54,1286,ITH,ITH2,4,Provincia Autonoma Trento
2021-01-15,VEN,5782,1776,4006,2600,1683,1490,9,5782,0,ITH,ITH3,5,Veneto
2021-02-04,VDA,293,85,208,163,95,34,1,7,286,ITC,ITC2,2,Valle d'Aosta / Vallée d'Aoste
2021-01-12,UMB,784,247,537,665,14,105,0,784,0,ITI,ITI2,10,Umbria
2021-01-17,SAR,859,277,582,741,118,0,0,858,1,ITG,ITG2,20,Sardegna
2021-01-13,PUG,4518,1719,2799,3947,341,230,0,4518,0,ITF,ITF4,16,Puglia
2021-01-31,PIE,4099,1746,2353,3076,654,369,0,112,3987,ITC,ITC1,1,Piemonte
2021-01-31,EMR,7692,2758,4934,5825,1606,261,0,242,7450,ITH,ITH5,8,Emilia-Romagna
2021-01-21,VDA,33,12,21,0,0,33,0,33,0,ITC,ITC2,2,Valle d'Aosta / Vallée d'Aoste
2021-02-03,LIG,1806,666,1140,1128,518,160,0,45,1761,ITC,ITC3,7,Liguria
2021-01-03,LOM,852,316,536,710,137,4,1,852,0,ITC,ITC4,3,Lombardia
2021-01-20,MAR,398,99,299,146,62,190,0,386,12,ITI,ITI3,11,Marche
2020-12-30,PAB,362,168,194,321,41,0,0,362,0,ITH,ITH1,4,Provincia Autonoma Bolzano / Bozen
2021-01-12,CAM,5214,2563,2651,3439,1435,340,0,5214,0,ITF,ITF3,15,Campania
2021-02-03,MAR,2124,741,1383,1344,614,166,0,119,2005,ITI,ITI3,11,Marche
2021-01-11,ABR,1551,557,994,1337,166,48,0,1551,0,ITF,ITF1,13,Abruzzo
2021-01-15,PAT,572,124,448,448,32,92,0,572,0,ITH,ITH2,4,Provincia Autonoma Trento
2021-01-04,VDA,142,59,83,126,16,0,0,142,0,ITC,ITC2,2,Valle d'Aosta / Vallée d'Aoste
2021-01-29,VEN,8984,2778,6206,5978,1571,1432,3,363,8621,ITH,ITH3,5,Veneto
2021-01-25,MOL,319,130,189,317,2,0,0,3,316,ITF,ITF2,14,Molise
2021-01-05,PIE,5376,1602,3774,4362,729,285,0,5376,0,ITC,ITC1,1,Piemonte
2021-01-29,CAM,10049,4811,5238,6403,3387,259,0,47,10002,ITF,ITF3,15,Campania
2021-01-19,CAL,1108,488,620,852,180,76,0,1098,10,ITF,ITF6,18,Calabria
2021-01-12,SIC,4513,2213,2300,2837,1481,195,0,4513,0,ITG,ITG1,19,Sicilia
2021-01-31,SAR,2121,750,1371,1541,579,0,1,48,2073,ITG,ITG2,20,Sardegna
2021-01-27,TOS,4799,1552,3247,4001,74,724,0,196,4603,ITI,ITI1,9,Toscana
2021-02-05,FVG,2600,779,1821,1602,508,490,0,88,2512,ITH,ITH4,6,Friuli-Venezia Giulia
2021-01-09,BAS,559,161,398,281,211,67,0,559,0,ITF,ITF5,17,Basilicata
2020-12-30,PUG,2,0,2,2,0,0,0,2,0,ITF,ITF4,16,Puglia
2021-01-05,LIG,2749,859,1890,2167,353,229,0,2749,0,ITC,ITC3,7,Liguria
2021-01-28,CAL,2232,1107,1125,1920,312,0,0,84,2148,ITF,ITF6,18,Calabria
2021-01-21,SIC,1318,644,674,992,189,137,0,496,822,ITG,ITG1,19,Sicilia
2021-01-07,LOM,11551,3593,7958,8065,2820,594,72,11551,0,ITC,ITC4,3,Lombardia
2021-01-26,LAZ,7601,2906,4695,6392,453,631,125,371,7230,ITI,ITI4,12,Lazio
2021-01-21,CAM,2091,1114,977,1378,638,75,0,676,1415,ITF,ITF3,15,Campania
2021-01-18,BAS,456,155,301,358,56,42,0,357,99,ITF,ITF5,17,Basilicata
2021-01-28,SAR,2952,1039,1913,2519,433,0,0,69,2883,ITG,ITG2,20,Sardegna
2021-01-13,ABR,1253,440,813,1103,150,0,0,1253,0,ITF,ITF1,13,Abruzzo
2021-01-07,FVG,2089,718,1371,1758,221,110,0,2089,0,ITH,ITH4,6,Friuli-Venezia Giulia
2021-01-09,LAZ,6286,2556,3730,4920,746,620,0,6286,0,ITI,ITI4,12,Lazio
2021-01-16,UMB,221,73,148,146,32,43,0,221,0,ITI,ITI2,10,Umbria
2021-01-05,TOS,5244,1755,3489,4354,11,879,0,5244,0,ITI,ITI1,9,Toscana
2021-01-02,PIE,3539,1134,2405,3072,414,53,0,3539,0,ITC,ITC1,1,Piemonte
2021-01-15,PUG,4462,1819,2643,3543,389,530,0,4462,0,ITF,ITF4,16,Puglia
2021-01-19,PIE,6387,2097,4290,3635,1312,1440,0,6285,102,ITC,ITC1,1,Piemonte
2021-01-03,MAR,896,348,548,759,137,0,0,896,0,ITI,ITI3,11,Marche
2021-01-31,PAT,74,15,59,54,14,6,0,0,74,ITH,ITH2,4,Provincia Autonoma Trento
2021-01-21,LOM,5094,1503,3591,1739,3178,177,0,4409,685,ITC,ITC4,3,Lombardia
2021-01-14,PAT,690,199,491,469,19,202,0,690,0,ITH,ITH2,4,Provincia Autonoma Trento
2021-01-09,EMR,9871,3425,6446,7369,1603,899,0,9871,0,ITH,ITH5,8,Emilia-Romagna
2020-12-31,VEN,3219,1044,2175,2699,268,252,0,3219,0,ITH,ITH3,5,Veneto
2021-01-30,VDA,436,202,234,157,267,12,0,13,423,ITC,ITC2,2,Valle d'Aosta / Vallée d'Aoste
2021-02-02,UMB,942,274,668,713,17,212,0,32,910,ITI,ITI2,10,Umbria
2021-01-31,VEN,4679,1540,3139,3095,1220,360,4,385,4294,ITH,ITH3,5,Veneto
2021-01-02,SAR,60,21,39,60,0,0,0,60,0,ITG,ITG2,20,Sardegna
2021-02-03,PAB,1453,458,995,565,499,321,68,5,1448,ITH,ITH1,4,Provincia Autonoma Bolzano / Bozen
2020-12-28,CAL,6,2,4,6,0,0,0,6,0,ITF,ITF6,18,Calabria
2021-01-19,LIG,1174,397,777,492,429,253,0,1089,85,ITC,ITC3,7,Liguria
2021-02-02,PIE,10125,3479,6646,6800,2025,1300,0,764,9361,ITC,ITC1,1,Piemonte
2021-01-13,VDA,337,110,227,161,148,28,0,337,0,ITC,ITC2,2,Valle d'Aosta / Vallée d'Aoste
2021-01-27,MOL,674,251,423,373,92,209,0,8,666,ITF,ITF2,14,Molise
2021-01-07,CAM,8904,4162,4742,6309,2263,332,0,8904,0,ITF,ITF3,15,Campania
2021-02-04,LAZ,4523,1778,2745,3497,673,281,72,817,3706,ITI,ITI4,12,Lazio
2021-01-19,SAR,747,270,477,423,165,159,0,692,55,ITG,ITG2,20,Sardegna
2020-12-31,PAT,1583,437,1146,812,105,666,0,1583,0,ITH,ITH2,4,Provincia Autonoma Trento
2021-01-29,MAR,1901,687,1214,1398,429,74,0,168,1733,ITI,ITI3,11,Marche
2021-01-19,TOS,1102,529,573,392,221,489,0,1102,0,ITI,ITI1,9,Toscana
2021-01-14,VEN,6979,1883,5096,2911,1643,2408,17,6979,0,ITH,ITH3,5,Veneto
2021-01-04,UMB,809,397,412,808,1,0,0,809,0,ITI,ITI2,10,Umbria
2021-01-10,MOL,270,72,198,82,19,169,0,270,0,ITF,ITF2,14,Molise
2021-01-07,SIC,9120,4213,4907,7651,1259,210,0,9120,0,ITG,ITG1,19,Sicilia
2021-01-14,CAL,2556,1214,1342,1962,591,3,0,2556,0,ITF,ITF6,18,Calabria
2021-01-17,PAB,2263,1024,1239,54,235,19,1955,2251,12,ITH,ITH1,4,Provincia Autonoma Bolzano / Bozen
2021-01-24,PUG,1659,744,915,1275,236,148,0,146,1513,ITF,ITF4,16,Puglia
2021-02-05,LIG,1991,774,1217,1214,572,205,0,107,1884,ITC,ITC3,7,Liguria
2021-01-21,FVG,891,345,546,860,31,0,0,0,891,ITH,ITH4,6,Friuli-Venezia Giulia
2021-01-02,LOM,199,72,127,177,22,0,0,199,0,ITC,ITC4,3,Lombardia
2021-02-02,SAR,1479,653,826,953,526,0,0,241,1238,ITG,ITG2,20,Sardegna
2021-01-13,BAS,915,386,529,573,194,148,0,915,0,ITF,ITF5,17,Basilicata
2021-01-02,VEN,5740,1765,3975,4779,415,544,2,5740,0,ITH,ITH3,5,Veneto
2021-01-14,LAZ,5197,1956,3241,3569,748,796,84,5197,0,ITI,ITI4,12,Lazio
2020-12-31,TOS,786,196,590,97,7,682,0,786,0,ITI,ITI1,9,Toscana
2021-01-09,FVG,2517,841,1676,1518,405,594,0,2517,0,ITH,ITH4,6,Friuli-Venezia Giulia
2021-01-15,PAB,3000,1106,1894,518,890,336,1256,3000,0,ITH,ITH1,4,Provincia Autonoma Bolzano / Bozen
2021-01-02,PAT,497,142,355,333,25,139,0,497,0,ITH,ITH2,4,Provincia Autonoma Trento
2021-01-07,PIE,5370,1731,3639,4145,884,341,0,5370,0,ITC,ITC1,1,Piemonte
2021-01-17,PUG,1287,581,706,809,149,329,0,1218,69,ITF,ITF4,16,Puglia
2021-02-02,CAM,5722,2804,2918,3640,1728,354,0,443,5279,ITF,ITF3,15,Campania
2021-01-28,LAZ,7954,2998,4956,6545,761,514,134,459,7495,ITI,ITI4,12,Lazio
2021-02-02,SIC,5536,2621,2915,3151,1956,429,0,632,4904,ITG,ITG1,19,Sicilia
2021-01-07,LIG,2933,1012,1921,1996,580,357,0,2933,0,ITC,ITC3,7,Liguria
2021-01-19,LOM,7729,2258,5471,2989,2920,1707,113,7253,476,ITC,ITC4,3,Lombardia
2021-01-19,PAT,402,77,325,324,42,36,0,402,0,ITH,ITH2,4,Provincia Autonoma Trento
2021-01-30,BAS,698,225,473,298,275,125,0,126,572,ITF,ITF5,17,Basilicata
2021-01-28,UMB,1240,392,848,891,4,345,0,19,1221,ITI,ITI2,10,Umbria
2021-01-29,MOL,421,136,285,218,94,109,0,6,415,ITF,ITF2,14,Molise
2021-01-25,VDA,147,65,82,125,16,6,0,0,147,ITC,ITC2,2,Valle d'Aosta / Vallée d'Aoste
2021-01-07,SAR,3098,1073,2025,2692,406,0,0,3098,0,ITG,ITG2,20,Sardegna
2021-01-02,UMB,301,110,191,301,0,0,0,301,0,ITI,ITI2,10,Umbria
2021-01-31,TOS,3048,1129,1919,2465,135,448,0,105,2943,ITI,ITI1,9,Toscana
2021-01-21,PIE,6694,2255,4439,4673,852,1169,0,3208,3486,ITC,ITC1,1,Piemonte
2021-01-03,PUG,2003,941,1062,1780,80,143,0,2003,0,ITF,ITF4,16,Puglia
2021-01-29,PAB,1387,444,943,732,372,281,2,22,1365,ITH,ITH1,4,Provincia Autonoma Bolzano / Bozen
2021-01-21,EMR,2140,724,1416,1270,223,647,0,804,1336,ITH,ITH5,8,Emilia-Romagna
2021-01-11,VDA,325,112,213,207,88,30,0,325,0,ITC,ITC2,2,Valle d'Aosta / Vallée d'Aoste
2021-01-24,LIG,750,233,517,625,65,60,0,113,637,ITC,ITC3,7,Liguria
2021-01-10,MAR,1737,699,1038,1462,275,0,0,1737,0,ITI,ITI3,11,Marche
2021-01-02,CAM,3674,1963,1711,3167,507,0,0,3674,0,ITF,ITF3,15,Campania
2021-01-27,ABR,1364,515,849,1301,63,0,0,39,1325,ITF,ITF1,13,Abruzzo
2021-02-02,VEN,6255,1811,4444,2860,1323,1921,151,381,5874,ITH,ITH3,5,Veneto
2021-02-02,LOM,18828,6250,12578,11957,5264,1529,78,422,18406,ITC,ITC4,3,Lombardia
2021-01-24,MAR,879,338,541,762,117,0,0,17,862,ITI,ITI3,11,Marche
2021-01-14,TOS,3254,1179,2075,2459,475,320,0,3254,0,ITI,ITI1,9,Toscana
2021-01-19,VEN,1309,472,837,707,272,324,6,1160,149,ITH,ITH3,5,Veneto
2021-01-15,MOL,538,242,296,398,59,81,0,538,0,ITF,ITF2,14,Molise
2021-01-29,PUG,6061,2593,3468,5332,441,288,0,431,5630,ITF,ITF4,16,Puglia
2021-01-02,SIC,4814,2500,2314,4255,559,0,0,4814,0,ITG,ITG1,19,Sicilia
2021-01-09,CAL,1916,1036,880,1529,387,0,0,1916,0,ITF,ITF6,18,Calabria
2021-01-21,SAR,126,60,66,60,66,0,0,94,32,ITG,ITG2,20,Sardegna
2021-02-04,EMR,9300,3025,6275,5658,2150,1385,107,1174,8126,ITH,ITH5,8,Emilia-Romagna
2021-01-26,FVG,1969,647,1322,1437,152,380,0,211,1758,ITH,ITH4,6,Friuli-Venezia Giulia
2020-12-28,LAZ,516,228,288,515,1,0,0,516,0,ITI,ITI4,12,Lazio
2021-01-08,MOL,429,141,288,234,75,120,0,429,0,ITF,ITF2,14,Molise
2020-12-27,MAR,200,97,103,184,12,4,0,200,0,ITI,ITI3,11,Marche
2021-02-06,VDA,288,103,185,150,64,0,74,91,197,ITC,ITC2,2,Valle d'Aosta / Vallée d'Aoste
2021-02-05,MAR,1556,459,1097,948,302,306,0,260,1296,ITI,ITI3,11,Marche
2021-01-16,LAZ,5297,2053,3244,3150,624,1053,470,5297,0,ITI,ITI4,12,Lazio
2021-01-14,FVG,2581,783,1798,1601,550,430,0,2581,0,ITH,ITH4,6,Friuli-Venezia Giulia
2021-01-07,VEN,8352,2319,6033,5445,1103,1804,0,8352,0,ITH,ITH3,5,Veneto
2021-01-22,PUG,1408,577,831,877,158,373,0,992,416,ITF,ITF4,16,Puglia
2021-01-14,SIC,5221,2500,2721,3026,1936,259,0,5221,0,ITG,ITG1,19,Sicilia
2021-01-21,CAL,958,444,514,735,108,115,0,929,29,ITF,ITF6,18,Calabria
2021-01-07,PAT,1267,310,957,648,64,555,0,1267,0,ITH,ITH2,4,Provincia Autonoma Trento
2021-01-02,EMR,2347,903,1444,2070,80,197,0,2347,0,ITH,ITH5,8,Emilia-Romagna
2020-12-29,LIG,118,32,86,87,10,21,0,118,0,ITC,ITC3,7,Liguria
2021-01-10,PAB,2,2,0,1,1,0,0,2,0,ITH,ITH1,4,Provincia Autonoma Bolzano / Bozen
2021-01-05,PUG,5096,2245,2851,4694,300,97,5,5096,0,ITF,ITF4,16,Puglia
2021-02-02,LAZ,4558,1750,2808,3686,613,256,3,473,4085,ITI,ITI4,12,Lazio
2021-01-09,PIE,6181,2184,3997,4486,1127,568,0,6181,0,ITC,ITC1,1,Piemonte
2020-12-31,FVG,1053,384,669,1011,42,0,0,1053,0,ITH,ITH4,6,Friuli-Venezia Giulia
2021-01-28,CAM,8828,4122,4706,6212,2269,347,0,134,8694,ITF,ITF3,15,Campania
2021-01-21,PAT,349,93,256,289,44,16,0,227,122,ITH,ITH2,4,Provincia Autonoma Trento
2021-02-04,CAL,3108,1506,1602,2407,479,222,0,644,2464,ITF,ITF6,18,Calabria
2021-01-12,LIG,2151,801,1350,1300,528,323,0,2151,0,ITC,ITC3,7,Liguria
2021-01-28,SIC,9309,4391,4918,7449,1565,295,0,412,8897,ITG,ITG1,19,Sicilia
2021-01-14,LOM,25776,7550,18226,10923,9789,4605,459,25776,0,ITC,ITC4,3,Lombardia
2020-12-27,PAB,143,65,78,136,6,0,1,143,0,ITH,ITH1,4,Provincia Autonoma Bolzano / Bozen
2021-01-25,BAS,1019,426,593,660,358,1,0,74,945,ITF,ITF5,17,Basilicata
2021-01-31,LOM,9364,3581,5783,6711,2559,87,7,32,9332,ITC,ITC4,3,Lombardia
2021-01-20,ABR,447,156,291,147,96,204,0,445,2,ITF,ITF1,13,Abruzzo
2021-01-20,VDA,23,8,15,0,0,6,17,23,0,ITC,ITC2,2,Valle d'Aosta / Vallée d'Aoste
2021-02-03,MOL,731,249,482,391,160,180,0,338,393,ITF,ITF2,14,Molise
2021-01-23,UMB,277,100,177,276,1,0,0,2,275,ITI,ITI2,10,Umbria
2021-01-21,VEN,2290,720,1570,1984,165,141,0,21,2269,ITH,ITH3,5,Veneto
2021-02-02,PAT,879,237,642,459,95,165,160,188,691,ITH,ITH2,4,Provincia Autonoma Trento
2021-01-28,FVG,2231,791,1440,1752,287,192,0,351,1880,ITH,ITH4,6,Friuli-Venezia Giulia
2021-01-26,PIE,6323,1875,4448,4720,875,728,0,734,5589,ITC,ITC1,1,Piemonte
2021-01-26,TOS,5391,1791,3600,4356,84,951,0,218,5173,ITI,ITI1,9,Toscana
2020-12-31,SIC,869,467,402,819,50,0,0,869,0,ITG,ITG1,19,Sicilia
2021-01-06,VDA,65,33,32,28,19,18,0,65,0,ITC,ITC2,2,Valle d'Aosta / Vallée d'Aoste
2021-01-16,EMR,5586,1716,3870,3383,1107,1096,0,5586,0,ITH,ITH5,8,Emilia-Romagna
2021-01-05,MAR,1562,586,976,1436,126,0,0,1562,0,ITI,ITI3,11,Marche
2021-01-09,SAR,4025,1416,2609,3125,900,0,0,4025,0,ITG,ITG2,20,Sardegna
2021-02-01,ABR,1632,573,1059,1384,247,1,0,271,1361,ITF,ITF1,13,Abruzzo
2021-02-06,BAS,728,302,426,487,162,79,0,110,618,ITF,ITF5,17,Basilicata
2021-02-02,EMR,9226,2974,6252,5776,1884,1517,49,478,8748,ITH,ITH5,8,Emilia-Romagna
2021-01-06,ABR,1830,664,1166,1546,151,133,0,1830,0,ITF,ITF1,13,Abruzzo
2021-01-11,BAS,183,66,117,78,64,41,0,183,0,ITF,ITF5,17,Basilicata
2021-01-14,UMB,749,200,549,696,36,17,0,749,0,ITI,ITI2,10,Umbria
2021-02-03,PUG,5017,1993,3024,4346,487,184,0,726,4291,ITF,ITF4,16,Puglia
2021-01-14,CAM,7073,2977,4096,3707,3022,344,0,7073,0,ITF,ITF3,15,Campania
2020-12-31,PIE,3879,1318,2561,3387,358,134,0,3879,0,ITC,ITC1,1,Piemonte
2021-01-26,SAR,1335,453,882,1291,44,0,0,27,1308,ITG,ITG2,20,Sardegna
2021-01-27,PAB,84,28,56,54,30,0,0,1,83,ITH,ITH1,4,Provincia Autonoma Bolzano / Bozen
2021-01-26,LIG,2392,775,1617,1844,297,251,0,153,2239,ITC,ITC3,7,Liguria
2021-01-12,TOS,3581,1398,2183,2944,283,354,0,3581,0,ITI,ITI1,9,Toscana
2021-01-02,LAZ,6703,2629,4074,6241,104,358,0,6703,0,ITI,ITI4,12,Lazio
2021-01-22,MAR,487,167,320,315,85,87,0,194,293,ITI,ITI3,11,Marche
2021-02-02,CAL,2005,993,1012,1623,307,75,0,170,1835,ITF,ITF6,18,Calabria
2021-01-26,SIC,9471,4661,4810,8343,874,254,0,234,9237,ITG,ITG1,19,Sicilia
2020-12-31,LIG,948,334,614,714,53,153,28,948,0,ITC,ITC3,7,Liguria
2021-02-01,VDA,397,124,273,239,89,69,0,81,316,ITC,ITC2,2,Valle d'Aosta / Vallée d'Aoste
2021-01-08,PAB,1473,467,1006,744,466,166,97,1473,0,ITH,ITH1,4,Provincia Autonoma Bolzano / Bozen
2021-01-12,LOM,19471,6494,12977,10703,7276,1334,158,19471,0,ITC,ITC4,3,Lombardia
2021-01-02,FVG,1217,471,746,1150,67,0,0,1217,0,ITH,ITH4,6,Friuli-Venezia Giulia
2021-01-26,CAM,7294,3701,3593,5739,1333,222,0,352,6942,ITF,ITF3,15,Campania
2021-01-08,ABR,1525,507,1018,1487,38,0,0,1525,0,ITF,ITF1,13,Abruzzo
2021-01-21,LAZ,5220,2098,3122,4700,163,232,125,196,5024,ITI,ITI4,12,Lazio
2021-01-12,VEN,5202,1515,3687,2206,1094,1736,166,5202,0,ITH,ITH3,5,Veneto
2021-01-21,UMB,607,200,407,426,13,168,0,338,269,ITI,ITI2,10,Umbria
2021-01-19,FVG,2,1,1,2,0,0,0,2,0,ITH,ITH4,6,Friuli-Venezia Giulia
2021-01-09,SIC,7292,3408,3884,5008,1830,454,0,7292,0,ITG,ITG1,19,Sicilia
2021-01-12,PAT,494,158,336,397,43,54,0,494,0,ITH,ITH2,4,Provincia Autonoma Trento
2021-01-16,CAL,2394,1120,1274,1664,489,241,0,2394,0,ITF,ITF6,18,Calabria
2020-12-27,MOL,50,20,30,29,4,17,0,50,0,ITF,ITF2,14,Molise
2021-01-14,PIE,9750,3149,6601,6169,2099,1482,0,9750,0,ITC,ITC1,1,Piemonte
2021-01-10,PUG,2339,1056,1283,1972,166,201,0,2339,0,ITF,ITF4,16,Puglia
2021-02-04,UMB,732,226,506,692,20,20,0,25,707,ITI,ITI2,10,Umbria
2021-01-17,LIG,560,259,301,153,291,116,0,560,0,ITC,ITC3,7,Liguria
2021-01-26,PAT,498,138,360,398,16,84,0,26,472,ITH,ITH2,4,Provincia Autonoma Trento
2020-12-31,SAR,32,16,16,28,4,0,0,32,0,ITG,ITG2,20,Sardegna
2021-02-02,TOS,3720,1464,2256,3020,279,421,0,174,3546,ITI,ITI1,9,Toscana
2021-01-14,EMR,8085,2572,5513,4993,1490,1602,0,8085,0,ITH,ITH5,8,Emilia-Romagna
2021-01-25,ABR,1603,632,971,1583,20,0,0,20,1583,ITF,ITF1,13,Abruzzo
2021-01-26,LOM,8130,2650,5480,6417,1503,203,7,320,7810,ITC,ITC4,3,Lombardia
2021-01-20,BAS,84,22,62,0,84,0,0,84,0,ITF,ITF5,17,Basilicata
2021-01-26,VEN,6899,2080,4819,5289,649,961,0,153,6746,ITH,ITH3,5,Veneto
2021-02-02,FVG,2460,806,1654,1651,394,415,0,216,2244,ITH,ITH4,6,Friuli-Venezia Giulia
2021-01-02,CAL,165,94,71,165,0,0,0,165,0,ITF,ITF6,18,Calabria
2020-12-27,PUG,506,249,257,400,43,63,0,506,0,ITF,ITF4,16,Puglia
2021-01-28,PIE,5442,1770,3672,4019,852,571,0,349,5093,ITC,ITC1,1,Piemonte
2021-01-22,MOL,126,35,91,21,32,73,0,126,0,ITF,ITF2,14,Molise
2021-01-18,VDA,213,74,139,29,111,27,46,213,0,ITC,ITC2,2,Valle d'Aosta / Vallée d'Aoste
2021-01-14,SAR,1105,426,679,880,225,0,0,1105,0,ITG,ITG2,20,Sardegna
2021-02-01,BAS,242,91,151,89,105,48,0,46,196,ITF,ITF5,17,Basilicata
2021-01-24,TOS,3347,1072,2275,2601,37,709,0,199,3148,ITI,ITI1,9,Toscana
2021-01-28,EMR,10212,3332,6880,7618,1480,1114,0,353,9859,ITH,ITH5,8,Emilia-Romagna
2021-01-06,BAS,294,129,165,140,118,36,0,294,0,ITF,ITF5,17,Basilicata
2021-02-05,PUG,5300,2129,3171,4315,507,478,0,1177,4123,ITF,ITF4,16,Puglia
2021-01-09,UMB,1719,492,1227,888,10,821,0,1719,0,ITI,ITI2,10,Umbria
2021-01-09,CAM,10563,5023,5540,6758,3536,269,0,10563,0,ITF,ITF3,15,Campania
2021-01-22,PAB,242,138,104,69,85,85,3,124,118,ITH,ITH1,4,Provincia Autonoma Bolzano / Bozen
2021-01-07,LAZ,7718,2890,4828,6752,400,566,0,7718,0,ITI,ITI4,12,Lazio
2021-01-17,MAR,1598,682,916,964,588,46,0,1549,49,ITI,ITI3,11,Marche
2020-12-31,LOM,713,300,413,656,57,0,0,713,0,ITC,ITC4,3,Lombardia
2021-01-31,LIG,617,264,353,224,259,134,0,7,610,ITC,ITC3,7,Liguria
2021-01-07,TOS,6013,1750,4263,5308,30,675,0,6013,0,ITI,ITI1,9,Toscana
