data_somministrazione,area,totale,sesso_maschile,sesso_femminile,prima_dose,seconda_dose,codice_NUTS1,codice_NUTS2,codice_regione_ISTAT,nome_area
2021-03-02,SIC,14663,6302,8361,11891,2772,ITG,ITG1,19,Sicilia
2021-05-30,ABR,8561,4067,4494,5348,3213,ITF,ITF1,13,Abruzzo
2021-03-09,SAR,5543,2738,2805,4814,729,ITG,ITG2,20,Sardegna
2021-01-04,SIC,8243,4118,4125,8243,0,ITG,ITG1,19,Sicilia
2021-04-03,ABR,5086,2221,2865,3490,1596,ITF,ITF1,13,Abruzzo
2021-01-28,LIG,2847,971,1876,39,2808,ITC,ITC3,7,Liguria
2021-02-11,PIE,6764,2107,4657,3006,3758,ITC,ITC1,1,Piemonte
2021-05-05,SAR,10155,4644,5511,8146,2009,ITG,ITG2,20,Sardegna
2021-01-18,SIC,1438,583,855,1289,149,ITG,ITG1,19,Sicilia
2021-01-23,VEN,4050,1246,2804,31,4019,ITH,ITH3,5,Veneto
2021-01-26,PAB,810,291,519,1,809,ITH,ITH1,4,Provincia Autonoma Bolzano / Bozen
2021-04-09,PIE,25849,11387,14462,21340,4509,ITC,ITC1,1,Piemonte
2021-03-21,VEN,11981,4752,7229,8519,3462,ITH,ITH3,5,Veneto
2021-04-28,SIC,29157,13677,15480,20133,9024,ITG,ITG1,19,Sicilia
2020-12-30,PIE,730,322,408,730,0,ITC,ITC1,1,Piemonte
2021-03-16,CAM,8087,3519,4568,3773,4314,ITF,ITF3,15,Campania
2021-03-24,PAB,2062,998,1064,2049,13,ITH,ITH1,4,Provincia Autonoma Bolzano / Bozen
2021-06-05,PIE,36619,18730,17889,32163,4456,ITC,ITC1,1,Piemonte
2021-04-28,LOM,95635,43629,52006,68772,26863,ITC,ITC4,3,Lombardia
2021-02-25,PIE,12218,5252,6966,11671,547,ITC,ITC1,1,Piemonte
2021-03-16,LAZ,13546,5740,7806,7102,6444,ITI,ITI4,12,Lazio
2021-03-16,LOM,25483,10113,15370,16417,9066,ITC,ITC4,3,Lombardia
2021-01-23,EMR,2448,871,1577,443,2005,ITH,ITH5,8,Emilia-Romagna
2021-05-12,LOM,87382,41690,45692,59887,27495,ITC,ITC4,3,Lombardia
2021-01-21,MAR,905,258,647,585,320,ITI,ITI3,11,Marche
2021-05-30,BAS,2773,1419,1354,922,1851,ITF,ITF5,17,Basilicata
2021-04-09,PAT,2710,1146,1564,1510,1200,ITH,ITH2,4,Provincia Autonoma Trento
2021-05-02,VDA,765,345,420,605,160,ITC,ITC2,2,Valle d'Aosta / Vallée d'Aoste
2021-05-07,EMR,35210,16938,18272,23363,11847,ITH,ITH5,8,Emilia-Romagna
2021-05-17,TOS,29675,14799,14876,20809,8866,ITI,ITI1,9,Toscana
2021-02-18,FVG,3218,1492,1726,2811,407,ITH,ITH4,6,Friuli-Venezia Giulia
2021-04-03,BAS,1806,748,1058,1471,335,ITF,ITF5,17,Basilicata
2021-05-01,MAR,9318,3924,5394,3576,5742,ITI,ITI3,11,Marche
2021-01-22,VDA,56,21,35,20,36,ITC,ITC2,2,Valle d'Aosta / Vallée d'Aoste
2021-02-11,PAT,1132,365,767,796,336,ITH,ITH2,4,Provincia Autonoma Trento
2021-03-21,TOS,3293,1627,1666,1860,1433,ITI,ITI1,9,Toscana
2021-02-09,PUG,3840,1570,2270,2168,1672,ITF,ITF4,16,Puglia
2021-03-09,LAZ,21809,9785,12024,16611,5198,ITI,ITI4,12,Lazio
2021-01-08,VDA,299,130,169,299,0,ITC,ITC2,2,Valle d'Aosta / Vallée d'Aoste
2021-01-23,TOS,3966,1360,2606,640,3326,ITI,ITI1,9,Toscana
2021-02-25,PAT,1641,643,998,1200,441,ITH,ITH2,4,Provincia Autonoma Trento
2021-01-11,LAZ,5532,2105,3427,5532,0,ITI,ITI4,12,Lazio
2021-04-02,FVG,6567,2915,3652,4734,1833,ITH,ITH4,6,Friuli-Venezia Giulia
2021-05-20,PUG,33383,15137,18246,21067,12316,ITF,ITF4,16,Puglia
2021-06-14,UMB,5347,2735,2612,3356,1991,ITI,ITI2,10,Umbria
2020-12-30,PAT,7,3,4,7,0,ITH,ITH2,4,Provincia Autonoma Trento
2021-03-06,VDA,22,4,18,22,0,ITC,ITC2,2,Valle d'Aosta / Vallée d'Aoste
2021-05-03,TOS,11933,5510,6423,10615,1318,ITI,ITI1,9,Toscana
2021-06-05,PAT,4077,1915,2162,752,3325,ITH,ITH2,4,Provincia Autonoma Trento
2021-01-25,CAM,5746,2927,2819,164,5582,ITF,ITF3,15,Campania
2021-03-24,PUG,13432,6383,7049,6128,7304,ITF,ITF4,16,Puglia
2021-01-12,MOL,336,114,222,336,0,ITF,ITF2,14,Molise
2021-01-16,VEN,4611,1542,3069,4611,0,ITH,ITH3,5,Veneto
2021-02-01,CAL,2502,1195,1307,244,2258,ITF,ITF6,18,Calabria
2021-03-10,PAB,1268,529,739,1125,143,ITH,ITH1,4,Provincia Autonoma Bolzano / Bozen
2021-01-26,PUG,5360,2397,2963,570,4790,ITF,ITF4,16,Puglia
2021-03-23,CAM,15738,7441,8297,13225,2513,ITF,ITF3,15,Campania
2021-03-14,VEN,15173,5939,9234,14279,894,ITH,ITH3,5,Veneto
2021-05-06,PAB,5181,2747,2434,2613,2568,ITH,ITH1,4,Provincia Autonoma Bolzano / Bozen
2021-05-12,CAL,16364,7969,8395,10887,5477,ITF,ITF6,18,Calabria
2021-02-05,BAS,986,443,543,64,922,ITF,ITF5,17,Basilicata
2021-03-05,MAR,6171,2856,3315,4703,1468,ITI,ITI3,11,Marche
2021-04-16,FVG,6916,2997,3919,4992,1924,ITH,ITH4,6,Friuli-Venezia Giulia
2021-05-06,PUG,39497,17270,22227,19827,19670,ITF,ITF4,16,Puglia
2021-05-19,CAM,51091,22557,28534,34530,16561,ITF,ITF3,15,Campania
2021-02-24,MOL,666,278,388,333,333,ITF,ITF2,14,Molise
2021-05-22,PAT,3248,1593,1655,924,2324,ITH,ITH2,4,Provincia Autonoma Trento
2021-05-26,CAL,18671,9266,9405,10400,8271,ITF,ITF6,18,Calabria
2021-01-06,FVG,710,264,446,710,0,ITH,ITH4,6,Friuli-Venezia Giulia
2021-01-07,MAR,1808,636,1172,1808,0,ITI,ITI3,11,Marche
2021-01-21,LIG,1105,385,720,674,431,ITC,ITC3,7,Liguria
2021-03-02,SAR,3059,1639,1420,1906,1153,ITG,ITG2,20,Sardegna
2021-05-16,BAS,4971,2468,2503,2858,2113,ITF,ITF5,17,Basilicata
2021-03-30,CAL,6161,2645,3516,3443,2718,ITF,ITF6,18,Calabria
2021-04-02,PIE,20131,8298,11833,11704,8427,ITC,ITC1,1,Piemonte
2021-04-28,SAR,9022,4279,4743,5321,3701,ITG,ITG2,20,Sardegna
2021-02-12,ABR,1228,567,661,1039,189,ITF,ITF1,13,Abruzzo
2021-01-18,SAR,904,326,578,780,124,ITG,ITG2,20,Sardegna
2021-05-29,PIE,32769,15219,17550,20614,12155,ITC,ITC1,1,Piemonte
2021-02-23,SIC,8683,4588,4095,8219,464,ITG,ITG1,19,Sicilia
2021-05-23,ABR,9884,4699,5185,7187,2697,ITF,ITF1,13,Abruzzo
2021-02-18,PIE,4790,2093,2697,4360,430,ITC,ITC1,1,Piemonte
2021-03-16,SAR,4374,1949,2425,3452,922,ITG,ITG2,20,Sardegna
2021-03-17,PAB,581,213,368,580,1,ITH,ITH1,4,Provincia Autonoma Bolzano / Bozen
2021-03-09,SIC,13081,5700,7381,10882,2199,ITG,ITG1,19,Sicilia
2021-05-10,VEN,36433,17028,19405,26561,9872,ITH,ITH3,5,Veneto
2021-06-06,ABR,11019,5254,5765,8829,2190,ITF,ITF1,13,Abruzzo
2021-04-16,PIE,28399,13211,15188,23413,4986,ITC,ITC1,1,Piemonte
2021-05-05,CAM,51162,24852,26310,44782,6380,ITF,ITF3,15,Campania
2021-05-13,PAB,2994,1355,1639,1064,1930,ITH,ITH1,4,Provincia Autonoma Bolzano / Bozen
2021-01-11,SIC,5759,2534,3225,5759,0,ITG,ITG1,19,Sicilia
2021-01-30,VEN,8747,2672,6075,693,8054,ITH,ITH3,5,Veneto
2021-04-10,ABR,8772,4057,4715,6264,2508,ITF,ITF1,13,Abruzzo
2021-01-25,LAZ,8111,3246,4865,770,7341,ITI,ITI4,12,Lazio
2021-05-05,LAZ,46765,21456,25309,30946,15819,ITI,ITI4,12,Lazio
2021-03-09,LOM,33201,12850,20351,25806,7395,ITC,ITC4,3,Lombardia
2021-05-05,LOM,87843,41885,45958,72580,15263,ITC,ITC4,3,Lombardia
2021-02-12,PAB,730,217,513,482,248,ITH,ITH1,4,Provincia Autonoma Bolzano / Bozen
2021-03-23,PIE,13077,5451,7626,6832,6245,ITC,ITC1,1,Piemonte
2021-04-19,PUG,27601,12817,14784,24557,3044,ITF,ITF4,16,Puglia
2021-04-10,PAB,5391,2664,2727,4803,588,ITH,ITH1,4,Provincia Autonoma Bolzano / Bozen
2021-06-07,CAM,55688,26764,28924,51690,3998,ITF,ITF3,15,Campania
2021-04-06,UMB,5291,2169,3122,2902,2389,ITI,ITI2,10,Umbria
2021-05-20,MAR,12364,5813,6551,7666,4698,ITI,ITI3,11,Marche
2021-01-10,ABR,1139,409,730,1139,0,ITF,ITF1,13,Abruzzo
2021-05-30,VDA,865,429,436,694,171,ITC,ITC2,2,Valle d'Aosta / Vallée d'Aoste
2021-06-14,CAL,14044,6359,7685,9366,4678,ITF,ITF6,18,Calabria
2021-01-16,PIE,7771,2630,5141,7771,0,ITC,ITC1,1,Piemonte
2021-02-11,SAR,1315,490,825,1204,111,ITG,ITG2,20,Sardegna
2021-01-23,PAT,577,334,243,388,189,ITH,ITH2,4,Provincia Autonoma Trento
2021-01-30,SIC,7627,3496,4131,167,7460,ITG,ITG1,19,Sicilia
2021-03-28,UMB,1096,442,654,1072,24,ITI,ITI2,10,Umbria
2021-04-28,FVG,7265,3203,4062,3795,3470,ITH,ITH4,6,Friuli-Venezia Giulia
2021-04-29,ABR,12668,5850,6818,9573,3095,ITF,ITF1,13,Abruzzo
2021-06-05,LIG,8090,4115,3975,4938,3152,ITC,ITC3,7,Liguria
2021-01-30,UMB,1590,490,1100,44,1546,ITI,ITI2,10,Umbria
2021-04-09,LIG,12421,5554,6867,10682,1739,ITC,ITC3,7,Liguria
2021-05-03,PAT,4251,2191,2060,4098,153,ITH,ITH2,4,Provincia Autonoma Trento
2021-06-05,TOS,28403,13585,14818,20796,7607,ITI,ITI1,9,Toscana
2020-12-31,PAB,913,519,394,913,0,ITH,ITH1,4,Provincia Autonoma Bolzano / Bozen
2021-02-04,LOM,27748,8085,19663,1997,25751,ITC,ITC4,3,Lombardia
2021-03-28,SIC,10928,5135,5793,6917,4011,ITG,ITG1,19,Sicilia
2021-03-04,CAL,5484,3191,2293,4687,797,ITF,ITF6,18,Calabria
2021-02-20,LAZ,9207,4275,4932,8439,768,ITI,ITI4,12,Lazio
2021-02-25,CAM,12425,4478,7947,11237,1188,ITF,ITF3,15,Campania
2021-03-31,LIG,11918,5269,6649,9148,2770,ITC,ITC3,7,Liguria
2021-04-24,PUG,29311,13347,15964,25366,3945,ITF,ITF4,16,Puglia
2021-04-09,LOM,52298,22339,29959,36309,15989,ITC,ITC4,3,Lombardia
2021-06-12,CAL,13032,6188,6844,10485,2547,ITF,ITF6,18,Calabria
2021-05-31,LAZ,51123,22596,28527,31661,19462,ITI,ITI4,12,Lazio
2021-01-10,BAS,77,24,53,77,0,ITF,ITF5,17,Basilicata
2021-01-15,ABR,379,149,230,379,0,ITF,ITF1,13,Abruzzo
2021-02-07,MAR,1870,734,1136,344,1526,ITI,ITI3,11,Marche
2021-04-20,BAS,4033,1920,2113,2202,1831,ITF,ITF5,17,Basilicata
2021-01-11,TOS,5094,1691,3403,5094,0,ITI,ITI1,9,Toscana
2021-04-11,EMR,15276,6933,8343,12228,3048,ITH,ITH5,8,Emilia-Romagna
2021-04-19,PAB,1871,858,1013,1689,182,ITH,ITH1,4,Provincia Autonoma Bolzano / Bozen
2021-05-28,VDA,975,414,561,563,412,ITC,ITC2,2,Valle d'Aosta / Vallée d'Aoste
2021-05-24,SAR,13857,6722,7135,8480,5377,ITG,ITG2,20,Sardegna
2021-02-17,VDA,327,144,183,227,100,ITC,ITC2,2,Valle d'Aosta / Vallée d'Aoste
2021-04-21,TOS,29604,12665,16939,17519,12085,ITI,ITI1,9,Toscana
2021-04-23,VEN,31179,13811,17368,22476,8703,ITH,ITH3,5,Veneto
2021-06-15,PAB,1392,811,581,459,933,ITH,ITH1,4,Provincia Autonoma Bolzano / Bozen
2021-01-23,FVG,816,324,492,4,812,ITH,ITH4,6,Friuli-Venezia Giulia
2021-02-13,SAR,1456,565,891,1454,2,ITG,ITG2,20,Sardegna
2021-02-23,TOS,7721,3324,4397,7560,161,ITI,ITI1,9,Toscana
2021-04-04,LAZ,17532,8104,9428,12266,5266,ITI,ITI4,12,Lazio
2021-04-09,CAM,30032,14144,15888,23903,6129,ITF,ITF3,15,Campania
2021-04-05,MOL,391,189,202,292,99,ITF,ITF2,14,Molise
2021-05-05,PAT,4981,2577,2404,4691,290,ITH,ITH2,4,Provincia Autonoma Trento
2021-06-03,TOS,31959,15399,16560,27422,4537,ITI,ITI1,9,Toscana
2021-06-05,CAM,76979,37250,39729,70964,6015,ITF,ITF3,15,Campania
2021-01-08,BAS,554,219,335,554,0,ITF,ITF5,17,Basilicata
2021-03-29,MOL,2033,835,1198,1547,486,ITF,ITF2,14,Molise
2021-02-16,VEN,6642,2871,3771,6465,177,ITH,ITH3,5,Veneto
2021-04-04,LOM,7611,3230,4381,3716,3895,ITC,ITC4,3,Lombardia
2021-01-31,MOL,268,70,198,6,262,ITF,ITF2,14,Molise
2021-02-11,EMR,4255,1415,2840,3414,841,ITH,ITH5,8,Emilia-Romagna
2021-04-27,ABR,9084,4369,4715,6617,2467,ITF,ITF1,13,Abruzzo
2021-06-14,CAM,36492,17600,18892,18678,17814,ITF,ITF3,15,Campania
2021-03-15,BAS,2355,983,1372,524,1831,ITF,ITF5,17,Basilicata
2021-05-29,SAR,17988,8644,9344,13396,4592,ITG,ITG2,20,Sardegna
2021-01-16,PAT,319,148,171,319,0,ITH,ITH2,4,Provincia Autonoma Trento
2021-01-17,BAS,328,133,195,327,1,ITF,ITF5,17,Basilicata
2021-05-05,FVG,9723,4236,5487,6282,3441,ITH,ITH4,6,Friuli-Venezia Giulia
2021-02-18,SAR,1878,732,1146,1814,64,ITG,ITG2,20,Sardegna
2021-04-04,SIC,6824,3325,3499,5532,1292,ITG,ITG1,19,Sicilia
2021-01-23,PIE,4257,1325,2932,879,3378,ITC,ITC1,1,Piemonte
2021-04-17,PAB,5233,2599,2634,5189,44,ITH,ITH1,4,Provincia Autonoma Bolzano / Bozen
2021-01-07,PAB,918,327,591,918,0,ITH,ITH1,4,Provincia Autonoma Bolzano / Bozen
2021-01-14,PUG,4071,1589,2482,4071,0,ITF,ITF4,16,Puglia
2021-03-21,PIE,10727,4741,5986,4194,6533,ITC,ITC1,1,Piemonte
2021-01-07,PUG,5717,2458,3259,5717,0,ITF,ITF4,16,Puglia
2021-01-31,MAR,1919,769,1150,103,1816,ITI,ITI3,11,Marche
2021-04-02,LOM,41161,16841,24320,26713,14448,ITC,ITC4,3,Lombardia
2021-04-17,PUG,39890,18902,20988,36322,3568,ITF,ITF4,16,Puglia
2021-02-25,CAL,2882,1551,1331,2287,595,ITF,ITF6,18,Calabria
2021-05-29,VEN,32898,16623,16275,25306,7592,ITH,ITH3,5,Veneto
2020-12-28,LIG,80,30,50,80,0,ITC,ITC3,7,Liguria
2021-01-25,FVG,1583,567,1016,194,1389,ITH,ITH4,6,Friuli-Venezia Giulia
2021-02-19,PUG,4731,2010,2721,4339,392,ITF,ITF4,16,Puglia
2021-04-27,BAS,4727,2242,2485,4402,325,ITF,ITF5,17,Basilicata
2021-06-03,LIG,15461,7666,7795,9123,6338,ITC,ITC3,7,Liguria
2021-03-23,FVG,3883,1679,2204,1742,2141,ITH,ITH4,6,Friuli-Venezia Giulia
2021-04-07,LIG,13627,6069,7558,11337,2290,ITC,ITC3,7,Liguria
2021-03-15,ABR,3682,1446,2236,1874,1808,ITF,ITF1,13,Abruzzo
2021-04-07,MAR,7810,3435,4375,7475,335,ITI,ITI3,11,Marche
2021-02-10,VDA,248,77,171,141,107,ITC,ITC2,2,Valle d'Aosta / Vallée d'Aoste
2021-01-17,ABR,188,59,129,181,7,ITF,ITF1,13,Abruzzo
2021-02-09,MAR,124,42,82,46,78,ITI,ITI3,11,Marche
2021-02-23,LIG,3806,1559,2247,3697,109,ITC,ITC3,7,Liguria
2021-05-12,UMB,6480,3016,3464,4337,2143,ITI,ITI2,10,Umbria
2021-04-18,EMR,17510,8401,9109,12582,4928,ITH,ITH5,8,Emilia-Romagna
2021-04-28,PAT,4247,1974,2273,4109,138,ITH,ITH2,4,Provincia Autonoma Trento
2021-03-08,VDA,482,231,251,237,245,ITC,ITC2,2,Valle d'Aosta / Vallée d'Aoste
2021-04-23,UMB,6611,2787,3824,3490,3121,ITI,ITI2,10,Umbria
2021-05-12,EMR,38852,18272,20580,29212,9640,ITH,ITH5,8,Emilia-Romagna
2021-02-25,UMB,1336,497,839,1284,52,ITI,ITI2,10,Umbria
2021-05-04,VDA,1135,510,625,462,673,ITC,ITC2,2,Valle d'Aosta / Vallée d'Aoste
2021-02-01,EMR,10321,3611,6710,362,9959,ITH,ITH5,8,Emilia-Romagna
2021-06-15,MAR,12778,6347,6431,9794,2984,ITI,ITI3,11,Marche
2021-03-11,UMB,3595,1726,1869,2589,1006,ITI,ITI2,10,Umbria
2021-01-28,TOS,6282,1882,4400,354,5928,ITI,ITI1,9,Toscana
2021-05-01,MOL,2647,1268,1379,424,2223,ITF,ITF2,14,Molise
2021-01-13,UMB,450,139,311,450,0,ITI,ITI2,10,Umbria
2021-03-05,MOL,1219,649,570,1015,204,ITF,ITF2,14,Molise
2021-05-31,PAT,4701,2165,2536,1675,3026,ITH,ITH2,4,Provincia Autonoma Trento
2021-01-30,CAM,10721,5079,5642,38,10683,ITF,ITF3,15,Campania
2021-03-25,BAS,1882,602,1280,1537,345,ITF,ITF5,17,Basilicata
2021-02-06,CAL,2907,1338,1569,443,2464,ITF,ITF6,18,Calabria
2021-06-13,MOL,2448,1326,1122,2124,324,ITF,ITF2,14,Molise
2021-01-27,BAS,411,175,236,113,298,ITF,ITF5,17,Basilicata
2021-04-17,MOL,3054,1501,1553,1568,1486,ITF,ITF2,14,Molise
2021-02-10,BAS,548,238,310,496,52,ITF,ITF5,17,Basilicata
2021-03-14,LIG,1659,752,907,1055,604,ITC,ITC3,7,Liguria
2021-04-11,FVG,3433,1520,1913,2527,906,ITH,ITH4,6,Friuli-Venezia Giulia
2021-01-12,MAR,1227,413,814,1227,0,ITI,ITI3,11,Marche
2021-05-21,BAS,4575,2320,2255,1492,3083,ITF,ITF5,17,Basilicata
2021-06-07,FVG,8979,4653,4326,8060,919,ITH,ITH4,6,Friuli-Venezia Giulia
2021-01-16,SAR,1492,525,967,1492,0,ITG,ITG2,20,Sardegna
2021-01-16,CAM,3369,1675,1694,3369,0,ITF,ITF3,15,Campania
2021-05-10,LIG,12650,5640,7010,6275,6375,ITC,ITC3,7,Liguria
2021-05-05,VEN,44266,21221,23045,37692,6574,ITH,ITH3,5,Veneto
2021-04-23,SIC,28610,13705,14905,22796,5814,ITG,ITG1,19,Sicilia
2021-01-23,CAL,400,186,214,358,42,ITF,ITF6,18,Calabria
2021-06-07,PIE,34582,17691,16891,29817,4765,ITC,ITC1,1,Piemonte
2021-01-16,LOM,15425,5731,9694,15425,0,ITC,ITC4,3,Lombardia
2021-04-30,LAZ,41302,18290,23012,27110,14192,ITI,ITI4,12,Lazio
2021-02-10,ABR,947,312,635,503,444,ITF,ITF1,13,Abruzzo
2021-01-18,EMR,3127,879,2248,2449,678,ITH,ITH5,8,Emilia-Romagna
2021-03-15,VDA,362,123,239,159,203,ITC,ITC2,2,Valle d'Aosta / Vallée d'Aoste
2021-03-16,EMR,12243,5027,7216,4935,7308,ITH,ITH5,8,Emilia-Romagna
2021-05-11,VDA,647,325,322,496,151,ITC,ITC2,2,Valle d'Aosta / Vallée d'Aoste
2021-01-25,EMR,6462,2146,4316,207,6255,ITH,ITH5,8,Emilia-Romagna
2021-01-06,UMB,846,325,521,846,0,ITI,ITI2,10,Umbria
2021-04-27,VDA,978,423,555,686,292,ITC,ITC2,2,Valle d'Aosta / Vallée d'Aoste
2021-06-12,UMB,7664,3665,3999,6118,1546,ITI,ITI2,10,Umbria
2021-03-23,EMR,18794,8143,10651,12107,6687,ITH,ITH5,8,Emilia-Romagna
2021-04-26,MAR,8980,3983,4997,5958,3022,ITI,ITI3,11,Marche
2021-01-17,VDA,131,56,75,131,0,ITC,ITC2,2,Valle d'Aosta / Vallée d'Aoste
2021-04-16,UMB,8111,3747,4364,6273,1838,ITI,ITI2,10,Umbria
2021-04-30,UMB,6232,2962,3270,2843,3389,ITI,ITI2,10,Umbria
2021-03-19,TOS,10143,4460,5683,7275,2868,ITI,ITI1,9,Toscana
2021-03-04,UMB,4485,1853,2632,3657,828,ITI,ITI2,10,Umbria
2021-04-24,MOL,2551,1202,1349,710,1841,ITF,ITF2,14,Molise
2021-01-24,PAB,12,10,2,0,12,ITH,ITH1,4,Provincia Autonoma Bolzano / Bozen
2021-01-31,PUG,1814,830,984,75,1739,ITF,ITF4,16,Puglia
2021-02-26,MOL,563,260,303,490,73,ITF,ITF2,14,Molise
2021-03-28,CAL,2565,1186,1379,1511,1054,ITF,ITF6,18,Calabria
2021-01-20,UMB,613,222,391,613,0,ITI,ITI2,10,Umbria
2021-04-30,SIC,34905,16303,18602,23925,10980,ITG,ITG1,19,Sicilia
2021-06-06,MOL,2057,1057,1000,1734,323,ITF,ITF2,14,Molise
2021-04-01,BAS,2745,1113,1632,2025,720,ITF,ITF5,17,Basilicata
2021-05-03,LIG,13270,5918,7352,6458,6812,ITC,ITC3,7,Liguria
2021-05-31,FVG,8643,4291,4352,6483,2160,ITH,ITH4,6,Friuli-Venezia Giulia
2021-02-03,BAS,668,301,367,32,636,ITF,ITF5,17,Basilicata
2021-05-12,VEN,36654,17745,18909,31542,5112,ITH,ITH3,5,Veneto
2021-03-21,LIG,550,220,330,69,481,ITC,ITC3,7,Liguria
2020-12-28,PIE,1,1,0,1,0,ITC,ITC1,1,Piemonte
2021-01-23,LIG,809,295,514,153,656,ITC,ITC3,7,Liguria
2021-01-09,LOM,12411,4573,7838,12411,0,ITC,ITC4,3,Lombardia
2021-01-30,CAL,2183,1149,1034,357,1826,ITF,ITF6,18,Calabria
2021-01-23,CAM,3838,2028,1810,273,3565,ITF,ITF3,15,Campania
2021-03-04,SIC,15070,6568,8502,10952,4118,ITG,ITG1,19,Sicilia
2021-03-07,LOM,12079,5354,6725,9523,2556,ITC,ITC4,3,Lombardia
2021-03-16,VEN,12518,5349,7169,6902,5616,ITH,ITH3,5,Veneto
2021-03-21,CAM,10069,4672,5397,7679,2390,ITF,ITF3,15,Campania
2021-05-17,LIG,12027,5519,6508,8703,3324,ITC,ITC3,7,Liguria
2021-06-12,SIC,44296,21673,22623,38532,5764,ITG,ITG1,19,Sicilia
2021-01-21,TOS,1589,686,903,867,722,ITI,ITI1,9,Toscana
2021-05-07,LAZ,48183,22587,25596,30454,17729,ITI,ITI4,12,Lazio
2021-03-11,LAZ,25094,11730,13364,18864,6230,ITI,ITI4,12,Lazio
2021-03-09,EMR,14754,6019,8735,10799,3955,ITH,ITH5,8,Emilia-Romagna
2021-05-05,EMR,30083,13979,16104,18834,11249,ITH,ITH5,8,Emilia-Romagna
2021-02-03,ABR,2061,717,1344,419,1642,ITF,ITF1,13,Abruzzo
2021-01-27,LOM,8033,2672,5361,808,7225,ITC,ITC4,3,Lombardia
2021-02-17,CAL,1843,807,1036,1632,211,ITF,ITF6,18,Calabria
2021-05-29,PUG,30194,14239,15955,20906,9288,ITF,ITF4,16,Puglia
2021-02-10,CAM,6904,3413,3491,6728,176,ITF,ITF3,15,Campania
2021-03-19,MOL,1184,482,702,757,427,ITF,ITF2,14,Molise
2021-05-02,PIE,25066,11266,13800,14321,10745,ITC,ITC1,1,Piemonte
2021-03-25,LOM,42703,15977,26726,30107,12596,ITC,ITC4,3,Lombardia
2021-04-02,PUG,12832,5992,6840,8309,4523,ITF,ITF4,16,Puglia
2021-05-28,CAL,20971,10196,10775,11520,9451,ITF,ITF6,18,Calabria
2021-01-21,MOL,6,2,4,6,0,ITF,ITF2,14,Molise
2021-04-08,CAM,28372,13734,14638,22532,5840,ITF,ITF3,15,Campania
2021-05-21,LOM,93693,45179,48514,29076,64617,ITC,ITC4,3,Lombardia
2021-01-23,MAR,557,190,367,123,434,ITI,ITI3,11,Marche
2021-02-20,PAT,407,245,162,123,284,ITH,ITH2,4,Provincia Autonoma Trento
2021-06-01,BAS,6136,2925,3211,3060,3076,ITF,ITF5,17,Basilicata
2021-06-04,CAM,74162,35611,38551,65148,9014,ITF,ITF3,15,Campania
2021-02-07,MOL,66,32,34,19,47,ITF,ITF2,14,Molise
2021-05-18,MOL,1645,877,768,990,655,ITF,ITF2,14,Molise
2021-05-19,PIE,33084,15267,17817,21999,11085,ITC,ITC1,1,Piemonte
2021-02-13,SIC,2976,1122,1854,2721,255,ITG,ITG1,19,Sicilia
2021-05-24,LOM,89362,43406,45956,49486,39876,ITC,ITC4,3,Lombardia
2021-03-22,MOL,1148,440,708,905,243,ITF,ITF2,14,Molise
2021-02-18,EMR,7038,2892,4146,6455,583,ITH,ITH5,8,Emilia-Romagna
2021-05-04,BAS,4137,1991,2146,3614,523,ITF,ITF5,17,Basilicata
2021-03-14,PIE,8205,3336,4869,5308,2897,ITC,ITC1,1,Piemonte
2021-04-09,SAR,12294,5466,6828,7942,4352,ITG,ITG2,20,Sardegna
2021-03-08,BAS,1458,711,747,845,613,ITF,ITF5,17,Basilicata
2021-05-10,PIE,28907,13946,14961,15807,13100,ITC,ITC1,1,Piemonte
2021-06-06,PAB,4528,2175,2353,854,3674,ITH,ITH1,4,Provincia Autonoma Bolzano / Bozen
2021-05-24,SIC,35660,17267,18393,15701,19959,ITG,ITG1,19,Sicilia
2021-01-30,PIE,5980,2136,3844,218,5762,ITC,ITC1,1,Piemonte
2021-02-26,PAB,1526,551,975,1496,30,ITH,ITH1,4,Provincia Autonoma Bolzano / Bozen
2021-03-05,PUG,17669,7153,10516,15365,2304,ITF,ITF4,16,Puglia
2021-02-11,LOM,17032,5000,12032,9694,7338,ITC,ITC4,3,Lombardia
2021-04-07,TOS,35803,15450,20353,28555,7248,ITI,ITI1,9,Toscana
2021-01-06,CAL,930,502,428,930,0,ITF,ITF6,18,Calabria
2021-02-26,PUG,13756,5049,8707,12722,1034,ITF,ITF4,16,Puglia
2020-12-31,PUG,1634,782,852,1634,0,ITF,ITF4,16,Puglia
2021-02-16,LIG,2425,956,1469,2004,421,ITC,ITC3,7,Liguria
2021-03-16,FVG,3154,1288,1866,1073,2081,ITH,ITH4,6,Friuli-Venezia Giulia
2021-05-12,FVG,10816,5007,5809,9416,1400,ITH,ITH4,6,Friuli-Venezia Giulia
2021-05-27,LIG,16824,8616,8208,12705,4119,ITC,ITC3,7,Liguria
2021-02-25,VEN,7899,3339,4560,7294,605,ITH,ITH3,5,Veneto
2021-03-09,PAT,1582,590,992,938,644,ITH,ITH2,4,Provincia Autonoma Trento
2021-03-23,UMB,3797,1685,2112,2168,1629,ITI,ITI2,10,Umbria
2021-05-04,ABR,10748,5049,5699,7132,3616,ITF,ITF1,13,Abruzzo
2021-05-17,LAZ,44081,20174,23907,35562,8519,ITI,ITI4,12,Lazio
2021-05-27,MAR,13730,6816,6914,9429,4301,ITI,ITI3,11,Marche
2021-06-07,EMR,40275,20681,19594,34066,6209,ITH,ITH5,8,Emilia-Romagna
2021-02-11,CAM,6279,2704,3575,6213,66,ITF,ITF3,15,Campania
2021-03-08,ABR,5145,1691,3454,4175,970,ITF,ITF1,13,Abruzzo
2021-03-31,MAR,7374,3086,4288,4350,3024,ITI,ITI3,11,Marche
2021-04-14,LIG,13068,5666,7402,10865,2203,ITC,ITC3,7,Liguria
2021-02-03,VDA,351,114,237,14,337,ITC,ITC2,2,Valle d'Aosta / Vallée d'Aoste
2021-04-09,VEN,31159,13741,17418,22821,8338,ITH,ITH3,5,Veneto
2021-04-16,CAL,10302,5011,5291,8646,1656,ITF,ITF6,18,Calabria
2021-06-01,PAB,3551,2312,1239,2080,1471,ITH,ITH1,4,Provincia Autonoma Bolzano / Bozen
2021-02-08,UMB,637,203,434,88,549,ITI,ITI2,10,Umbria
2021-04-11,SAR,5394,2443,2951,4274,1120,ITG,ITG2,20,Sardegna
2021-02-18,CAL,1828,831,997,1602,226,ITF,ITF6,18,Calabria
2021-04-01,VDA,776,394,382,764,12,ITC,ITC2,2,Valle d'Aosta / Vallée d'Aoste
2021-06-05,VEN,46631,24021,22610,38636,7995,ITH,ITH3,5,Veneto
2021-01-24,ABR,50,22,28,6,44,ITF,ITF1,13,Abruzzo
2021-02-06,LAZ,6137,2475,3662,817,5320,ITI,ITI4,12,Lazio
2021-03-16,PIE,10523,4269,6254,4463,6060,ITC,ITC1,1,Piemonte
2021-05-19,UMB,9408,4204,5204,5663,3745,ITI,ITI2,10,Umbria
2021-06-07,SAR,12555,6138,6417,9557,2998,ITG,ITG2,20,Sardegna
2021-06-15,PUG,39117,19215,19902,21356,17761,ITF,ITF4,16,Puglia
2021-06-08,PUG,38638,18789,19849,21074,17564,ITF,ITF4,16,Puglia
2021-05-12,PIE,31865,15181,16684,18979,12886,ITC,ITC1,1,Piemonte
2021-02-19,PAB,2252,512,1740,2241,11,ITH,ITH1,4,Provincia Autonoma Bolzano / Bozen
2021-05-29,LIG,6840,3237,3603,3972,2868,ITC,ITC3,7,Liguria
2021-05-31,LOM,95589,47379,48210,79425,16164,ITC,ITC4,3,Lombardia
2021-02-04,SAR,2271,816,1455,916,1355,ITG,ITG2,20,Sardegna
2021-03-01,ABR,3479,1386,2093,2727,752,ITF,ITF1,13,Abruzzo
2021-04-02,SAR,8991,3549,5442,5749,3242,ITG,ITG2,20,Sardegna
2021-02-06,UMB,396,138,258,34,362,ITI,ITI2,10,Umbria
2021-03-14,PAT,107,65,42,20,87,ITH,ITH2,4,Provincia Autonoma Trento
2021-05-17,SIC,31905,15376,16529,19228,12677,ITG,ITG1,19,Sicilia
2021-06-12,TOS,29301,15107,14194,24966,4335,ITI,ITI1,9,Toscana
2021-03-21,SIC,15218,7341,7877,11248,3970,ITG,ITG1,19,Sicilia
2021-04-16,TOS,28954,12888,16066,22046,6908,ITI,ITI1,9,Toscana
2021-03-26,LOM,41239,15676,25563,28138,13101,ITC,ITC4,3,Lombardia
2021-01-04,CAL,1064,526,538,1064,0,ITF,ITF6,18,Calabria
2021-02-06,SIC,4689,2090,2599,1464,3225,ITG,ITG1,19,Sicilia
2021-05-22,LOM,70543,33821,36722,32414,38129,ITC,ITC4,3,Lombardia
2021-02-11,LAZ,6999,3013,3986,6467,532,ITI,ITI4,12,Lazio
2021-05-20,MOL,2660,1370,1290,2474,186,ITF,ITF2,14,Molise
2021-02-09,LIG,1936,689,1247,256,1680,ITC,ITC3,7,Liguria
2021-04-11,LAZ,19154,8469,10685,13273,5881,ITI,ITI4,12,Lazio
2021-04-16,CAM,34314,16558,17756,23649,10665,ITF,ITF3,15,Campania
2021-05-19,FVG,11898,5836,6062,9559,2339,ITH,ITH4,6,Friuli-Venezia Giulia
2021-06-09,BAS,4423,2072,2351,3999,424,ITF,ITF5,17,Basilicata
2021-06-13,PUG,21159,10583,10576,16056,5103,ITF,ITF4,16,Puglia
2021-04-23,CAL,12992,6372,6620,9449,3543,ITF,ITF6,18,Calabria
2021-01-06,CAM,7652,3749,3903,7652,0,ITF,ITF3,15,Campania
2021-02-13,LAZ,6609,2626,3983,6194,415,ITI,ITI4,12,Lazio
2021-04-13,BAS,2114,1052,1062,1296,818,ITF,ITF5,17,Basilicata
2021-05-29,LOM,88120,42328,45792,42103,46017,ITC,ITC4,3,Lombardia
2021-02-18,LOM,14027,4916,9111,13012,1015,ITC,ITC4,3,Lombardia
2021-03-07,PAT,22,6,16,22,0,ITH,ITH2,4,Provincia Autonoma Trento
2021-03-01,BAS,548,284,264,382,166,ITF,ITF5,17,Basilicata
2021-03-29,MAR,5860,2567,3293,3435,2425,ITI,ITI3,11,Marche
2021-01-09,PAT,190,40,150,190,0,ITH,ITH2,4,Provincia Autonoma Trento
2021-01-13,CAL,2040,1027,1013,2040,0,ITF,ITF6,18,Calabria
2021-02-24,VDA,183,82,101,164,19,ITC,ITC2,2,Valle d'Aosta / Vallée d'Aoste
2021-05-31,EMR,29672,13710,15962,18244,11428,ITH,ITH5,8,Emilia-Romagna
2021-03-14,FVG,1397,549,848,1145,252,ITH,ITH4,6,Friuli-Venezia Giulia
2021-02-04,SIC,6693,3044,3649,1452,5241,ITG,ITG1,19,Sicilia
2021-02-20,EMR,5318,2094,3224,5055,263,ITH,ITH5,8,Emilia-Romagna
2021-03-02,TOS,10598,3798,6800,7154,3444,ITI,ITI1,9,Toscana
2021-06-12,VEN,47478,23933,23545,36970,10508,ITH,ITH3,5,Veneto
2021-04-04,SAR,1,0,1,0,1,ITG,ITG2,20,Sardegna
2021-04-11,CAM,17523,8606,8917,15441,2082,ITF,ITF3,15,Campania
2021-05-24,FVG,11348,5492,5856,7737,3611,ITH,ITH4,6,Friuli-Venezia Giulia
2021-06-04,BAS,4830,2287,2543,3784,1046,ITF,ITF5,17,Basilicata
2021-02-22,ABR,2642,1173,1469,2612,30,ITF,ITF1,13,Abruzzo
2021-06-02,UMB,3941,1894,2047,3901,40,ITI,ITI2,10,Umbria
2021-02-13,FVG,566,179,387,560,6,ITH,ITH4,6,Friuli-Venezia Giulia
2021-02-18,LAZ,10017,4975,5042,9208,809,ITI,ITI4,12,Lazio
2021-02-21,PUG,2176,474,1702,2114,62,ITF,ITF4,16,Puglia
2021-04-28,CAM,36436,17643,18793,26686,9750,ITF,ITF3,15,Campania
2021-01-18,CAM,957,399,558,713,244,ITF,ITF3,15,Campania
2021-06-01,PUG,34579,17275,17304,21836,12743,ITF,ITF4,16,Puglia
2021-02-24,BAS,1803,743,1060,1734,69,ITF,ITF5,17,Basilicata
2021-05-15,PUG,43347,18859,24488,23395,19952,ITF,ITF4,16,Puglia
2021-05-26,EMR,33171,14714,18457,10295,22876,ITH,ITH5,8,Emilia-Romagna
2021-04-26,LIG,10560,4987,5573,7924,2636,ITC,ITC3,7,Liguria
2021-05-12,LAZ,47481,21540,25941,30883,16598,ITI,ITI4,12,Lazio
2021-06-12,EMR,39855,21095,18760,35034,4821,ITH,ITH5,8,Emilia-Romagna
2021-06-12,PAT,5351,2687,2664,471,4880,ITH,ITH2,4,Provincia Autonoma Trento
2021-03-09,VEN,16538,7445,9093,10216,6322,ITH,ITH3,5,Veneto
2021-04-05,MAR,5688,2355,3333,4419,1269,ITI,ITI3,11,Marche
2021-02-05,ABR,1534,521,1013,788,746,ITF,ITF1,13,Abruzzo
2021-03-04,EMR,16452,5350,11102,13435,3017,ITH,ITH5,8,Emilia-Romagna
2021-02-19,MOL,169,93,76,167,2,ITF,ITF2,14,Molise
2021-01-16,LIG,1278,557,721,1278,0,ITC,ITC3,7,Liguria
2021-05-16,ABR,9578,4138,5440,5764,3814,ITF,ITF1,13,Abruzzo
2021-05-31,VEN,31549,16186,15363,21664,9885,ITH,ITH3,5,Veneto
2021-02-01,LAZ,5675,2177,3498,354,5321,ITI,ITI4,12,Lazio
2021-03-02,FVG,4219,1519,2700,2720,1499,ITH,ITH4,6,Friuli-Venezia Giulia
2021-03-21,PAT,129,69,60,129,0,ITH,ITH2,4,Provincia Autonoma Trento
2021-06-03,PUG,49926,24196,25730,30936,18990,ITF,ITF4,16,Puglia
2021-06-04,ABR,15588,7366,8222,10900,4688,ITF,ITF1,13,Abruzzo
2021-02-22,BAS,1790,773,1017,1737,53,ITF,ITF5,17,Basilicata
2021-02-20,UMB,282,100,182,258,24,ITI,ITI2,10,Umbria
2021-05-24,PIE,28968,13418,15550,17018,11950,ITC,ITC1,1,Piemonte
2021-02-02,LIG,2668,1005,1663,134,2534,ITC,ITC3,7,Liguria
2021-05-18,ABR,12117,5663,6454,7734,4383,ITF,ITF1,13,Abruzzo
2021-03-22,PAB,1144,523,621,1139,5,ITH,ITH1,4,Provincia Autonoma Bolzano / Bozen
2021-04-15,VDA,810,377,433,671,139,ITC,ITC2,2,Valle d'Aosta / Vallée d'Aoste
2021-05-24,EMR,29873,13681,16192,18418,11455,ITH,ITH5,8,Emilia-Romagna
2021-06-05,LOM,102031,52767,49264,92339,9692,ITC,ITC4,3,Lombardia
2021-02-13,EMR,3628,1085,2543,3030,598,ITH,ITH5,8,Emilia-Romagna
2021-02-24,ABR,3305,1441,1864,3129,176,ITF,ITF1,13,Abruzzo
2021-03-19,MAR,3835,1597,2238,339,3496,ITI,ITI3,11,Marche
2021-03-26,VEN,29567,13138,16429,24099,5468,ITH,ITH3,5,Veneto
2021-04-30,CAL,14934,7327,7607,10604,4330,ITF,ITF6,18,Calabria
2021-03-09,UMB,4089,2001,2088,2798,1291,ITI,ITI2,10,Umbria
2021-03-10,MOL,1737,720,1017,1687,50,ITF,ITF2,14,Molise
2021-03-28,SAR,4643,1838,2805,4564,79,ITG,ITG2,20,Sardegna
2021-03-04,FVG,3447,1595,1852,2788,659,ITH,ITH4,6,Friuli-Venezia Giulia
2021-03-02,PIE,11202,4506,6696,10386,816,ITC,ITC1,1,Piemonte
2021-03-14,LOM,14872,5348,9524,11589,3283,ITC,ITC4,3,Lombardia
2021-01-04,SAR,592,217,375,592,0,ITG,ITG2,20,Sardegna
2021-06-01,MOL,2596,1321,1275,2488,108,ITF,ITF2,14,Molise
2021-04-28,LIG,14443,6519,7924,6459,7984,ITC,ITC3,7,Liguria
2021-03-10,PUG,14723,6542,8181,11602,3121,ITF,ITF4,16,Puglia
2021-06-12,FVG,7880,4531,3349,6771,1109,ITH,ITH4,6,Friuli-Venezia Giulia
2021-02-04,LIG,2817,986,1831,179,2638,ITC,ITC3,7,Liguria
2021-04-02,TOS,31967,13556,18411,23942,8025,ITI,ITI1,9,Toscana
2021-05-24,PAT,4381,2011,2370,1358,3023,ITH,ITH2,4,Provincia Autonoma Trento
2021-03-17,MAR,3428,1494,1934,107,3321,ITI,ITI3,11,Marche
2021-03-28,VEN,31240,13580,17660,27621,3619,ITH,ITH3,5,Veneto
2021-05-15,LIG,7254,3236,4018,4300,2954,ITC,ITC3,7,Liguria
2021-05-31,SIC,37853,17020,20833,21571,16282,ITG,ITG1,19,Sicilia
2021-01-13,LAZ,5693,2151,3542,5693,0,ITI,ITI4,12,Lazio
2021-02-21,LIG,869,491,378,865,4,ITC,ITC3,7,Liguria
2021-02-23,LOM,11805,4799,7006,11479,326,ITC,ITC4,3,Lombardia
2021-03-02,PAT,1304,440,864,928,376,ITH,ITH2,4,Provincia Autonoma Trento
2021-03-21,FVG,2671,999,1672,2262,409,ITH,ITH4,6,Friuli-Venezia Giulia
2021-01-18,CAL,1274,574,700,1047,227,ITF,ITF6,18,Calabria
2021-04-23,LAZ,37677,18090,19587,22408,15269,ITI,ITI4,12,Lazio
2021-06-10,PAT,6089,2965,3124,1898,4191,ITH,ITH2,4,Provincia Autonoma Trento
2021-03-29,PUG,13416,6486,6930,6680,6736,ITF,ITF4,16,Puglia
2021-06-12,PIE,41211,21687,19524,38647,2564,ITC,ITC1,1,Piemonte
2021-03-05,PAB,1839,625,1214,1397,442,ITH,ITH1,4,Provincia Autonoma Bolzano / Bozen
2021-05-17,CAM,49281,21651,27630,24089,25192,ITF,ITF3,15,Campania
2021-01-09,TOS,4485,1596,2889,4485,0,ITI,ITI1,9,Toscana
2021-02-06,CAM,5340,2665,2675,2102,3238,ITF,ITF3,15,Campania
2021-04-13,VDA,373,171,202,329,44,ITC,ITC2,2,Valle d'Aosta / Vallée d'Aoste
2021-02-28,MAR,2836,1251,1585,2830,6,ITI,ITI3,11,Marche
2021-04-11,CAL,4168,1896,2272,2227,1941,ITF,ITF6,18,Calabria
2021-04-14,VEN,15893,6888,9005,9268,6625,ITH,ITH3,5,Veneto
2021-05-27,PAB,6085,3200,2885,4075,2010,ITH,ITH1,4,Provincia Autonoma Bolzano / Bozen
2021-05-31,UMB,5802,2837,2965,4919,883,ITI,ITI2,10,Umbria
2021-03-12,PUG,14262,6421,7841,10334,3928,ITF,ITF4,16,Puglia
2021-04-16,SAR,14441,6488,7953,9098,5343,ITG,ITG2,20,Sardegna
2021-01-04,VEN,6735,2033,4702,6735,0,ITH,ITH3,5,Veneto
2021-03-27,VDA,333,164,169,302,31,ITC,ITC2,2,Valle d'Aosta / Vallée d'Aoste
2021-06-08,MAR,13914,7013,6901,11303,2611,ITI,ITI3,11,Marche
2021-05-14,UMB,5268,2450,2818,3457,1811,ITI,ITI2,10,Umbria
2021-06-13,PAB,3616,2016,1600,427,3189,ITH,ITH1,4,Provincia Autonoma Bolzano / Bozen
2021-05-25,PAB,3835,1988,1847,2950,885,ITH,ITH1,4,Provincia Autonoma Bolzano / Bozen
2021-01-23,SAR,60,22,38,0,60,ITG,ITG2,20,Sardegna
2021-05-13,MOL,3038,1410,1628,2581,457,ITF,ITF2,14,Molise
2021-02-14,PAB,297,130,167,297,0,ITH,ITH1,4,Provincia Autonoma Bolzano / Bozen
2021-02-18,SIC,5276,3100,2176,4847,429,ITG,ITG1,19,Sicilia
2021-04-30,CAM,42271,20162,22109,25819,16452,ITF,ITF3,15,Campania
2021-05-08,PAB,4428,2382,2046,3764,664,ITH,ITH1,4,Provincia Autonoma Bolzano / Bozen
2021-01-12,PUG,4211,1771,2440,4211,0,ITF,ITF4,16,Puglia
2021-02-16,LOM,9505,3073,6432,9057,448,ITC,ITC4,3,Lombardia
2021-03-02,CAM,12761,4558,8203,8416,4345,ITF,ITF3,15,Campania
2021-05-20,PAB,4720,2332,2388,3252,1468,ITH,ITH1,4,Provincia Autonoma Bolzano / Bozen
2021-01-11,CAL,2161,1045,1116,2161,0,ITF,ITF6,18,Calabria
2020-12-27,ABR,37,19,18,37,0,ITF,ITF1,13,Abruzzo
2021-01-25,CAL,1073,515,558,147,926,ITF,ITF6,18,Calabria
2021-06-10,LOM,101173,51505,49668,87107,14066,ITC,ITC4,3,Lombardia
2021-01-15,BAS,813,350,463,813,0,ITF,ITF5,17,Basilicata
2021-02-11,LIG,1979,767,1212,1103,876,ITC,ITC3,7,Liguria
2021-03-02,LOM,22802,9697,13105,19769,3033,ITC,ITC4,3,Lombardia
2021-05-05,CAL,13600,6509,7091,8494,5106,ITF,ITF6,18,Calabria
2021-03-23,SAR,6411,2877,3534,5333,1078,ITG,ITG2,20,Sardegna
2021-05-22,LIG,6556,3198,3358,4948,1608,ITC,ITC3,7,Liguria
2021-06-07,SIC,49479,23333,26146,41601,7878,ITG,ITG1,19,Sicilia
2021-01-16,TOS,3271,1046,2225,3271,0,ITI,ITI1,9,Toscana
2021-03-20,ABR,4789,2198,2591,2618,2171,ITF,ITF1,13,Abruzzo
2021-04-16,EMR,29212,13756,15456,20375,8837,ITH,ITH5,8,Emilia-Romagna
2021-01-06,EMR,8287,2955,5332,8287,0,ITH,ITH5,8,Emilia-Romagna
2021-04-26,TOS,10151,4943,5208,7598,2553,ITI,ITI1,9,Toscana
2021-04-03,VDA,676,341,335,661,15,ITC,ITC2,2,Valle d'Aosta / Vallée d'Aoste
2021-04-04,VEN,7775,3530,4245,6624,1151,ITH,ITH3,5,Veneto
2021-02-13,UMB,115,28,87,112,3,ITI,ITI2,10,Umbria
2021-03-20,VDA,208,86,122,172,36,ITC,ITC2,2,Valle d'Aosta / Vallée d'Aoste
2021-03-30,LAZ,26578,12782,13796,19429,7149,ITI,ITI4,12,Lazio
2021-01-02,TOS,3497,1096,2401,3497,0,ITI,ITI1,9,Toscana
2021-04-30,EMR,36581,16780,19801,21789,14792,ITH,ITH5,8,Emilia-Romagna
2021-05-24,UMB,9045,4507,4538,8169,876,ITI,ITI2,10,Umbria
2021-04-18,UMB,1530,680,850,600,930,ITI,ITI2,10,Umbria
2021-01-11,UMB,1315,346,969,1315,0,ITI,ITI2,10,Umbria
2021-03-28,EMR,13499,6024,7475,9635,3864,ITH,ITH5,8,Emilia-Romagna
2021-04-07,PUG,15531,6977,8554,8858,6673,ITF,ITF4,16,Puglia
2020-12-27,BAS,106,41,65,106,0,ITF,ITF5,17,Basilicata
2021-01-26,MOL,450,184,266,8,442,ITF,ITF2,14,Molise
2021-02-04,FVG,2725,808,1917,35,2690,ITH,ITH4,6,Friuli-Venezia Giulia
2021-05-15,MAR,13965,6375,7590,8076,5889,ITI,ITI3,11,Marche
2021-05-05,UMB,7196,3291,3905,3896,3300,ITI,ITI2,10,Umbria
2021-05-06,MOL,2679,1214,1465,2081,598,ITF,ITF2,14,Molise
2021-06-11,VDA,1047,483,564,764,283,ITC,ITC2,2,Valle d'Aosta / Vallée d'Aoste
2021-04-18,LAZ,23808,10577,13231,16158,7650,ITI,ITI4,12,Lazio
2021-03-20,BAS,1292,571,721,279,1013,ITF,ITF5,17,Basilicata
2021-01-25,SIC,7406,3672,3734,299,7107,ITG,ITG1,19,Sicilia
2021-06-10,LIG,18074,9347,8727,12521,5553,ITC,ITC3,7,Liguria
2021-02-19,MAR,1961,712,1249,1826,135,ITI,ITI3,11,Marche
2021-04-30,FVG,7325,3232,4093,3694,3631,ITH,ITH4,6,Friuli-Venezia Giulia
2021-06-13,ABR,9695,4861,4834,7860,1835,ITF,ITF1,13,Abruzzo
2021-01-25,UMB,648,323,325,5,643,ITI,ITI2,10,Umbria
2021-05-05,SIC,26233,12180,14053,16670,9563,ITG,ITG1,19,Sicilia
2021-03-19,LIG,5296,2234,3062,2150,3146,ITC,ITC3,7,Liguria
2021-05-19,SIC,42616,20610,22006,28316,14300,ITG,ITG1,19,Sicilia
2021-02-04,PIE,10205,3341,6864,588,9617,ITC,ITC1,1,Piemonte
2021-03-02,LIG,4074,1689,2385,3764,310,ITC,ITC3,7,Liguria
2021-03-26,PAT,3204,1247,1957,2594,610,ITH,ITH2,4,Provincia Autonoma Trento
2021-01-11,CAM,4070,1871,2199,4070,0,ITF,ITF3,15,Campania
2021-03-31,PAB,1832,694,1138,821,1011,ITH,ITH1,4,Provincia Autonoma Bolzano / Bozen
2020-12-28,LOM,107,47,60,107,0,ITC,ITC4,3,Lombardia
2021-03-02,CAL,4366,2490,1876,3611,755,ITF,ITF6,18,Calabria
2021-05-24,VEN,33003,16395,16608,8010,24993,ITH,ITH3,5,Veneto
2021-03-16,CAL,3847,1888,1959,2187,1660,ITF,ITF6,18,Calabria
2021-03-06,BAS,1356,536,820,759,597,ITF,ITF5,17,Basilicata
2021-04-02,LIG,11770,5209,6561,9284,2486,ITC,ITC3,7,Liguria
2021-05-12,SAR,10829,5083,5746,7751,3078,ITG,ITG2,20,Sardegna
2021-04-21,LOM,71717,32519,39198,57108,14609,ITC,ITC4,3,Lombardia
2021-05-23,VDA,999,465,534,658,341,ITC,ITC2,2,Valle d'Aosta / Vallée d'Aoste
2021-01-11,LOM,16146,5349,10797,16146,0,ITC,ITC4,3,Lombardia
2021-02-25,EMR,9250,3499,5751,8296,954,ITH,ITH5,8,Emilia-Romagna
2021-03-07,TOS,5647,2357,3290,2104,3543,ITI,ITI1,9,Toscana
2021-01-28,LOM,12186,3690,8496,766,11420,ITC,ITC4,3,Lombardia
2021-01-29,VDA,318,138,180,2,316,ITC,ITC2,2,Valle d'Aosta / Vallée d'Aoste
2021-04-30,PIE,31800,14300,17500,18465,13335,ITC,ITC1,1,Piemonte
2021-05-19,LAZ,46865,21529,25336,36803,10062,ITI,ITI4,12,Lazio
2021-04-04,UMB,59,20,39,23,36,ITI,ITI2,10,Umbria
2021-01-29,ABR,1387,449,938,74,1313,ITF,ITF1,13,Abruzzo
2021-03-11,EMR,17454,7304,10150,11604,5850,ITH,ITH5,8,Emilia-Romagna
2021-04-22,VDA,1067,449,618,684,383,ITC,ITC2,2,Valle d'Aosta / Vallée d'Aoste
2021-06-07,UMB,6905,3395,3510,6217,688,ITI,ITI2,10,Umbria
2021-05-09,VDA,574,287,287,444,130,ITC,ITC2,2,Valle d'Aosta / Vallée d'Aoste
2021-01-04,LAZ,7484,2909,4575,7484,0,ITI,ITI4,12,Lazio
2021-02-06,EMR,7602,2407,5195,2131,5471,ITH,ITH5,8,Emilia-Romagna
2021-03-16,UMB,3538,1454,2084,1911,1627,ITI,ITI2,10,Umbria
2021-03-17,MOL,908,385,523,576,332,ITF,ITF2,14,Molise
2021-05-27,PUG,40401,19058,21343,23232,17169,ITF,ITF4,16,Puglia
2021-06-07,LAZ,61588,28641,32947,32869,28719,ITI,ITI4,12,Lazio
2021-02-27,UMB,1658,354,1304,1642,16,ITI,ITI2,10,Umbria
2021-04-21,LIG,14240,6430,7810,8918,5322,ITC,ITC3,7,Liguria
2020-12-28,SAR,65,25,40,65,0,ITG,ITG2,20,Sardegna
2020-12-31,MAR,387,181,206,387,0,ITI,ITI3,11,Marche
2021-02-11,CAL,2329,1041,1288,1082,1247,ITF,ITF6,18,Calabria
2021-05-09,BAS,4685,2340,2345,2990,1695,ITF,ITF5,17,Basilicata
2021-06-08,MOL,2885,1593,1292,2189,696,ITF,ITF2,14,Molise
2021-03-16,SIC,9559,4277,5282,3624,5935,ITG,ITG1,19,Sicilia
2021-01-05,PAB,830,286,544,830,0,ITH,ITH1,4,Provincia Autonoma Bolzano / Bozen
2021-02-04,PAT,976,304,672,422,554,ITH,ITH2,4,Provincia Autonoma Trento
2021-02-15,BAS,622,232,390,580,42,ITF,ITF5,17,Basilicata
2021-05-08,LIG,7532,3335,4197,2316,5216,ITC,ITC3,7,Liguria
2021-01-09,VEN,7927,2539,5388,7927,0,ITH,ITH3,5,Veneto
2021-01-29,BAS,615,230,385,63,552,ITF,ITF5,17,Basilicata
2021-04-16,LAZ,34418,15686,18732,22339,12079,ITI,ITI4,12,Lazio
2021-04-18,CAL,5845,2795,3050,4934,911,ITF,ITF6,18,Calabria
2021-04-08,BAS,764,348,416,754,10,ITF,ITF5,17,Basilicata
2021-01-27,VDA,151,71,80,79,72,ITC,ITC2,2,Valle d'Aosta / Vallée d'Aoste
2021-02-06,PAT,574,298,276,433,141,ITH,ITH2,4,Provincia Autonoma Trento
2021-03-26,TOS,20662,9379,11283,14896,5766,ITI,ITI1,9,Toscana
2021-04-20,VDA,933,430,503,739,194,ITC,ITC2,2,Valle d'Aosta / Vallée d'Aoste
2021-04-22,BAS,5036,2346,2690,3433,1603,ITF,ITF5,17,Basilicata
2021-01-23,LAZ,7213,2869,4344,584,6629,ITI,ITI4,12,Lazio
2021-03-30,EMR,23352,10341,13011,18312,5040,ITH,ITH5,8,Emilia-Romagna
2021-01-06,LAZ,5123,1961,3162,5123,0,ITI,ITI4,12,Lazio
2021-01-10,VDA,220,71,149,220,0,ITC,ITC2,2,Valle d'Aosta / Vallée d'Aoste
2021-02-23,PAT,1110,395,715,897,213,ITH,ITH2,4,Provincia Autonoma Trento
2021-03-09,TOS,11122,4560,6562,5570,5552,ITI,ITI1,9,Toscana
2021-03-24,MAR,7033,2984,4049,3365,3668,ITI,ITI3,11,Marche
2021-03-28,FVG,4932,2353,2579,4774,158,ITH,ITH4,6,Friuli-Venezia Giulia
2021-04-05,PUG,12710,6174,6536,12177,533,ITF,ITF4,16,Puglia
2020-12-27,VDA,20,9,11,20,0,ITC,ITC2,2,Valle d'Aosta / Vallée d'Aoste
2021-03-19,PUG,7960,3653,4307,3414,4546,ITF,ITF4,16,Puglia
2021-01-07,MOL,598,209,389,598,0,ITF,ITF2,14,Molise
2021-01-11,VEN,7239,2102,5137,7239,0,ITH,ITH3,5,Veneto
2021-06-01,MAR,12064,6158,5906,9969,2095,ITI,ITI3,11,Marche
2021-02-28,LIG,1058,580,478,1049,9,ITC,ITC3,7,Liguria
2021-05-07,UMB,10110,4696,5414,6907,3203,ITI,ITI2,10,Umbria
2021-01-18,FVG,1961,606,1355,1867,94,ITH,ITH4,6,Friuli-Venezia Giulia
2021-03-03,ABR,4623,1881,2742,3717,906,ITF,ITF1,13,Abruzzo
2021-03-10,MAR,5666,2400,3266,4529,1137,ITI,ITI3,11,Marche
2021-05-24,CAM,31308,15105,16203,16200,15108,ITF,ITF3,15,Campania
2021-01-04,FVG,1507,558,949,1507,0,ITH,ITH4,6,Friuli-Venezia Giulia
2021-04-09,TOS,24593,10578,14015,21183,3410,ITI,ITI1,9,Toscana
2021-05-17,PAT,4293,2122,2171,3942,351,ITH,ITH2,4,Provincia Autonoma Trento
2021-02-13,CAM,5508,2550,2958,5291,217,ITF,ITF3,15,Campania
2021-02-21,MAR,376,141,235,375,1,ITI,ITI3,11,Marche
2021-04-04,CAL,1761,886,875,1262,499,ITF,ITF6,18,Calabria
2021-04-21,VEN,32319,13177,19142,16256,16063,ITH,ITH3,5,Veneto
2021-02-07,PAB,2362,1058,1304,14,2348,ITH,ITH1,4,Provincia Autonoma Bolzano / Bozen
2021-02-12,MOL,332,150,182,208,124,ITF,ITF2,14,Molise
2021-02-25,SIC,9866,5155,4711,8703,1163,ITG,ITG1,19,Sicilia
2021-03-28,PIE,16060,6900,9160,8438,7622,ITC,ITC1,1,Piemonte
2021-04-23,SAR,12846,5736,7110,7384,5462,ITG,ITG2,20,Sardegna
2021-05-22,VEN,34732,16662,18070,13336,21396,ITH,ITH3,5,Veneto
2021-02-11,VEN,4012,1238,2774,3384,628,ITH,ITH3,5,Veneto
2021-04-08,ABR,7394,3336,4058,5065,2329,ITF,ITF1,13,Abruzzo
2021-06-05,SIC,59882,28478,31404,49308,10574,ITG,ITG1,19,Sicilia
2021-04-23,CAM,32304,15511,16793,23160,9144,ITF,ITF3,15,Campania
2021-05-10,SAR,9739,4340,5399,7201,2538,ITG,ITG2,20,Sardegna
2021-01-28,VEN,9209,2662,6547,173,9036,ITH,ITH3,5,Veneto
2021-04-22,ABR,6728,3248,3480,4999,1729,ITF,ITF1,13,Abruzzo
2021-01-30,SAR,3863,1392,2471,362,3501,ITG,ITG2,20,Sardegna
2021-03-14,SIC,8773,3927,4846,4937,3836,ITG,ITG1,19,Sicilia
2021-04-11,PIE,20824,9317,11507,18663,2161,ITC,ITC1,1,Piemonte
2021-05-18,PAB,3335,1750,1585,2150,1185,ITH,ITH1,4,Provincia Autonoma Bolzano / Bozen
2021-01-04,EMR,7315,2527,4788,7315,0,ITH,ITH5,8,Emilia-Romagna
2021-01-04,PIE,5564,1679,3885,5564,0,ITC,ITC1,1,Piemonte
2021-04-23,LOM,73401,33284,40117,56873,16528,ITC,ITC4,3,Lombardia
2021-04-28,PIE,26034,11737,14297,16001,10033,ITC,ITC1,1,Piemonte
2021-01-18,PIE,6166,2048,4118,5917,249,ITC,ITC1,1,Piemonte
2021-03-22,ABR,4341,1905,2436,2371,1970,ITF,ITF1,13,Abruzzo
2021-05-10,LOM,85225,40865,44360,63704,21521,ITC,ITC4,3,Lombardia
2021-02-11,SIC,5235,2060,3175,4774,461,ITG,ITG1,19,Sicilia
2021-01-30,LOM,12307,4563,7744,154,12153,ITC,ITC4,3,Lombardia
2021-02-06,FVG,1154,338,816,22,1132,ITH,ITH4,6,Friuli-Venezia Giulia
2021-02-17,BAS,1135,493,642,1059,76,ITF,ITF5,17,Basilicata
2021-02-25,LAZ,12652,5518,7134,11602,1050,ITI,ITI4,12,Lazio
2021-04-14,PAT,3115,1464,1651,2379,736,ITH,ITH2,4,Provincia Autonoma Trento
2021-02-04,TOS,4253,1594,2659,961,3292,ITI,ITI1,9,Toscana
2021-02-23,FVG,2643,1277,1366,2463,180,ITH,ITH4,6,Friuli-Venezia Giulia
2021-03-28,PAT,751,294,457,749,2,ITH,ITH2,4,Provincia Autonoma Trento
2021-06-07,CAL,17009,7905,9104,13797,3212,ITF,ITF6,18,Calabria
2021-01-19,MAR,228,83,145,142,86,ITI,ITI3,11,Marche
2021-05-28,BAS,3612,1807,1805,949,2663,ITF,ITF5,17,Basilicata
2021-06-05,LAZ,65620,32300,33320,43167,22453,ITI,ITI4,12,Lazio
2021-02-14,PUG,786,347,439,662,124,ITF,ITF4,16,Puglia
2021-05-15,TOS,29327,13841,15486,23561,5766,ITI,ITI1,9,Toscana
2021-05-19,EMR,33663,14937,18726,18514,15149,ITH,ITH5,8,Emilia-Romagna
2021-02-02,MAR,1191,397,794,72,1119,ITI,ITI3,11,Marche
2021-06-09,VDA,1027,535,492,991,36,ITC,ITC2,2,Valle d'Aosta / Vallée d'Aoste
2021-06-11,BAS,4225,1975,2250,3195,1030,ITF,ITF5,17,Basilicata
2021-05-25,PUG,34417,16014,18403,20968,13449,ITF,ITF4,16,Puglia
2021-01-04,PAT,870,227,643,870,0,ITH,ITH2,4,Provincia Autonoma Trento
2021-03-01,VDA,181,66,115,147,34,ITC,ITC2,2,Valle d'Aosta / Vallée d'Aoste
2021-03-15,MOL,832,338,494,587,245,ITF,ITF2,14,Molise
2021-04-28,TOS,19115,8181,10934,3831,15284,ITI,ITI1,9,Toscana
2021-05-13,MAR,12602,5695,6907,7102,5500,ITI,ITI3,11,Marche
2021-05-17,FVG,8779,4077,4702,6296,2483,ITH,ITH4,6,Friuli-Venezia Giulia
2021-03-02,VEN,11483,4622,6861,8176,3307,ITH,ITH3,5,Veneto
2021-03-09,FVG,4009,1722,2287,1262,2747,ITH,ITH4,6,Friuli-Venezia Giulia
2021-04-12,MAR,8568,3773,4795,8084,484,ITI,ITI3,11,Marche
2021-05-24,CAL,17693,8810,8883,10022,7671,ITF,ITF6,18,Calabria
2021-01-09,LIG,1335,481,854,1335,0,ITC,ITC3,7,Liguria
2021-02-15,VDA,264,136,128,229,35,ITC,ITC2,2,Valle d'Aosta / Vallée d'Aoste
2021-03-18,UMB,2942,1164,1778,1704,1238,ITI,ITI2,10,Umbria
2021-06-02,EMR,23920,11912,12008,19106,4814,ITH,ITH5,8,Emilia-Romagna
2021-04-19,LIG,12807,5613,7194,8999,3808,ITC,ITC3,7,Liguria
2021-05-01,PAB,2104,1067,1037,1944,160,ITH,ITH1,4,Provincia Autonoma Bolzano / Bozen
2021-05-07,CAL,16107,7591,8516,9729,6378,ITF,ITF6,18,Calabria
2021-05-08,PUG,54152,22922,31230,24457,29695,ITF,ITF4,16,Puglia
2021-01-26,MAR,2018,746,1272,91,1927,ITI,ITI3,11,Marche
2021-03-09,CAL,6340,3261,3079,5361,979,ITF,ITF6,18,Calabria
2021-05-17,VEN,26461,12968,13493,16441,10020,ITH,ITH3,5,Veneto
2021-03-26,LIG,9303,4008,5295,6149,3154,ITC,ITC3,7,Liguria
2021-03-28,LOM,20468,7804,12664,14306,6162,ITC,ITC4,3,Lombardia
2021-04-11,SIC,15336,7575,7761,8306,7030,ITG,ITG1,19,Sicilia
2021-05-22,TOS,26001,12651,13350,21724,4277,ITI,ITI1,9,Toscana
2021-02-06,VEN,4095,1354,2741,709,3386,ITH,ITH3,5,Veneto
2021-04-14,LOM,47140,21012,26128,34174,12966,ITC,ITC4,3,Lombardia
2021-02-20,CAL,1419,760,659,1101,318,ITF,ITF6,18,Calabria
2021-05-26,LAZ,47245,21636,25609,35302,11943,ITI,ITI4,12,Lazio
2021-01-02,LIG,691,245,446,691,0,ITC,ITC3,7,Liguria
2021-01-04,LOM,6094,2101,3993,6094,0,ITC,ITC4,3,Lombardia
2021-01-30,FVG,2276,745,1531,270,2006,ITH,ITH4,6,Friuli-Venezia Giulia
2021-03-04,LAZ,19399,8707,10692,14382,5017,ITI,ITI4,12,Lazio
2021-04-21,PAT,2894,1349,1545,2844,50,ITH,ITH2,4,Provincia Autonoma Trento
2021-05-05,TOS,30119,13442,16677,15647,14472,ITI,ITI1,9,Toscana
2021-06-12,LAZ,63581,28933,34648,34310,29271,ITI,ITI4,12,Lazio
2021-04-24,PAB,5104,2449,2655,4619,485,ITH,ITH1,4,Provincia Autonoma Bolzano / Bozen
2021-02-05,VDA,294,102,192,101,193,ITC,ITC2,2,Valle d'Aosta / Vallée d'Aoste
2021-02-07,PUG,1579,669,910,253,1326,ITF,ITF4,16,Puglia
2021-05-19,SAR,16392,8147,8245,12747,3645,ITG,ITG2,20,Sardegna
2021-01-21,PUG,2132,904,1228,1271,861,ITF,ITF4,16,Puglia
2021-01-22,ABR,118,57,61,118,0,ITF,ITF1,13,Abruzzo
2021-02-22,VDA,316,94,222,213,103,ITC,ITC2,2,Valle d'Aosta / Vallée d'Aoste
2021-03-28,CAM,15555,7504,8051,13930,1625,ITF,ITF3,15,Campania
2021-04-23,PIE,27446,12602,14844,20684,6762,ITC,ITC1,1,Piemonte
2021-02-28,TOS,1649,667,982,922,727,ITI,ITI1,9,Toscana
2021-05-01,PUG,27532,12614,14918,16887,10645,ITF,ITF4,16,Puglia
2021-06-05,SAR,17826,8413,9413,11377,6449,ITG,ITG2,20,Sardegna
2021-02-23,VEN,7378,3252,4126,7108,270,ITH,ITH3,5,Veneto
2021-04-19,MAR,9601,4497,5104,8020,1581,ITI,ITI3,11,Marche
2021-05-31,CAL,15272,7326,7946,7376,7896,ITF,ITF6,18,Calabria
2021-02-25,SAR,2899,1255,1644,2294,605,ITG,ITG2,20,Sardegna
2021-01-04,CAM,5825,2962,2863,5825,0,ITF,ITF3,15,Campania
2021-02-11,TOS,5383,2021,3362,5141,242,ITI,ITI1,9,Toscana
2021-05-16,VDA,688,341,347,347,341,ITC,ITC2,2,Valle d'Aosta / Vallée d'Aoste
2021-01-30,EMR,10078,3520,6558,141,9937,ITH,ITH5,8,Emilia-Romagna
2021-03-14,SAR,607,376,231,607,0,ITG,ITG2,20,Sardegna
2021-03-24,MOL,1631,658,973,1229,402,ITF,ITF2,14,Molise
2020-12-30,SIC,181,106,75,181,0,ITG,ITG1,19,Sicilia
2021-02-09,TOS,4488,1468,3020,3877,611,ITI,ITI1,9,Toscana
2021-04-05,PAB,301,144,157,23,278,ITH,ITH1,4,Provincia Autonoma Bolzano / Bozen
2021-06-14,LAZ,62054,29035,33019,32298,29756,ITI,ITI4,12,Lazio
2021-01-16,SIC,2461,1101,1360,2461,0,ITG,ITG1,19,Sicilia
2021-01-28,PAT,530,147,383,48,482,ITH,ITH2,4,Provincia Autonoma Trento
2021-01-11,PAT,730,221,509,730,0,ITH,ITH2,4,Provincia Autonoma Trento
2021-01-22,BAS,67,24,43,67,0,ITF,ITF5,17,Basilicata
2021-03-21,LAZ,18106,7045,11061,13055,5051,ITI,ITI4,12,Lazio
2021-04-09,SIC,20265,9874,10391,11190,9075,ITG,ITG1,19,Sicilia
2021-01-12,PAB,1709,459,1250,1709,0,ITH,ITH1,4,Provincia Autonoma Bolzano / Bozen
2021-03-23,SIC,20822,10005,10817,15308,5514,ITG,ITG1,19,Sicilia
2021-01-02,PUG,2949,1301,1648,2949,0,ITF,ITF4,16,Puglia
2021-01-03,ABR,471,185,286,471,0,ITF,ITF1,13,Abruzzo
2021-04-12,PUG,29133,13720,15413,26307,2826,ITF,ITF4,16,Puglia
2020-12-30,LAZ,1630,629,1001,1630,0,ITI,ITI4,12,Lazio
2021-02-16,PAT,663,244,419,658,5,ITH,ITH2,4,Provincia Autonoma Trento
2021-03-09,CAM,14124,6870,7254,10339,3785,ITF,ITF3,15,Campania
2021-05-02,BAS,4179,2000,2179,3551,628,ITF,ITF5,17,Basilicata
2021-04-15,BAS,3386,1659,1727,2632,754,ITF,ITF5,17,Basilicata
2021-01-17,MOL,78,38,40,48,30,ITF,ITF2,14,Molise
2021-06-15,LIG,16769,8184,8585,10460,6309,ITC,ITC3,7,Liguria
2021-02-14,MAR,738,301,437,738,0,ITI,ITI3,11,Marche
2021-04-28,VEN,32386,15166,17220,23367,9019,ITH,ITH3,5,Veneto
2021-04-23,EMR,29558,13810,15748,14677,14881,ITH,ITH5,8,Emilia-Romagna
2021-04-23,PAT,3606,1752,1854,3552,54,ITH,ITH2,4,Provincia Autonoma Trento
2021-01-30,PAT,386,132,254,152,234,ITH,ITH2,4,Provincia Autonoma Trento
2021-04-21,FVG,7749,3455,4294,4070,3679,ITH,ITH4,6,Friuli-Venezia Giulia
2020-12-28,SIC,211,126,85,211,0,ITG,ITG1,19,Sicilia
2021-01-13,EMR,9077,2941,6136,9077,0,ITH,ITH5,8,Emilia-Romagna
2021-03-27,ABR,6121,2620,3501,3635,2486,ITF,ITF1,13,Abruzzo
2021-04-09,LAZ,27527,12467,15060,19281,8246,ITI,ITI4,12,Lazio
2021-01-11,FVG,1882,608,1274,1882,0,ITH,ITH4,6,Friuli-Venezia Giulia
2021-03-23,LAZ,25096,11673,13423,18510,6586,ITI,ITI4,12,Lazio
2021-04-10,MOL,2638,1261,1377,2486,152,ITF,ITF2,14,Molise
2021-05-10,PAT,3208,1646,1562,2703,505,ITH,ITH2,4,Provincia Autonoma Trento
2021-03-07,LIG,1915,1138,777,1614,301,ITC,ITC3,7,Liguria
2021-05-31,CAM,40650,20593,20057,30382,10268,ITF,ITF3,15,Campania
2021-01-03,BAS,901,344,557,901,0,ITF,ITF5,17,Basilicata
2021-01-01,UMB,274,105,169,274,0,ITI,ITI2,10,Umbria
2021-02-05,MOL,593,269,324,55,538,ITF,ITF2,14,Molise
2021-04-11,UMB,3102,1503,1599,3053,49,ITI,ITI2,10,Umbria
2021-04-30,SAR,11133,5300,5833,6923,4210,ITG,ITG2,20,Sardegna
2021-01-18,VEN,2762,776,1986,2563,199,ITH,ITH3,5,Veneto
2021-01-05,ABR,1615,604,1011,1615,0,ITF,ITF1,13,Abruzzo
2021-03-11,CAL,7278,3429,3849,6015,1263,ITF,ITF6,18,Calabria
2021-04-04,EMR,9885,4718,5167,7616,2269,ITH,ITH5,8,Emilia-Romagna
2021-04-04,PIE,9254,4059,5195,6541,2713,ITC,ITC1,1,Piemonte
2021-06-04,VDA,908,383,525,474,434,ITC,ITC2,2,Valle d'Aosta / Vallée d'Aoste
2021-01-18,UMB,614,219,395,529,85,ITI,ITI2,10,Umbria
2021-01-19,MOL,173,63,110,162,11,ITF,ITF2,14,Molise
2021-04-21,PIE,25753,11839,13914,20413,5340,ITC,ITC1,1,Piemonte
2021-05-17,SAR,12126,5694,6432,9236,2890,ITG,ITG2,20,Sardegna
2021-02-04,VEN,7386,2025,5361,553,6833,ITH,ITH3,5,Veneto
2021-04-15,ABR,7820,3680,4140,5980,1840,ITF,ITF1,13,Abruzzo
2021-04-16,LOM,53623,23905,29718,39285,14338,ITC,ITC4,3,Lombardia
2021-05-08,MAR,12269,5476,6793,5022,7247,ITI,ITI3,11,Marche
2021-03-13,VDA,147,88,59,147,0,ITC,ITC2,2,Valle d'Aosta / Vallée d'Aoste
2021-03-28,TOS,6212,2808,3404,5958,254,ITI,ITI1,9,Toscana
2021-05-29,PAT,2232,1164,1068,840,1392,ITH,ITH2,4,Provincia Autonoma Trento
2021-02-11,FVG,1930,664,1266,1738,192,ITH,ITH4,6,Friuli-Venezia Giulia
2021-03-02,LAZ,17192,7609,9583,13258,3934,ITI,ITI4,12,Lazio
2021-03-12,MAR,4640,1972,2668,3402,1238,ITI,ITI3,11,Marche
2021-01-30,TOS,4622,1622,3000,198,4424,ITI,ITI1,9,Toscana
2021-04-02,PAT,2819,1152,1667,2144,675,ITH,ITH2,4,Provincia Autonoma Trento
2021-01-14,MAR,2010,692,1318,2010,0,ITI,ITI3,11,Marche
2021-04-09,FVG,7891,3646,4245,6647,1244,ITH,ITH4,6,Friuli-Venezia Giulia
2021-05-23,BAS,4517,2302,2215,1533,2984,ITF,ITF5,17,Basilicata
2021-04-16,PAT,2838,1344,1494,2693,145,ITH,ITH2,4,Provincia Autonoma Trento
2021-05-10,TOS,26184,12383,13801,15566,10618,ITI,ITI1,9,Toscana
2021-01-18,LAZ,6267,2557,3710,5289,978,ITI,ITI4,12,Lazio
2021-04-25,UMB,4364,1685,2679,4282,82,ITI,ITI2,10,Umbria
2021-01-15,VDA,218,82,136,218,0,ITC,ITC2,2,Valle d'Aosta / Vallée d'Aoste
2021-02-18,PAT,1208,426,782,1146,62,ITH,ITH2,4,Provincia Autonoma Trento
2021-03-14,TOS,7174,2569,4605,3239,3935,ITI,ITI1,9,Toscana
2021-03-31,PUG,14463,6745,7718,8905,5558,ITF,ITF4,16,Puglia
2021-04-28,LAZ,32908,15020,17888,21349,11559,ITI,ITI4,12,Lazio
2021-03-07,VEN,4485,1766,2719,3925,560,ITH,ITH3,5,Veneto
2021-04-29,PAB,2630,1351,1279,1936,694,ITH,ITH1,4,Provincia Autonoma Bolzano / Bozen
2021-05-19,CAL,18350,9085,9265,11361,6989,ITF,ITF6,18,Calabria
2021-01-14,LIG,2981,1055,1926,2981,0,ITC,ITC3,7,Liguria
2021-02-02,PUG,4345,1847,2498,592,3753,ITF,ITF4,16,Puglia
2021-05-12,CAM,40865,19939,20926,31715,9150,ITF,ITF3,15,Campania
2021-01-19,PAB,853,371,482,723,130,ITH,ITH1,4,Provincia Autonoma Bolzano / Bozen
2021-03-03,MOL,672,316,356,590,82,ITF,ITF2,14,Molise
2021-03-23,CAL,5264,2463,2801,3454,1810,ITF,ITF6,18,Calabria
2021-05-03,VEN,40636,19781,20855,34203,6433,ITH,ITH3,5,Veneto
2021-05-13,PUG,38507,17168,21339,21402,17105,ITF,ITF4,16,Puglia
2021-01-05,MOL,449,180,269,449,0,ITF,ITF2,14,Molise
2020-12-30,FVG,626,244,382,626,0,ITH,ITH4,6,Friuli-Venezia Giulia
2021-03-17,PUG,10343,4700,5643,4170,6173,ITF,ITF4,16,Puglia
2021-03-27,BAS,2242,858,1384,1819,423,ITF,ITF5,17,Basilicata
2021-04-21,SAR,12074,5557,6517,6541,5533,ITG,ITG2,20,Sardegna
2021-04-24,MAR,12022,5303,6719,7558,4464,ITI,ITI3,11,Marche
2021-06-05,FVG,10287,5316,4971,8739,1548,ITH,ITH4,6,Friuli-Venezia Giulia
2021-01-11,SAR,1183,505,678,1183,0,ITG,ITG2,20,Sardegna
2021-02-25,FVG,3164,1651,1513,3135,29,ITH,ITH4,6,Friuli-Venezia Giulia
2021-02-26,MAR,3628,1498,2130,3152,476,ITI,ITI3,11,Marche
2021-03-12,LIG,6211,2869,3342,3742,2469,ITC,ITC3,7,Liguria
2021-03-27,LAZ,26135,10497,15638,19663,6472,ITI,ITI4,12,Lazio
2021-02-09,PAB,317,126,191,1,316,ITH,ITH1,4,Provincia Autonoma Bolzano / Bozen
2021-03-31,VDA,555,302,253,529,26,ITC,ITC2,2,Valle d'Aosta / Vallée d'Aoste
2021-04-17,ABR,7346,3398,3948,4293,3053,ITF,ITF1,13,Abruzzo
2021-05-19,LIG,13570,5962,7608,10451,3119,ITC,ITC3,7,Liguria
2021-01-25,SAR,589,213,376,22,567,ITG,ITG2,20,Sardegna
2021-02-19,ABR,3300,1551,1749,3200,100,ITF,ITF1,13,Abruzzo
2021-03-23,LIG,9248,4208,5040,6039,3209,ITC,ITC3,7,Liguria
2021-05-23,LAZ,47059,22819,24240,39696,7363,ITI,ITI4,12,Lazio
2021-05-27,VDA,1089,497,592,586,503,ITC,ITC2,2,Valle d'Aosta / Vallée d'Aoste
2021-05-13,VDA,1139,556,583,540,599,ITC,ITC2,2,Valle d'Aosta / Vallée d'Aoste
2021-05-12,MAR,10424,4686,5738,4922,5502,ITI,ITI3,11,Marche
2021-05-28,VEN,46495,22777,23718,24806,21689,ITH,ITH3,5,Veneto
2021-01-07,BAS,640,319,321,640,0,ITF,ITF5,17,Basilicata
2021-01-06,PAT,42,13,29,42,0,ITH,ITH2,4,Provincia Autonoma Trento
2021-01-18,LOM,9147,2969,6178,8172,975,ITC,ITC4,3,Lombardia
2021-02-02,VDA,272,70,202,2,270,ITC,ITC2,2,Valle d'Aosta / Vallée d'Aoste
2021-05-09,LAZ,37534,17255,20279,26263,11271,ITI,ITI4,12,Lazio
2021-05-16,SAR,8186,3818,4368,6026,2160,ITG,ITG2,20,Sardegna
2021-01-13,PIE,10084,3226,6858,10084,0,ITC,ITC1,1,Piemonte
2021-05-10,MOL,2889,1285,1604,2516,373,ITF,ITF2,14,Molise
2021-03-23,LOM,42560,15461,27099,29702,12858,ITC,ITC4,3,Lombardia
2021-05-03,MOL,2484,1164,1320,2321,163,ITF,ITF2,14,Molise
2021-05-16,SIC,33131,16134,16997,21809,11322,ITG,ITG1,19,Sicilia
2021-02-15,CAL,1143,541,602,993,150,ITF,ITF6,18,Calabria
2021-03-06,UMB,4316,1153,3163,4173,143,ITI,ITI2,10,Umbria
2021-03-25,EMR,21467,9412,12055,14480,6987,ITH,ITH5,8,Emilia-Romagna
2021-02-19,BAS,1623,738,885,1561,62,ITF,ITF5,17,Basilicata
2021-05-21,EMR,39145,17505,21640,22203,16942,ITH,ITH5,8,Emilia-Romagna
2021-01-22,UMB,276,105,171,32,244,ITI,ITI2,10,Umbria
2021-05-02,SIC,24633,11435,13198,18033,6600,ITG,ITG1,19,Sicilia
2021-02-10,EMR,4022,1385,2637,2766,1256,ITH,ITH5,8,Emilia-Romagna
2021-01-07,ABR,1603,552,1051,1603,0,ITF,ITF1,13,Abruzzo
2021-05-02,UMB,3787,1868,1919,1333,2454,ITI,ITI2,10,Umbria
2021-04-08,EMR,31204,14330,16874,25902,5302,ITH,ITH5,8,Emilia-Romagna
2021-03-20,SIC,18574,8967,9607,13437,5137,ITG,ITG1,19,Sicilia
2021-02-08,CAM,5113,2449,2664,4310,803,ITF,ITF3,15,Campania
2021-03-20,UMB,2308,842,1466,2283,25,ITI,ITI2,10,Umbria
2021-02-06,TOS,4527,1550,2977,1294,3233,ITI,ITI1,9,Toscana
2021-02-02,PAB,1745,506,1239,8,1737,ITH,ITH1,4,Provincia Autonoma Bolzano / Bozen
2021-05-16,LAZ,50902,24511,26391,37425,13477,ITI,ITI4,12,Lazio
2021-02-01,LIG,2557,922,1635,90,2467,ITC,ITC3,7,Liguria
2021-05-20,VDA,807,363,444,367,440,ITC,ITC2,2,Valle d'Aosta / Vallée d'Aoste
2021-04-27,FVG,8089,3711,4378,3623,4466,ITH,ITH4,6,Friuli-Venezia Giulia
2021-05-12,LIG,12016,5443,6573,6676,5340,ITC,ITC3,7,Liguria
2021-01-06,PIE,3116,1111,2005,3116,0,ITC,ITC1,1,Piemonte
2021-05-26,LIG,16639,8402,8237,12268,4371,ITC,ITC3,7,Liguria
2021-03-24,VDA,515,230,285,258,257,ITC,ITC2,2,Valle d'Aosta / Vallée d'Aoste
2021-03-30,LIG,12188,5417,6771,8800,3388,ITC,ITC3,7,Liguria
2021-05-17,MOL,2228,1092,1136,1732,496,ITF,ITF2,14,Molise
2021-03-21,MOL,1246,542,704,479,767,ITF,ITF2,14,Molise
2021-05-21,VEN,44694,21979,22715,20947,23747,ITH,ITH3,5,Veneto
2021-01-25,LOM,7011,2367,4644,473,6538,ITC,ITC4,3,Lombardia
2021-05-06,VDA,1063,509,554,679,384,ITC,ITC2,2,Valle d'Aosta / Vallée d'Aoste
2021-05-31,PUG,37544,18062,19482,23503,14041,ITF,ITF4,16,Puglia
2021-04-15,CAL,7690,3764,3926,5997,1693,ITF,ITF6,18,Calabria
2021-05-03,MAR,10198,4606,5592,4790,5408,ITI,ITI3,11,Marche
2021-02-27,FVG,3530,1200,2330,3529,1,ITH,ITH4,6,Friuli-Venezia Giulia
2021-02-28,ABR,1702,508,1194,1700,2,ITF,ITF1,13,Abruzzo
2021-05-07,SIC,36517,17251,19266,24934,11583,ITG,ITG1,19,Sicilia
2021-06-02,TOS,27569,13608,13961,22064,5505,ITI,ITI1,9,Toscana
2021-01-02,ABR,549,219,330,549,0,ITF,ITF1,13,Abruzzo
2021-03-11,SIC,15328,6610,8718,12958,2370,ITG,ITG1,19,Sicilia
2021-04-06,TOS,22214,9815,12399,18500,3714,ITI,ITI1,9,Toscana
2021-04-25,FVG,2365,990,1375,2354,11,ITH,ITH4,6,Friuli-Venezia Giulia
2021-05-23,EMR,25451,11854,13597,13884,11567,ITH,ITH5,8,Emilia-Romagna
2021-06-08,ABR,12641,6500,6141,10445,2196,ITF,ITF1,13,Abruzzo
2021-02-08,TOS,4097,1360,2737,3638,459,ITI,ITI1,9,Toscana
2021-04-01,CAL,8489,3846,4643,3982,4507,ITF,ITF6,18,Calabria
2021-01-27,SIC,7281,3711,3570,179,7102,ITG,ITG1,19,Sicilia
2021-04-26,ABR,8563,4066,4497,7349,1214,ITF,ITF1,13,Abruzzo
2021-05-19,TOS,27914,13556,14358,18882,9032,ITI,ITI1,9,Toscana
2021-05-21,CAM,63620,29546,34074,43176,20444,ITF,ITF3,15,Campania
2021-01-30,LIG,1660,566,1094,24,1636,ITC,ITC3,7,Liguria
2021-03-23,VEN,22205,10235,11970,17489,4716,ITH,ITH3,5,Veneto
2021-05-15,PAB,6997,3685,3312,6702,295,ITH,ITH1,4,Provincia Autonoma Bolzano / Bozen
2021-02-03,LAZ,6488,2488,4000,964,5524,ITI,ITI4,12,Lazio
2021-02-04,PAB,1958,593,1365,8,1950,ITH,ITH1,4,Provincia Autonoma Bolzano / Bozen
2021-05-19,VEN,32796,15021,17775,16901,15895,ITH,ITH3,5,Veneto
2021-01-13,SIC,5120,2422,2698,5120,0,ITG,ITG1,19,Sicilia
2021-01-15,FVG,2021,605,1416,2021,0,ITH,ITH4,6,Friuli-Venezia Giulia
2021-06-01,ABR,10994,4879,6115,6630,4364,ITF,ITF1,13,Abruzzo
2021-03-28,LIG,1141,511,630,390,751,ITC,ITC3,7,Liguria
2021-05-07,SAR,14442,6617,7825,9941,4501,ITG,ITG2,20,Sardegna
2021-04-13,TOS,8488,3507,4981,6030,2458,ITI,ITI1,9,Toscana
2021-01-20,LAZ,4806,1942,2864,3263,1543,ITI,ITI4,12,Lazio
2021-01-27,SAR,1411,496,915,79,1332,ITG,ITG2,20,Sardegna
2021-03-28,MAR,4126,1739,2387,2435,1691,ITI,ITI3,11,Marche
2021-01-08,PAT,1449,313,1136,1449,0,ITH,ITH2,4,Provincia Autonoma Trento
2021-01-31,VDA,291,91,200,58,233,ITC,ITC2,2,Valle d'Aosta / Vallée d'Aoste
2021-06-14,PAT,5697,2949,2748,2102,3595,ITH,ITH2,4,Provincia Autonoma Trento
2021-01-30,MAR,1905,668,1237,28,1877,ITI,ITI3,11,Marche
2021-02-27,PIE,12691,4851,7840,12346,345,ITC,ITC1,1,Piemonte
2021-03-25,SAR,9107,3968,5139,7801,1306,ITG,ITG2,20,Sardegna
2021-06-08,BAS,4575,2185,2390,4218,357,ITF,ITF5,17,Basilicata
2021-04-18,PAT,1855,845,1010,1846,9,ITH,ITH2,4,Provincia Autonoma Trento
2021-04-16,PUG,35941,16893,19048,32660,3281,ITF,ITF4,16,Puglia
2021-04-25,PIE,20233,9305,10928,17732,2501,ITC,ITC1,1,Piemonte
2021-05-14,LAZ,51104,23345,27759,32833,18271,ITI,ITI4,12,Lazio
2021-05-21,SAR,21141,10363,10778,15490,5651,ITG,ITG2,20,Sardegna
2021-02-08,VEN,4976,1541,3435,1929,3047,ITH,ITH3,5,Veneto
2021-04-02,PAB,2077,837,1240,720,1357,ITH,ITH1,4,Provincia Autonoma Bolzano / Bozen
2021-01-15,PIE,9114,3012,6102,9114,0,ITC,ITC1,1,Piemonte
2021-02-18,PUG,4378,1845,2533,3774,604,ITF,ITF4,16,Puglia
2021-03-18,LAZ,14227,6079,8148,7836,6391,ITI,ITI4,12,Lazio
2021-05-07,LOM,92217,43671,48546,69889,22328,ITC,ITC4,3,Lombardia
2021-03-06,PAT,786,277,509,635,151,ITH,ITH2,4,Provincia Autonoma Trento
2021-04-06,VEN,28900,13298,15602,23847,5053,ITH,ITH3,5,Veneto
2021-05-29,PAB,7132,3767,3365,3994,3138,ITH,ITH1,4,Provincia Autonoma Bolzano / Bozen
2021-01-28,MOL,613,217,396,17,596,ITF,ITF2,14,Molise
2021-03-13,PIE,13046,4722,8324,11601,1445,ITC,ITC1,1,Piemonte
2021-04-01,CAM,24674,12004,12670,20541,4133,ITF,ITF3,15,Campania
2021-03-18,LOM,27377,10951,16426,16146,11231,ITC,ITC4,3,Lombardia
2021-04-08,CAL,9385,4424,4961,5798,3587,ITF,ITF6,18,Calabria
2021-04-09,PUG,21957,9447,12510,17335,4622,ITF,ITF4,16,Puglia
2021-05-28,CAM,72931,35230,37701,26885,46046,ITF,ITF3,15,Campania
2021-02-10,CAL,2510,1078,1432,884,1626,ITF,ITF6,18,Calabria
2021-02-11,PUG,3698,1401,2297,2420,1278,ITF,ITF4,16,Puglia
2021-05-14,LOM,85851,41351,44500,55630,30221,ITC,ITC4,3,Lombardia
2021-03-12,MOL,1459,637,822,1423,36,ITF,ITF2,14,Molise
2021-04-11,PAT,2340,1135,1205,2249,91,ITH,ITH2,4,Provincia Autonoma Trento
2021-04-12,BAS,2169,1050,1119,1679,490,ITF,ITF5,17,Basilicata
2021-05-10,MAR,9448,4336,5112,4897,4551,ITI,ITI3,11,Marche
2021-05-22,PUG,34321,15708,18613,23991,10330,ITF,ITF4,16,Puglia
2021-01-14,MOL,646,239,407,646,0,ITF,ITF2,14,Molise
2021-03-14,MAR,2499,1032,1467,1907,592,ITI,ITI3,11,Marche
2021-06-04,CAL,17287,8031,9256,12755,4532,ITF,ITF6,18,Calabria
2021-01-20,SIC,789,402,387,531,258,ITG,ITG1,19,Sicilia
2021-04-18,FVG,6038,2799,3239,5631,407,ITH,ITH4,6,Friuli-Venezia Giulia
2021-04-19,ABR,6227,2858,3369,3855,2372,ITF,ITF1,13,Abruzzo
2021-01-08,FVG,2320,746,1574,2320,0,ITH,ITH4,6,Friuli-Venezia Giulia
2021-02-21,ABR,1218,550,668,1217,1,ITF,ITF1,13,Abruzzo
2021-05-26,TOS,35532,17064,18468,20382,15150,ITI,ITI1,9,Toscana
2021-06-14,FVG,9736,4717,5019,5084,4652,ITH,ITH4,6,Friuli-Venezia Giulia
2021-05-11,UMB,6231,2828,3403,4029,2202,ITI,ITI2,10,Umbria
2021-05-14,CAM,60896,27535,33361,36321,24575,ITF,ITF3,15,Campania
2021-03-30,TOS,17016,7641,9375,13453,3563,ITI,ITI1,9,Toscana
2021-05-21,CAL,21348,10866,10482,13979,7369,ITF,ITF6,18,Calabria
2021-02-20,FVG,2068,933,1135,1924,144,ITH,ITH4,6,Friuli-Venezia Giulia
2021-03-18,SIC,15283,7663,7620,9788,5495,ITG,ITG1,19,Sicilia
2021-06-15,ABR,7073,3457,3616,5517,1556,ITF,ITF1,13,Abruzzo
2021-01-22,FVG,90,30,60,0,90,ITH,ITH4,6,Friuli-Venezia Giulia
2021-02-01,VEN,8560,2502,6058,161,8399,ITH,ITH3,5,Veneto
2021-03-26,PAB,1655,731,924,522,1133,ITH,ITH1,4,Provincia Autonoma Bolzano / Bozen
2021-04-12,ABR,6225,2949,3276,5050,1175,ITF,ITF1,13,Abruzzo
2021-02-06,LIG,1892,768,1124,145,1747,ITC,ITC3,7,Liguria
2021-03-06,FVG,3500,1196,2304,3175,325,ITH,ITH4,6,Friuli-Venezia Giulia
2021-03-18,SAR,7257,3071,4186,5652,1605,ITG,ITG2,20,Sardegna
2021-02-15,VEN,4389,1824,2565,4149,240,ITH,ITH3,5,Veneto
2021-02-27,PAT,1029,457,572,608,421,ITH,ITH2,4,Provincia Autonoma Trento
2021-04-09,PAB,2937,1301,1636,2207,730,ITH,ITH1,4,Provincia Autonoma Bolzano / Bozen
2021-04-19,BAS,4166,1913,2253,2528,1638,ITF,ITF5,17,Basilicata
2021-01-04,TOS,5065,1894,3171,5065,0,ITI,ITI1,9,Toscana
2021-04-08,VDA,584,282,302,441,143,ITC,ITC2,2,Valle d'Aosta / Vallée d'Aoste
2021-05-24,LAZ,43763,20024,23739,34111,9652,ITI,ITI4,12,Lazio
2021-05-26,UMB,9637,4564,5073,8385,1252,ITI,ITI2,10,Umbria
2021-04-14,TOS,20165,8335,11830,15058,5107,ITI,ITI1,9,Toscana
2021-05-12,PAT,3299,1491,1808,2114,1185,ITH,ITH2,4,Provincia Autonoma Trento
2021-02-18,CAM,9080,3813,5267,8373,707,ITF,ITF3,15,Campania
2021-02-28,PUG,6050,1806,4244,5864,186,ITF,ITF4,16,Puglia
2021-06-03,MAR,14645,7478,7167,12382,2263,ITI,ITI3,11,Marche
2021-03-16,PAT,1391,506,885,608,783,ITH,ITH2,4,Provincia Autonoma Trento
2021-05-25,MOL,1963,887,1076,1333,630,ITF,ITF2,14,Molise
2021-06-08,PAB,4143,2115,2028,828,3315,ITH,ITH1,4,Provincia Autonoma Bolzano / Bozen
2021-01-15,EMR,7750,2404,5346,7750,0,ITH,ITH5,8,Emilia-Romagna
2021-05-14,PAT,5310,2537,2773,3932,1378,ITH,ITH2,4,Provincia Autonoma Trento
2021-02-02,ABR,1763,668,1095,222,1541,ITF,ITF1,13,Abruzzo
2021-05-13,ABR,11146,5042,6104,7187,3959,ITF,ITF1,13,Abruzzo
2021-06-13,VDA,851,399,452,373,478,ITC,ITC2,2,Valle d'Aosta / Vallée d'Aoste
2021-02-08,PIE,6917,2356,4561,666,6251,ITC,ITC1,1,Piemonte
2021-01-03,LAZ,5251,1973,3278,5251,0,ITI,ITI4,12,Lazio
2021-05-12,PUG,36408,16249,20159,23947,12461,ITF,ITF4,16,Puglia
2021-06-14,TOS,31738,16293,15445,27651,4087,ITI,ITI1,9,Toscana
2021-01-04,MOL,314,131,183,314,0,ITF,ITF2,14,Molise
2021-04-25,CAM,30731,15170,15561,25338,5393,ITF,ITF3,15,Campania
2021-01-01,SIC,817,437,380,817,0,ITG,ITG1,19,Sicilia
2021-03-31,ABR,6709,2936,3773,4640,2069,ITF,ITF1,13,Abruzzo
2021-04-13,LAZ,25731,11923,13808,18016,7715,ITI,ITI4,12,Lazio
2021-04-14,MOL,1806,767,1039,1145,661,ITF,ITF2,14,Molise
2021-04-08,FVG,7378,3173,4205,5456,1922,ITH,ITH4,6,Friuli-Venezia Giulia
2021-02-16,MOL,156,70,86,150,6,ITF,ITF2,14,Molise
2021-04-20,SIC,19093,9006,10087,13845,5248,ITG,ITG1,19,Sicilia
2021-02-18,MAR,2101,745,1356,1815,286,ITI,ITI3,11,Marche
2021-05-27,MOL,2834,1348,1486,1998,836,ITF,ITF2,14,Molise
2021-04-23,LIG,14672,6637,8035,8552,6120,ITC,ITC3,7,Liguria
2021-05-21,FVG,11148,4990,6158,8184,2964,ITH,ITH4,6,Friuli-Venezia Giulia
2021-06-09,EMR,41810,21270,20540,35854,5956,ITH,ITH5,8,Emilia-Romagna
2021-05-29,MAR,12788,6194,6594,8260,4528,ITI,ITI3,11,Marche
2021-01-24,BAS,837,300,537,58,779,ITF,ITF5,17,Basilicata
2021-02-10,FVG,1352,496,856,1266,86,ITH,ITH4,6,Friuli-Venezia Giulia
2021-03-01,EMR,10099,3582,6517,7841,2258,ITH,ITH5,8,Emilia-Romagna
2021-05-02,VEN,37239,17264,19975,26904,10335,ITH,ITH3,5,Veneto
2021-05-15,ABR,11426,5175,6251,6125,5301,ITF,ITF1,13,Abruzzo
2021-02-01,FVG,2097,688,1409,16,2081,ITH,ITH4,6,Friuli-Venezia Giulia
2021-03-11,LIG,6389,3086,3303,4383,2006,ITC,ITC3,7,Liguria
2021-05-28,UMB,9554,4414,5140,7268,2286,ITI,ITI2,10,Umbria
2021-01-13,LIG,2754,1013,1741,2754,0,ITC,ITC3,7,Liguria
2021-05-13,BAS,5984,2967,3017,3387,2597,ITF,ITF5,17,Basilicata
2021-06-08,VDA,712,356,356,679,33,ITC,ITC2,2,Valle d'Aosta / Vallée d'Aoste
2021-05-04,EMR,29263,13701,15562,15604,13659,ITH,ITH5,8,Emilia-Romagna
2021-06-14,VEN,42292,21382,20910,27090,15202,ITH,ITH3,5,Veneto
2021-01-08,LAZ,7729,2895,4834,7729,0,ITI,ITI4,12,Lazio
2021-01-13,CAM,8020,3666,4354,8020,0,ITF,ITF3,15,Campania
2021-04-15,UMB,7630,3484,4146,5744,1886,ITI,ITI2,10,Umbria
2021-02-08,PAT,1151,318,833,342,809,ITH,ITH2,4,Provincia Autonoma Trento
2021-03-04,TOS,17846,6949,10897,14764,3082,ITI,ITI1,9,Toscana
2021-03-06,VEN,10667,4356,6311,7405,3262,ITH,ITH3,5,Veneto
2021-04-28,PAB,2464,1302,1162,2459,5,ITH,ITH1,4,Provincia Autonoma Bolzano / Bozen
2021-02-17,UMB,1618,748,870,1267,351,ITI,ITI2,10,Umbria
2021-05-21,PIE,36019,16738,19281,20385,15634,ITC,ITC1,1,Piemonte
2021-01-04,LIG,2615,854,1761,2615,0,ITC,ITC3,7,Liguria
2021-01-23,PUG,3040,1294,1746,886,2154,ITF,ITF4,16,Puglia
2021-05-29,MOL,2340,1214,1126,1953,387,ITF,ITF2,14,Molise
2021-03-13,CAL,6898,3012,3886,5930,968,ITF,ITF6,18,Calabria
2021-05-03,PUG,33266,14872,18394,22645,10621,ITF,ITF4,16,Puglia
2021-02-27,EMR,10967,3999,6968,9229,1738,ITH,ITH5,8,Emilia-Romagna
2021-03-07,PUG,4982,1999,2983,4411,571,ITF,ITF4,16,Puglia
2020-12-30,VEN,699,245,454,699,0,ITH,ITH3,5,Veneto
2021-04-25,EMR,22345,10240,12105,14837,7508,ITH,ITH5,8,Emilia-Romagna
2021-01-01,SAR,32,17,15,32,0,ITG,ITG2,20,Sardegna
2021-02-16,MAR,1288,475,813,1258,30,ITI,ITI3,11,Marche
2021-02-26,VDA,207,58,149,122,85,ITC,ITC2,2,Valle d'Aosta / Vallée d'Aoste
2021-04-13,UMB,7680,3401,4279,6011,1669,ITI,ITI2,10,Umbria
2021-05-14,FVG,10721,5341,5380,8143,2578,ITH,ITH4,6,Friuli-Venezia Giulia
2021-02-25,MAR,3510,1434,2076,3331,179,ITI,ITI3,11,Marche
2021-02-27,SAR,1921,647,1274,1366,555,ITG,ITG2,20,Sardegna
2021-02-03,FVG,2647,791,1856,23,2624,ITH,ITH4,6,Friuli-Venezia Giulia
2021-02-15,UMB,1368,692,676,1367,1,ITI,ITI2,10,Umbria
2021-02-01,PIE,8645,3055,5590,579,8066,ITC,ITC1,1,Piemonte
2021-04-18,CAM,27218,13283,13935,18318,8900,ITF,ITF3,15,Campania
2021-05-08,BAS,4835,2399,2436,3429,1406,ITF,ITF5,17,Basilicata
2021-06-05,MAR,13928,7004,6924,11869,2059,ITI,ITI3,11,Marche
2021-01-15,CAL,2799,1258,1541,2799,0,ITF,ITF6,18,Calabria
2021-04-10,VDA,404,190,214,399,5,ITC,ITC2,2,Valle d'Aosta / Vallée d'Aoste
2021-01-08,CAM,10454,4967,5487,10454,0,ITF,ITF3,15,Campania
2021-01-16,PAB,2840,1265,1575,2840,0,ITH,ITH1,4,Provincia Autonoma Bolzano / Bozen
2020-12-31,VDA,18,4,14,18,0,ITC,ITC2,2,Valle d'Aosta / Vallée d'Aoste
2021-01-03,UMB,270,112,158,270,0,ITI,ITI2,10,Umbria
2021-02-20,LOM,9335,3867,5468,9038,297,ITC,ITC4,3,Lombardia
2021-04-25,CAL,15827,8031,7796,14694,1133,ITF,ITF6,18,Calabria
2021-05-05,PUG,39056,17111,21945,24904,14152,ITF,ITF4,16,Puglia
2021-06-06,VDA,1160,582,578,787,373,ITC,ITC2,2,Valle d'Aosta / Vallée d'Aoste
2021-04-23,MAR,11159,5140,6019,8104,3055,ITI,ITI3,11,Marche
2021-05-21,PAT,5039,2415,2624,3339,1700,ITH,ITH2,4,Provincia Autonoma Trento
2021-01-06,TOS,4520,1460,3060,4520,0,ITI,ITI1,9,Toscana
2021-03-10,ABR,5046,1681,3365,4090,956,ITF,ITF1,13,Abruzzo
2021-04-16,LIG,11970,5280,6690,10160,1810,ITC,ITC3,7,Liguria
2021-04-18,LOM,36345,16204,20141,31115,5230,ITC,ITC4,3,Lombardia
2021-04-27,CAM,32153,15621,16532,24233,7920,ITF,ITF3,15,Campania
2021-04-26,PUG,26233,12014,14219,23000,3233,ITF,ITF4,16,Puglia
2021-05-05,PIE,32166,15068,17098,19148,13018,ITC,ITC1,1,Piemonte
2021-05-31,SAR,11360,5405,5955,8253,3107,ITG,ITG2,20,Sardegna
2021-02-18,VEN,5828,2455,3373,5764,64,ITH,ITH3,5,Veneto
2021-03-25,VDA,389,154,235,379,10,ITC,ITC2,2,Valle d'Aosta / Vallée d'Aoste
2021-04-12,PAB,2105,946,1159,2098,7,ITH,ITH1,4,Provincia Autonoma Bolzano / Bozen
2021-06-14,EMR,40029,20660,19369,27123,12906,ITH,ITH5,8,Emilia-Romagna
2021-01-16,FVG,1230,360,870,1230,0,ITH,ITH4,6,Friuli-Venezia Giulia
2021-03-28,LAZ,18891,7589,11302,13581,5310,ITI,ITI4,12,Lazio
2021-03-30,UMB,3970,1725,2245,2438,1532,ITI,ITI2,10,Umbria
2021-02-16,TOS,9280,3340,5940,8559,721,ITI,ITI1,9,Toscana
2021-04-16,VEN,24434,10485,13949,12554,11880,ITH,ITH3,5,Veneto
2021-05-21,VDA,917,433,484,531,386,ITC,ITC2,2,Valle d'Aosta / Vallée d'Aoste
2021-04-18,SAR,5127,2225,2902,2258,2869,ITG,ITG2,20,Sardegna
2021-06-12,MAR,13452,7149,6303,12134,1318,ITI,ITI3,11,Marche
2020-12-27,UMB,86,45,41,86,0,ITI,ITI2,10,Umbria
2021-04-17,VDA,638,407,231,636,2,ITC,ITC2,2,Valle d'Aosta / Vallée d'Aoste
2021-05-02,TOS,11167,4931,6236,9204,1963,ITI,ITI1,9,Toscana
2021-01-08,SAR,3258,1184,2074,3258,0,ITG,ITG2,20,Sardegna
2021-04-16,MAR,10082,4702,5380,9557,525,ITI,ITI3,11,Marche
2021-01-07,VDA,276,111,165,276,0,ITC,ITC2,2,Valle d'Aosta / Vallée d'Aoste
2021-03-25,FVG,5438,2378,3060,3304,2134,ITH,ITH4,6,Friuli-Venezia Giulia
2021-06-14,LIG,14505,7047,7458,9179,5326,ITC,ITC3,7,Liguria
2021-02-27,CAM,13949,4473,9476,12307,1642,ITF,ITF3,15,Campania
2021-03-07,PAB,114,13,101,9,105,ITH,ITH1,4,Provincia Autonoma Bolzano / Bozen
2021-04-01,PAT,2895,1228,1667,1801,1094,ITH,ITH2,4,Provincia Autonoma Trento
2021-06-04,SIC,57510,26599,30911,45705,11805,ITG,ITG1,19,Sicilia
2021-03-06,CAL,8426,4340,4086,7634,792,ITF,ITF6,18,Calabria
2021-06-09,LAZ,69494,32700,36794,36230,33264,ITI,ITI4,12,Lazio
2021-02-19,VDA,292,102,190,268,24,ITC,ITC2,2,Valle d'Aosta / Vallée d'Aoste
2021-02-22,UMB,1889,807,1082,1803,86,ITI,ITI2,10,Umbria
2021-03-16,PUG,9871,4687,5184,3511,6360,ITF,ITF4,16,Puglia
2021-04-11,LOM,32195,13935,18260,24806,7389,ITC,ITC4,3,Lombardia
2021-01-01,LOM,24,7,17,24,0,ITC,ITC4,3,Lombardia
2021-02-25,TOS,10633,4306,6327,9635,998,ITI,ITI1,9,Toscana
2021-06-07,LOM,98469,50172,48297,85187,13282,ITC,ITC4,3,Lombardia
2021-04-18,VEN,17513,7253,10260,9946,7567,ITH,ITH3,5,Veneto
2021-02-27,LOM,13944,5869,8075,13303,641,ITC,ITC4,3,Lombardia
2021-04-21,PAB,3012,1468,1544,2164,848,ITH,ITH1,4,Provincia Autonoma Bolzano / Bozen
2021-04-28,PUG,19763,8856,10907,15011,4752,ITF,ITF4,16,Puglia
2021-03-17,ABR,4539,1873,2666,2799,1740,ITF,ITF1,13,Abruzzo
2021-03-31,MOL,2193,919,1274,1374,819,ITF,ITF2,14,Molise
2021-02-25,LIG,3456,1349,2107,3326,130,ITC,ITC3,7,Liguria
2021-06-02,SAR,9784,4690,5094,8143,1641,ITG,ITG2,20,Sardegna
2021-01-10,EMR,7171,2684,4487,7171,0,ITH,ITH5,8,Emilia-Romagna
2021-04-06,SIC,17680,8461,9219,13398,4282,ITG,ITG1,19,Sicilia
2021-01-20,TOS,1331,637,694,1083,248,ITI,ITI1,9,Toscana
2021-03-08,EMR,12222,5097,7125,9546,2676,ITH,ITH5,8,Emilia-Romagna
2021-03-23,PAT,2446,944,1502,1706,740,ITH,ITH2,4,Provincia Autonoma Trento
2021-01-04,MAR,1509,570,939,1509,0,ITI,ITI3,11,Marche
2021-03-30,FVG,7186,3223,3963,6263,923,ITH,ITH4,6,Friuli-Venezia Giulia
2021-04-20,SAR,10993,4993,6000,7779,3214,ITG,ITG2,20,Sardegna
2020-12-30,LOM,114,42,72,114,0,ITC,ITC4,3,Lombardia
2021-01-08,VEN,9406,2835,6571,9406,0,ITH,ITH3,5,Veneto
2021-04-30,TOS,40186,17778,22408,20333,19853,ITI,ITI1,9,Toscana
2021-02-22,SIC,7888,4091,3797,7398,490,ITG,ITG1,19,Sicilia
2021-01-05,VDA,150,54,96,150,0,ITC,ITC2,2,Valle d'Aosta / Vallée d'Aoste
2020-12-27,SIC,92,55,37,92,0,ITG,ITG1,19,Sicilia
2021-06-02,SIC,35248,16288,18960,27477,7771,ITG,ITG1,19,Sicilia
2021-05-09,CAL,9617,4481,5136,6087,3530,ITF,ITF6,18,Calabria
2021-04-27,LAZ,30695,13856,16839,19849,10846,ITI,ITI4,12,Lazio
2021-04-29,BAS,4831,2385,2446,4410,421,ITF,ITF5,17,Basilicata
2021-05-02,CAM,43493,21540,21953,32138,11355,ITF,ITF3,15,Campania
2021-01-09,PAB,612,326,286,612,0,ITH,ITH1,4,Provincia Autonoma Bolzano / Bozen
2021-05-28,PAT,3682,1723,1959,1478,2204,ITH,ITH2,4,Provincia Autonoma Trento
2021-01-22,CAM,1524,776,748,673,851,ITF,ITF3,15,Campania
2021-03-01,LAZ,17105,7358,9747,13220,3885,ITI,ITI4,12,Lazio
2021-06-11,UMB,6842,3435,3407,6115,727,ITI,ITI2,10,Umbria
2021-01-14,VDA,237,69,168,237,0,ITC,ITC2,2,Valle d'Aosta / Vallée d'Aoste
2021-01-25,PAT,818,215,603,24,794,ITH,ITH2,4,Provincia Autonoma Trento
2021-03-17,BAS,1453,609,844,28,1425,ITF,ITF5,17,Basilicata
2021-04-14,MAR,10214,4563,5651,9842,372,ITI,ITI3,11,Marche
2021-01-29,CAL,2051,990,1061,230,1821,ITF,ITF6,18,Calabria
2021-01-09,PUG,4884,2249,2635,4884,0,ITF,ITF4,16,Puglia
2021-01-19,BAS,199,84,115,199,0,ITF,ITF5,17,Basilicata
2021-03-25,PAT,2874,1104,1770,1825,1049,ITH,ITH2,4,Provincia Autonoma Trento
2021-03-24,ABR,6385,2784,3601,4133,2252,ITF,ITF1,13,Abruzzo
2021-04-24,VDA,722,400,322,555,167,ITC,ITC2,2,Valle d'Aosta / Vallée d'Aoste
2020-12-30,MAR,17,5,12,17,0,ITI,ITI3,11,Marche
2021-01-13,VEN,5985,1606,4379,5985,0,ITH,ITH3,5,Veneto
2021-02-22,LAZ,11459,4993,6466,10957,502,ITI,ITI4,12,Lazio
2021-04-25,TOS,11054,5248,5806,8917,2137,ITI,ITI1,9,Toscana
2021-03-30,PIE,16894,7035,9859,9021,7873,ITC,ITC1,1,Piemonte
2021-02-09,ABR,909,312,597,500,409,ITF,ITF1,13,Abruzzo
2021-06-02,LAZ,43177,21431,21746,31734,11443,ITI,ITI4,12,Lazio
2021-02-23,MOL,582,223,359,363,219,ITF,ITF2,14,Molise
2021-03-06,CAM,16371,6814,9557,10702,5669,ITF,ITF3,15,Campania
2021-05-04,CAL,16353,7531,8822,11719,4634,ITF,ITF6,18,Calabria
2021-06-11,LAZ,68474,31999,36475,36669,31805,ITI,ITI4,12,Lazio
2021-06-03,MOL,3290,1565,1725,2736,554,ITF,ITF2,14,Molise
2021-03-01,SIC,12692,6012,6680,11038,1654,ITG,ITG1,19,Sicilia
2021-04-07,MOL,1688,847,841,1413,275,ITF,ITF2,14,Molise
2021-03-04,LIG,4738,2118,2620,3891,847,ITC,ITC3,7,Liguria
2021-03-06,LOM,21313,9089,12224,16801,4512,ITC,ITC4,3,Lombardia
2021-04-01,FVG,6374,3043,3331,5359,1015,ITH,ITH4,6,Friuli-Venezia Giulia
2021-04-09,MAR,9560,4189,5371,9360,200,ITI,ITI3,11,Marche
2021-04-20,EMR,22617,10401,12216,14264,8353,ITH,ITH5,8,Emilia-Romagna
2021-01-30,LAZ,7012,2894,4118,807,6205,ITI,ITI4,12,Lazio
2021-02-01,UMB,1285,342,943,48,1237,ITI,ITI2,10,Umbria
2021-02-04,CAM,7943,3429,4514,1308,6635,ITF,ITF3,15,Campania
2021-05-12,SIC,36730,17301,19429,21880,14850,ITG,ITG1,19,Sicilia
2021-03-13,BAS,1797,889,908,752,1045,ITF,ITF5,17,Basilicata
2021-02-18,UMB,1496,582,914,1030,466,ITI,ITI2,10,Umbria
2021-03-03,PAB,1179,393,786,1166,13,ITH,ITH1,4,Provincia Autonoma Bolzano / Bozen
2021-05-17,LOM,94590,45328,49262,30208,64382,ITC,ITC4,3,Lombardia
2021-01-27,FVG,1272,425,847,450,822,ITH,ITH4,6,Friuli-Venezia Giulia
2021-02-07,BAS,374,159,215,49,325,ITF,ITF5,17,Basilicata
2021-01-01,CAM,919,506,413,919,0,ITF,ITF3,15,Campania
2021-04-28,MOL,1692,922,770,475,1217,ITF,ITF2,14,Molise
2021-05-14,VEN,46580,22149,24431,25752,20828,ITH,ITH3,5,Veneto
2021-05-18,BAS,5896,2855,3041,3403,2493,ITF,ITF5,17,Basilicata
2021-02-04,PUG,5928,2366,3562,1195,4733,ITF,ITF4,16,Puglia
2021-05-09,EMR,25607,12251,13356,18640,6967,ITH,ITH5,8,Emilia-Romagna
2021-01-29,EMR,10414,3496,6918,290,10124,ITH,ITH5,8,Emilia-Romagna
2021-04-08,SIC,16575,8208,8367,8122,8453,ITG,ITG1,19,Sicilia
2021-05-07,FVG,10588,4843,5745,7093,3495,ITH,ITH4,6,Friuli-Venezia Giulia
2021-01-15,LAZ,6580,2706,3874,6580,0,ITI,ITI4,12,Lazio
2021-02-20,VEN,6424,2014,4410,6353,71,ITH,ITH3,5,Veneto
2021-03-04,PAT,2359,794,1565,1581,778,ITH,ITH2,4,Provincia Autonoma Trento
2020-12-30,LIG,12,5,7,12,0,ITC,ITC3,7,Liguria
2021-02-15,EMR,2904,851,2053,2779,125,ITH,ITH5,8,Emilia-Romagna
2021-04-25,LAZ,24514,11244,13270,16703,7811,ITI,ITI4,12,Lazio
2021-04-20,PIE,25472,11661,13811,19126,6346,ITC,ITC1,1,Piemonte
2021-03-25,CAM,20315,9647,10668,16812,3503,ITF,ITF3,15,Campania
2021-05-01,BAS,4703,2136,2567,3952,751,ITF,ITF5,17,Basilicata
2021-01-19,ABR,111,55,56,91,20,ITF,ITF1,13,Abruzzo
2021-03-18,TOS,9979,3984,5995,6007,3972,ITI,ITI1,9,Toscana
2021-05-09,FVG,7352,3298,4054,3496,3856,ITH,ITH4,6,Friuli-Venezia Giulia
2021-02-07,ABR,778,307,471,201,577,ITF,ITF1,13,Abruzzo
2021-02-22,SAR,1639,949,690,1411,228,ITG,ITG2,20,Sardegna
2021-03-02,MAR,4953,1941,3012,4387,566,ITI,ITI3,11,Marche
2021-04-13,CAL,6760,3265,3495,5461,1299,ITF,ITF6,18,Calabria
2021-05-07,PIE,33015,15597,17418,18904,14111,ITC,ITC1,1,Piemonte
2021-01-27,EMR,8361,2947,5414,462,7899,ITH,ITH5,8,Emilia-Romagna
2021-01-27,PIE,4196,1453,2743,999,3197,ITC,ITC1,1,Piemonte
2021-05-19,LOM,82743,39536,43207,33794,48949,ITC,ITC4,3,Lombardia
2021-06-10,MAR,14673,7564,7109,12660,2013,ITI,ITI3,11,Marche
2021-01-20,CAL,1399,626,773,1398,1,ITF,ITF6,18,Calabria
2021-02-13,PIE,4153,1334,2819,2931,1222,ITC,ITC1,1,Piemonte
2021-03-11,SAR,6415,3080,3335,5213,1202,ITG,ITG2,20,Sardegna
2021-02-08,LOM,10080,2918,7162,2130,7950,ITC,ITC4,3,Lombardia
2021-05-17,PUG,32675,15139,17536,20831,11844,ITF,ITF4,16,Puglia
2021-06-09,TOS,34684,17482,17202,34269,415,ITI,ITI1,9,Toscana
2021-02-25,LOM,15246,6316,8930,13688,1558,ITC,ITC4,3,Lombardia
2021-01-03,CAL,6,3,3,6,0,ITF,ITF6,18,Calabria
2021-04-11,LIG,4247,1929,2318,3998,249,ITC,ITC3,7,Liguria
2021-06-02,VEN,20304,10234,10070,15957,4347,ITH,ITH3,5,Veneto
2021-02-21,MOL,574,227,347,572,2,ITF,ITF2,14,Molise
2021-03-29,VDA,493,233,260,453,40,ITC,ITC2,2,Valle d'Aosta / Vallée d'Aoste
2021-01-21,ABR,157,47,110,157,0,ITF,ITF1,13,Abruzzo
2021-03-27,CAL,8596,3894,4702,4593,4003,ITF,ITF6,18,Calabria
2021-05-16,UMB,5318,2535,2783,5266,52,ITI,ITI2,10,Umbria
2021-02-04,MOL,758,295,463,77,681,ITF,ITF2,14,Molise
2021-04-04,TOS,13914,6604,7310,13661,253,ITI,ITI1,9,Toscana
2021-05-26,FVG,13194,6602,6592,9787,3407,ITH,ITH4,6,Friuli-Venezia Giulia
2021-03-12,VDA,531,175,356,305,226,ITC,ITC2,2,Valle d'Aosta / Vallée d'Aoste
2021-05-01,ABR,10746,5052,5694,5772,4974,ITF,ITF1,13,Abruzzo
2021-05-24,MAR,10796,5111,5685,8122,2674,ITI,ITI3,11,Marche
2021-02-15,FVG,2454,912,1542,2201,253,ITH,ITH4,6,Friuli-Venezia Giulia
2021-05-15,MOL,2979,1398,1581,2595,384,ITF,ITF2,14,Molise
2021-02-06,LOM,15253,5536,9717,1014,14239,ITC,ITC4,3,Lombardia
2021-02-20,SIC,7140,3693,3447,6898,242,ITG,ITG1,19,Sicilia
2021-04-06,LAZ,24356,11086,13270,17246,7110,ITI,ITI4,12,Lazio
2021-05-20,ABR,12590,5818,6772,7335,5255,ITF,ITF1,13,Abruzzo
2021-05-10,PAB,3018,1300,1718,1413,1605,ITH,ITH1,4,Provincia Autonoma Bolzano / Bozen
2021-05-09,PIE,27067,12904,14163,13448,13619,ITC,ITC1,1,Piemonte
2021-06-04,SAR,14369,6863,7506,9817,4552,ITG,ITG2,20,Sardegna
2021-01-18,LIG,2137,745,1392,1980,157,ITC,ITC3,7,Liguria
2021-01-27,PAT,804,277,527,93,711,ITH,ITH2,4,Provincia Autonoma Trento
2021-02-03,SIC,5918,2777,3141,721,5197,ITG,ITG1,19,Sicilia
2021-03-16,TOS,4899,1882,3017,2648,2251,ITI,ITI1,9,Toscana
2020-12-27,LAZ,274,132,142,274,0,ITI,ITI4,12,Lazio
2021-02-13,PAT,537,333,204,172,365,ITH,ITH2,4,Provincia Autonoma Trento
2021-02-27,TOS,1984,756,1228,1082,902,ITI,ITI1,9,Toscana
2021-03-11,VEN,19817,8881,10936,14248,5569,ITH,ITH3,5,Veneto
2021-03-13,SAR,2755,1076,1679,2474,281,ITG,ITG2,20,Sardegna
2021-05-26,PIE,32691,15090,17601,15632,17059,ITC,ITC1,1,Piemonte
2021-01-20,CAM,1257,650,607,1257,0,ITF,ITF3,15,Campania
2021-04-27,SIC,26224,12633,13591,15515,10709,ITG,ITG1,19,Sicilia
2021-02-15,PIE,4432,1597,2835,3227,1205,ITC,ITC1,1,Piemonte
2021-05-22,MAR,11937,5719,6218,7489,4448,ITI,ITI3,11,Marche
2021-03-04,PIE,14497,5734,8763,11549,2948,ITC,ITC1,1,Piemonte
2021-03-08,CAL,5419,2904,2515,4353,1066,ITF,ITF6,18,Calabria
2021-03-30,SAR,8777,3590,5187,6501,2276,ITG,ITG2,20,Sardegna
2021-04-27,UMB,5666,2403,3263,3089,2577,ITI,ITI2,10,Umbria
2021-02-26,BAS,2149,904,1245,2069,80,ITF,ITF5,17,Basilicata
2021-02-03,UMB,725,174,551,67,658,ITI,ITI2,10,Umbria
2021-03-10,VDA,438,183,255,225,213,ITC,ITC2,2,Valle d'Aosta / Vallée d'Aoste
2021-03-20,LAZ,18885,7384,11501,13001,5884,ITI,ITI4,12,Lazio
2021-05-07,PAT,5988,3080,2908,5149,839,ITH,ITH2,4,Provincia Autonoma Trento
2021-05-14,SIC,52005,24375,27630,36308,15697,ITG,ITG1,19,Sicilia
2021-02-16,PAB,530,205,325,530,0,ITH,ITH1,4,Provincia Autonoma Bolzano / Bozen
2021-02-23,PUG,9349,4421,4928,8872,477,ITF,ITF4,16,Puglia
2021-04-20,PAT,2877,1376,1501,2841,36,ITH,ITH2,4,Provincia Autonoma Trento
2021-05-26,CAM,52593,25778,26815,21546,31047,ITF,ITF3,15,Campania
2021-01-25,LIG,2723,889,1834,478,2245,ITC,ITC3,7,Liguria
2021-01-23,PAB,197,117,80,0,197,ITH,ITH1,4,Provincia Autonoma Bolzano / Bozen
2021-04-03,UMB,2111,716,1395,1058,1053,ITI,ITI2,10,Umbria
2021-03-18,VEN,12611,5137,7474,7385,5226,ITH,ITH3,5,Veneto
2021-05-05,LIG,13718,6136,7582,5296,8422,ITC,ITC3,7,Liguria
2021-06-14,SAR,13733,6633,7100,10126,3607,ITG,ITG2,20,Sardegna
2021-03-06,SAR,2638,1079,1559,858,1780,ITG,ITG2,20,Sardegna
2021-02-27,SIC,12239,5502,6737,11035,1204,ITG,ITG1,19,Sicilia
2021-03-11,FVG,3473,1514,1959,1722,1751,ITH,ITH4,6,Friuli-Venezia Giulia
2021-05-27,ABR,12971,5912,7059,8290,4681,ITF,ITF1,13,Abruzzo
2021-05-03,PAB,1830,847,983,417,1413,ITH,ITH1,4,Provincia Autonoma Bolzano / Bozen
2021-03-05,BAS,1855,857,998,1109,746,ITF,ITF5,17,Basilicata
2021-06-02,PIE,26522,12997,13525,22056,4466,ITC,ITC1,1,Piemonte
2021-02-23,PAB,769,324,445,763,6,ITH,ITH1,4,Provincia Autonoma Bolzano / Bozen
2021-02-04,MAR,2383,841,1542,112,2271,ITI,ITI3,11,Marche
2021-02-22,PIE,8483,3472,5011,7893,590,ITC,ITC1,1,Piemonte
2021-06-13,BAS,3116,1477,1639,2705,411,ITF,ITF5,17,Basilicata
2021-04-13,PAT,2554,1058,1496,2047,507,ITH,ITH2,4,Provincia Autonoma Trento
2021-01-20,PAT,291,73,218,279,12,ITH,ITH2,4,Provincia Autonoma Trento
2021-05-17,PAB,3134,1516,1618,2440,694,ITH,ITH1,4,Provincia Autonoma Bolzano / Bozen
2021-03-02,PUG,16374,6085,10289,15073,1301,ITF,ITF4,16,Puglia
2021-04-06,SAR,7457,3122,4335,5028,2429,ITG,ITG2,20,Sardegna
2021-04-25,LOM,51489,23611,27878,46748,4741,ITC,ITC4,3,Lombardia
2021-03-13,LAZ,21689,8632,13057,15795,5894,ITI,ITI4,12,Lazio
2021-03-17,VDA,433,185,248,273,160,ITC,ITC2,2,Valle d'Aosta / Vallée d'Aoste
2021-04-30,PAT,4923,2401,2522,4772,151,ITH,ITH2,4,Provincia Autonoma Trento
2020-12-27,SAR,65,34,31,65,0,ITG,ITG2,20,Sardegna
2021-03-11,PIE,13772,5074,8698,10675,3097,ITC,ITC1,1,Piemonte
2021-06-03,PAB,4721,2565,2156,3775,946,ITH,ITH1,4,Provincia Autonoma Bolzano / Bozen
2021-06-10,PUG,46022,22603,23419,29385,16637,ITF,ITF4,16,Puglia
2021-03-03,VDA,255,118,137,187,68,ITC,ITC2,2,Valle d'Aosta / Vallée d'Aoste
2021-04-06,CAM,24523,11568,12955,19999,4524,ITF,ITF3,15,Campania
2021-05-19,PAT,5095,2454,2641,3842,1253,ITH,ITH2,4,Provincia Autonoma Trento
2021-04-04,PUG,5958,2960,2998,5953,5,ITF,ITF4,16,Puglia
2020-12-27,CAM,720,422,298,720,0,ITF,ITF3,15,Campania
2021-03-19,ABR,5794,2584,3210,2774,3020,ITF,ITF1,13,Abruzzo
2021-05-23,CAL,11387,5552,5835,7034,4353,ITF,ITF6,18,Calabria
2021-02-08,SIC,3882,1678,2204,2129,1753,ITG,ITG1,19,Sicilia
2021-01-18,MAR,690,235,455,547,143,ITI,ITI3,11,Marche
2021-03-01,CAL,2724,1546,1178,2269,455,ITF,ITF6,18,Calabria
2021-03-25,PIE,17062,7203,9859,8423,8639,ITC,ITC1,1,Piemonte
2021-05-27,BAS,3604,1856,1748,1072,2532,ITF,ITF5,17,Basilicata
2021-01-08,UMB,1190,345,845,1190,0,ITI,ITI2,10,Umbria
2021-01-09,MOL,450,152,298,450,0,ITF,ITF2,14,Molise
2021-04-20,CAM,32037,15500,16537,20727,11310,ITF,ITF3,15,Campania
2021-03-21,PUG,2692,1226,1466,588,2104,ITF,ITF4,16,Puglia
2021-04-06,LOM,43052,17581,25471,25118,17934,ITC,ITC4,3,Lombardia
2021-04-28,MAR,10735,4891,5844,6003,4732,ITI,ITI3,11,Marche
2021-06-09,CAL,17497,8214,9283,15270,2227,ITF,ITF6,18,Calabria
2021-03-05,ABR,5347,1958,3389,4650,697,ITF,ITF1,13,Abruzzo
2021-04-19,MOL,1827,842,985,1049,778,ITF,ITF2,14,Molise
2021-02-20,TOS,4640,1789,2851,4127,513,ITI,ITI1,9,Toscana
2021-04-13,FVG,7365,3290,4075,5761,1604,ITH,ITH4,6,Friuli-Venezia Giulia
2021-01-03,FVG,312,122,190,312,0,ITH,ITH4,6,Friuli-Venezia Giulia
2021-05-31,TOS,30247,14588,15659,19436,10811,ITI,ITI1,9,Toscana
2021-03-20,CAM,13983,6523,7460,10244,3739,ITF,ITF3,15,Campania
2021-06-04,EMR,45418,22881,22537,37350,8068,ITH,ITH5,8,Emilia-Romagna
2021-01-22,SIC,1252,631,621,243,1009,ITG,ITG1,19,Sicilia
2021-05-14,TOS,33290,15392,17898,20642,12648,ITI,ITI1,9,Toscana
2021-05-07,VEN,48388,23189,25199,39716,8672,ITH,ITH3,5,Veneto
2021-03-16,LIG,6073,2722,3351,2349,3724,ITC,ITC3,7,Liguria
2021-05-23,UMB,5068,1855,3213,652,4416,ITI,ITI2,10,Umbria
2021-01-27,VEN,7139,2062,5077,241,6898,ITH,ITH3,5,Veneto
2021-02-08,LAZ,9740,4153,5587,4508,5232,ITI,ITI4,12,Lazio
2021-04-25,SAR,4497,2269,2228,3718,779,ITG,ITG2,20,Sardegna
2021-01-08,SIC,8104,3775,4329,8104,0,ITG,ITG1,19,Sicilia
2021-01-20,FVG,748,320,428,13,735,ITH,ITH4,6,Friuli-Venezia Giulia
2021-04-07,ABR,7226,3333,3893,4439,2787,ITF,ITF1,13,Abruzzo
2021-01-15,SAR,1563,573,990,1563,0,ITG,ITG2,20,Sardegna
2021-04-18,SIC,19706,9849,9857,15346,4360,ITG,ITG1,19,Sicilia
2021-03-14,PAB,758,336,422,25,733,ITH,ITH1,4,Provincia Autonoma Bolzano / Bozen
2021-02-01,SAR,1524,605,919,225,1299,ITG,ITG2,20,Sardegna
2021-04-14,PAB,3593,1645,1948,3502,91,ITH,ITH1,4,Provincia Autonoma Bolzano / Bozen
2021-01-26,VDA,139,48,91,0,139,ITC,ITC2,2,Valle d'Aosta / Vallée d'Aoste
2021-04-24,BAS,4544,2197,2347,3531,1013,ITF,ITF5,17,Basilicata
2021-05-02,LAZ,32630,14336,18294,23269,9361,ITI,ITI4,12,Lazio
2021-05-09,SAR,6129,2874,3255,5203,926,ITG,ITG2,20,Sardegna
2021-01-04,PAB,508,201,307,508,0,ITH,ITH1,4,Provincia Autonoma Bolzano / Bozen
2021-01-11,PUG,3753,1588,2165,3753,0,ITF,ITF4,16,Puglia
2021-02-12,VDA,263,96,167,217,46,ITC,ITC2,2,Valle d'Aosta / Vallée d'Aoste
2021-06-02,PAT,2838,1359,1479,944,1894,ITH,ITH2,4,Provincia Autonoma Trento
2021-06-14,LOM,93949,47779,46170,49659,44290,ITC,ITC4,3,Lombardia
2021-03-26,MAR,6333,2607,3726,3525,2808,ITI,ITI3,11,Marche
2021-04-13,PIE,25929,11608,14321,22469,3460,ITC,ITC1,1,Piemonte
2021-04-21,PUG,23076,10649,12427,19342,3734,ITF,ITF4,16,Puglia
2021-05-26,SAR,14911,7652,7259,9873,5038,ITG,ITG2,20,Sardegna
2021-02-13,VEN,3266,1473,1793,3246,20,ITH,ITH3,5,Veneto
2021-01-20,PIE,6617,2089,4528,5899,718,ITC,ITC1,1,Piemonte
2021-02-15,SAR,958,349,609,927,31,ITG,ITG2,20,Sardegna
2021-01-22,LAZ,4004,1635,2369,489,3515,ITI,ITI4,12,Lazio
2021-03-11,PAT,2298,851,1447,1474,824,ITH,ITH2,4,Provincia Autonoma Trento
2021-01-20,EMR,1325,270,1055,1324,1,ITH,ITH5,8,Emilia-Romagna
2021-05-24,PUG,35790,16906,18884,24826,10964,ITF,ITF4,16,Puglia
2021-02-15,CAM,5470,2516,2954,5297,173,ITF,ITF3,15,Campania
2021-01-12,VDA,302,72,230,302,0,ITC,ITC2,2,Valle d'Aosta / Vallée d'Aoste
2021-02-16,PUG,3379,1453,1926,2735,644,ITF,ITF4,16,Puglia
2021-01-11,PIE,8744,2980,5764,8744,0,ITC,ITC1,1,Piemonte
2021-02-06,SAR,1970,697,1273,569,1401,ITG,ITG2,20,Sardegna
2021-04-29,MOL,2237,1144,1093,890,1347,ITF,ITF2,14,Molise
2021-05-03,LOM,83652,39737,43915,71530,12122,ITC,ITC4,3,Lombardia
2021-04-23,FVG,7460,3377,4083,3600,3860,ITH,ITH4,6,Friuli-Venezia Giulia
2021-01-11,EMR,9349,3274,6075,9349,0,ITH,ITH5,8,Emilia-Romagna
2021-01-23,LOM,1114,357,757,916,198,ITC,ITC4,3,Lombardia
2021-02-23,SAR,1537,1026,511,1285,252,ITG,ITG2,20,Sardegna
2021-04-12,MOL,1299,557,742,1048,251,ITF,ITF2,14,Molise
2021-06-10,TOS,26276,13473,12803,25765,511,ITI,ITI1,9,Toscana
2021-05-24,TOS,33708,16696,17012,24140,9568,ITI,ITI1,9,Toscana
2021-01-19,PUG,1221,452,769,1211,10,ITF,ITF4,16,Puglia
2021-02-15,LAZ,8026,3540,4486,7395,631,ITI,ITI4,12,Lazio
2021-01-25,TOS,5127,1896,3231,248,4879,ITI,ITI1,9,Toscana
2021-01-29,LAZ,8042,3079,4963,813,7229,ITI,ITI4,12,Lazio
2021-03-18,PAT,2319,957,1362,1239,1080,ITH,ITH2,4,Provincia Autonoma Trento
2021-03-21,PAB,768,285,483,14,754,ITH,ITH1,4,Provincia Autonoma Bolzano / Bozen
2021-01-09,MAR,1710,605,1105,1710,0,ITI,ITI3,11,Marche
2021-04-30,VEN,49976,23470,26506,34318,15658,ITH,ITH3,5,Veneto
2021-06-12,PAB,4887,2650,2237,1602,3285,ITH,ITH1,4,Provincia Autonoma Bolzano / Bozen
2021-04-06,PIE,20240,8810,11430,15044,5196,ITC,ITC1,1,Piemonte
2021-05-02,SAR,5886,2669,3217,5305,581,ITG,ITG2,20,Sardegna
2021-05-30,UMB,5981,2998,2983,5780,201,ITI,ITI2,10,Umbria
2021-01-20,VEN,1038,368,670,386,652,ITH,ITH3,5,Veneto
2021-04-18,TOS,8357,4090,4267,7342,1015,ITI,ITI1,9,Toscana
2020-12-27,PIE,913,369,544,913,0,ITC,ITC1,1,Piemonte
2021-04-02,MAR,6886,2983,3903,6147,739,ITI,ITI3,11,Marche
2021-05-14,CAL,19946,9591,10355,13069,6877,ITF,ITF6,18,Calabria
2021-03-08,UMB,3697,1824,1873,2334,1363,ITI,ITI2,10,Umbria
2021-06-09,PAT,6228,3074,3154,2160,4068,ITH,ITH2,4,Provincia Autonoma Trento
2021-01-14,PAB,1946,575,1371,1946,0,ITH,ITH1,4,Provincia Autonoma Bolzano / Bozen
2021-02-08,SAR,1470,533,937,856,614,ITG,ITG2,20,Sardegna
2021-03-16,MAR,3471,1485,1986,290,3181,ITI,ITI3,11,Marche
2021-04-27,CAL,9947,4890,5057,8002,1945,ITF,ITF6,18,Calabria
2021-01-19,VDA,256,77,179,256,0,ITC,ITC2,2,Valle d'Aosta / Vallée d'Aoste
2021-03-25,SIC,20333,9450,10883,14868,5465,ITG,ITG1,19,Sicilia
2021-04-07,PAB,1798,823,975,1258,540,ITH,ITH1,4,Provincia Autonoma Bolzano / Bozen
2021-02-03,CAL,2770,1431,1339,578,2192,ITF,ITF6,18,Calabria
2021-03-25,UMB,3904,1699,2205,2840,1064,ITI,ITI2,10,Umbria
2021-06-02,LIG,8531,4343,4188,5364,3167,ITC,ITC3,7,Liguria
2021-01-04,PUG,4508,2016,2492,4508,0,ITF,ITF4,16,Puglia
2021-04-12,VDA,486,186,300,323,163,ITC,ITC2,2,Valle d'Aosta / Vallée d'Aoste
2021-04-29,VDA,1291,634,657,757,534,ITC,ITC2,2,Valle d'Aosta / Vallée d'Aoste
2021-06-02,CAM,42737,20106,22631,38107,4630,ITF,ITF3,15,Campania
2021-02-17,LAZ,9184,4605,4579,8310,874,ITI,ITI4,12,Lazio
2021-02-22,CAM,10680,3294,7386,10417,263,ITF,ITF3,15,Campania
2021-03-02,PAB,695,200,495,693,2,ITH,ITH1,4,Provincia Autonoma Bolzano / Bozen
2021-03-07,MOL,1132,501,631,1130,2,ITF,ITF2,14,Molise
2021-04-06,PAT,2260,950,1310,1495,765,ITH,ITH2,4,Provincia Autonoma Trento
2021-04-17,BAS,3461,1655,1806,2199,1262,ITF,ITF5,17,Basilicata
2021-05-28,LAZ,56541,26128,30413,43585,12956,ITI,ITI4,12,Lazio
2021-06-15,MOL,1914,903,1011,622,1292,ITF,ITF2,14,Molise
2021-03-11,CAM,17993,9053,8940,10714,7279,ITF,ITF3,15,Campania
2021-03-19,PAB,1906,773,1133,799,1107,ITH,ITH1,4,Provincia Autonoma Bolzano / Bozen
2021-06-02,LOM,84621,43570,41051,78294,6327,ITC,ITC4,3,Lombardia
2021-03-06,SIC,12640,5059,7581,9858,2782,ITG,ITG1,19,Sicilia
2021-06-09,FVG,10684,5574,5110,9454,1230,ITH,ITH4,6,Friuli-Venezia Giulia
2021-03-11,LOM,36193,13467,22726,26299,9894,ITC,ITC4,3,Lombardia
2021-05-16,CAM,51144,23226,27918,33572,17572,ITF,ITF3,15,Campania
2021-06-11,EMR,44142,22907,21235,37780,6362,ITH,ITH5,8,Emilia-Romagna
2021-02-20,CAM,8573,3080,5493,8270,303,ITF,ITF3,15,Campania
2021-03-29,BAS,2434,880,1554,2147,287,ITF,ITF5,17,Basilicata
2021-03-27,UMB,4253,1512,2741,3913,340,ITI,ITI2,10,Umbria
2021-06-14,SIC,42061,20001,22060,27395,14666,ITG,ITG1,19,Sicilia
2021-01-05,BAS,946,409,537,946,0,ITF,ITF5,17,Basilicata
2021-03-01,FVG,2957,1041,1916,2905,52,ITH,ITH4,6,Friuli-Venezia Giulia
2021-03-20,EMR,16088,6831,9257,9124,6964,ITH,ITH5,8,Emilia-Romagna
2021-03-18,FVG,3372,1421,1951,1691,1681,ITH,ITH4,6,Friuli-Venezia Giulia
2021-03-26,PUG,11915,5760,6155,7270,4645,ITF,ITF4,16,Puglia
2021-05-28,SIC,51187,22949,28238,24718,26469,ITG,ITG1,19,Sicilia
2021-03-09,PUG,13534,6022,7512,11525,2009,ITF,ITF4,16,Puglia
2021-04-06,EMR,24784,11193,13591,20045,4739,ITH,ITH5,8,Emilia-Romagna
2021-01-01,VEN,1528,471,1057,1528,0,ITH,ITH3,5,Veneto
2021-01-13,PAT,421,123,298,421,0,ITH,ITH2,4,Provincia Autonoma Trento
2020-12-27,EMR,971,373,598,971,0,ITH,ITH5,8,Emilia-Romagna
2021-02-18,LIG,2765,1126,1639,2431,334,ITC,ITC3,7,Liguria
2021-03-06,LAZ,18355,7083,11272,14098,4257,ITI,ITI4,12,Lazio
2021-03-25,VEN,25935,11049,14886,19829,6106,ITH,ITH3,5,Veneto
2021-06-09,PIE,38380,20237,18143,35707,2673,ITC,ITC1,1,Piemonte
2021-02-03,CAM,8903,4003,4900,878,8025,ITF,ITF3,15,Campania
2021-04-11,VEN,21006,8875,12131,14699,6307,ITH,ITH3,5,Veneto
2021-01-11,MAR,1176,411,765,1176,0,ITI,ITI3,11,Marche
2021-02-22,CAL,2041,1034,1007,1482,559,ITF,ITF6,18,Calabria
2021-03-18,PIE,11759,4805,6954,4029,7730,ITC,ITC1,1,Piemonte
2021-04-14,PUG,31875,15047,16828,28569,3306,ITF,ITF4,16,Puglia
2021-05-07,TOS,32110,14687,17423,12001,20109,ITI,ITI1,9,Toscana
2021-03-28,PUG,3528,1650,1878,1203,2325,ITF,ITF4,16,Puglia
2021-03-29,ABR,5707,2599,3108,3068,2639,ITF,ITF1,13,Abruzzo
2021-03-30,LOM,39538,15543,23995,24765,14773,ITC,ITC4,3,Lombardia
2021-04-21,MAR,10781,4967,5814,9587,1194,ITI,ITI3,11,Marche
2021-06-02,CAL,12081,5795,6286,8816,3265,ITF,ITF6,18,Calabria
2021-03-20,FVG,3399,1408,1991,1308,2091,ITH,ITH4,6,Friuli-Venezia Giulia
2021-05-14,LIG,13110,5831,7279,8789,4321,ITC,ITC3,7,Liguria
2021-01-20,SAR,210,77,133,208,2,ITG,ITG2,20,Sardegna
2021-01-28,MAR,2086,725,1361,165,1921,ITI,ITI3,11,Marche
2021-05-18,VDA,970,484,486,353,617,ITC,ITC2,2,Valle d'Aosta / Vallée d'Aoste
2021-01-06,LOM,7058,2491,4567,7058,0,ITC,ITC4,3,Lombardia
2021-02-18,TOS,8822,3284,5538,7926,896,ITI,ITI1,9,Toscana
2021-04-04,CAM,7965,4017,3948,6919,1046,ITF,ITF3,15,Campania
2021-01-02,MAR,454,139,315,454,0,ITI,ITI3,11,Marche
2021-02-13,CAL,1397,604,793,1032,365,ITF,ITF6,18,Calabria
2021-05-11,BAS,2654,1353,1301,1621,1033,ITF,ITF5,17,Basilicata
2021-05-29,TOS,31539,15249,16290,23389,8150,ITI,ITI1,9,Toscana
2021-06-10,VEN,51264,26502,24762,42206,9058,ITH,ITH3,5,Veneto
2021-06-12,SAR,125,88,37,99,26,ITG,ITG2,20,Sardegna
2021-02-17,ABR,2071,948,1123,1789,282,ITF,ITF1,13,Abruzzo
2021-03-04,SAR,4352,2282,2070,3096,1256,ITG,ITG2,20,Sardegna
2021-04-02,VEN,24039,10597,13442,17709,6330,ITH,ITH3,5,Veneto
2021-04-16,SIC,28554,14334,14220,20290,8264,ITG,ITG1,19,Sicilia
2021-05-17,PIE,30841,14562,16279,17726,13115,ITC,ITC1,1,Piemonte
2021-06-12,CAM,60370,29646,30724,53185,7185,ITF,ITF3,15,Campania
2021-02-06,PIE,7995,2666,5329,400,7595,ITC,ITC1,1,Piemonte
2021-01-23,SIC,4400,2265,2135,211,4189,ITG,ITG1,19,Sicilia
2021-02-23,PIE,9234,3713,5521,8653,581,ITC,ITC1,1,Piemonte
2021-03-04,CAM,14705,5395,9310,8811,5894,ITF,ITF3,15,Campania
2021-03-12,PAB,1664,734,930,1251,413,ITH,ITH1,4,Provincia Autonoma Bolzano / Bozen
2021-03-21,SAR,4030,1809,2221,2590,1440,ITG,ITG2,20,Sardegna
2021-06-11,ABR,11567,5762,5805,8821,2746,ITF,ITF1,13,Abruzzo
2021-01-06,SIC,6232,3281,2951,6232,0,ITG,ITG1,19,Sicilia
2021-03-29,PAB,1171,499,672,412,759,ITH,ITH1,4,Provincia Autonoma Bolzano / Bozen
2021-05-31,PIE,29013,13994,15019,20503,8510,ITC,ITC1,1,Piemonte
2021-01-18,PAT,643,154,489,588,55,ITH,ITH2,4,Provincia Autonoma Trento
2021-06-12,LOM,88272,47544,40728,85249,3023,ITC,ITC4,3,Lombardia
2021-03-09,PIE,13967,5428,8539,11624,2343,ITC,ITC1,1,Piemonte
2021-03-21,LOM,23506,8492,15014,18313,5193,ITC,ITC4,3,Lombardia
2021-05-11,ABR,10737,5097,5640,5907,4830,ITF,ITF1,13,Abruzzo
2021-04-02,SIC,13852,6531,7321,9119,4733,ITG,ITG1,19,Sicilia
2021-02-10,SIC,4355,1777,2578,3973,382,ITG,ITG1,19,Sicilia
2021-03-23,TOS,9396,4373,5023,7122,2274,ITI,ITI1,9,Toscana
2021-03-07,MAR,5179,2106,3073,4425,754,ITI,ITI3,11,Marche
2021-03-13,EMR,16132,6357,9775,10819,5313,ITH,ITH5,8,Emilia-Romagna
2021-05-21,SIC,45756,21571,24185,24372,21384,ITG,ITG1,19,Sicilia
2021-03-02,MOL,667,383,284,509,158,ITF,ITF2,14,Molise
2021-06-09,VEN,42165,21635,20530,34856,7309,ITH,ITH3,5,Veneto
2021-06-11,CAL,17329,8507,8822,14738,2591,ITF,ITF6,18,Calabria
2021-02-13,LOM,6417,2441,3976,4941,1476,ITC,ITC4,3,Lombardia
2021-04-20,UMB,5439,2356,3083,3492,1947,ITI,ITI2,10,Umbria
2021-06-10,MOL,2517,1152,1365,1216,1301,ITF,ITF2,14,Molise
2021-01-08,CAL,2137,1025,1112,2137,0,ITF,ITF6,18,Calabria
2021-04-05,BAS,723,233,490,421,302,ITF,ITF5,17,Basilicata
2021-01-27,UMB,840,330,510,13,827,ITI,ITI2,10,Umbria
2021-03-27,EMR,21664,9062,12602,14756,6908,ITH,ITH5,8,Emilia-Romagna
2021-05-07,CAM,59758,29200,30558,43813,15945,ITF,ITF3,15,Campania
2021-03-18,CAL,4400,2052,2348,2345,2055,ITF,ITF6,18,Calabria
2020-12-30,TOS,327,104,223,327,0,ITI,ITI1,9,Toscana
2021-01-10,UMB,1070,277,793,1070,0,ITI,ITI2,10,Umbria
2021-01-27,CAM,7738,3820,3918,162,7576,ITF,ITF3,15,Campania
2021-04-13,EMR,23681,11109,12572,19377,4304,ITH,ITH5,8,Emilia-Romagna
2021-06-04,FVG,11754,6023,5731,10445,1309,ITH,ITH4,6,Friuli-Venezia Giulia
2021-05-21,UMB,8959,3663,5296,4125,4834,ITI,ITI2,10,Umbria
2021-01-03,EMR,2763,943,1820,2763,0,ITH,ITH5,8,Emilia-Romagna
2021-03-22,BAS,1184,534,650,636,548,ITF,ITF5,17,Basilicata
2021-05-04,UMB,5534,2544,2990,2410,3124,ITI,ITI2,10,Umbria
2021-04-01,LAZ,29477,13921,15556,22336,7141,ITI,ITI4,12,Lazio
2021-01-13,SAR,573,178,395,573,0,ITG,ITG2,20,Sardegna
2021-04-01,UMB,4374,1836,2538,2366,2008,ITI,ITI2,10,Umbria
2021-05-24,LIG,11811,5557,6254,9327,2484,ITC,ITC3,7,Liguria
2021-01-21,PAB,953,442,511,139,814,ITH,ITH1,4,Provincia Autonoma Bolzano / Bozen
2021-05-25,VDA,1115,530,585,541,574,ITC,ITC2,2,Valle d'Aosta / Vallée d'Aoste
2021-03-13,FVG,2936,1121,1815,1665,1271,ITH,ITH4,6,Friuli-Venezia Giulia
2021-01-25,VEN,6468,2075,4393,159,6309,ITH,ITH3,5,Veneto
2021-02-14,VDA,48,16,32,1,47,ITC,ITC2,2,Valle d'Aosta / Vallée d'Aoste
2021-04-05,ABR,2693,1147,1546,1813,880,ITF,ITF1,13,Abruzzo
2021-05-07,LIG,13596,6037,7559,5803,7793,ITC,ITC3,7,Liguria
2021-01-01,PIE,1038,395,643,1038,0,ITC,ITC1,1,Piemonte
2021-05-08,VDA,904,540,364,526,378,ITC,ITC2,2,Valle d'Aosta / Vallée d'Aoste
2021-01-13,LOM,26358,8053,18305,26358,0,ITC,ITC4,3,Lombardia
2021-02-13,LIG,1080,508,572,800,280,ITC,ITC3,7,Liguria
2021-06-12,PUG,32689,16281,16408,24248,8441,ITF,ITF4,16,Puglia
2021-03-03,BAS,1746,816,930,1187,559,ITF,ITF5,17,Basilicata
2021-04-02,MOL,1453,708,745,676,777,ITF,ITF2,14,Molise
2021-05-02,PAT,3514,1955,1559,3477,37,ITH,ITH2,4,Provincia Autonoma Trento
2021-06-07,LIG,15630,7639,7991,8634,6996,ITC,ITC3,7,Liguria
2021-01-16,MAR,2034,732,1302,2034,0,ITI,ITI3,11,Marche
2021-02-27,CAL,3995,2057,1938,3615,380,ITF,ITF6,18,Calabria
2021-05-25,BAS,4195,2110,2085,875,3320,ITF,ITF5,17,Basilicata
2021-04-01,SIC,14249,6612,7637,9585,4664,ITG,ITG1,19,Sicilia
2021-05-02,EMR,25574,11648,13926,13585,11989,ITH,ITH5,8,Emilia-Romagna
2021-05-12,TOS,34155,15559,18596,14163,19992,ITI,ITI1,9,Toscana
2021-05-08,MOL,2973,1454,1519,1729,1244,ITF,ITF2,14,Molise
2021-01-22,EMR,1829,477,1352,1088,741,ITH,ITH5,8,Emilia-Romagna
2021-03-01,UMB,1503,774,729,1389,114,ITI,ITI2,10,Umbria
2021-01-18,TOS,1119,636,483,1021,98,ITI,ITI1,9,Toscana
2021-04-20,VEN,22420,9491,12929,8421,13999,ITH,ITH3,5,Veneto
2021-04-21,MOL,1863,789,1074,968,895,ITF,ITF2,14,Molise
2021-02-08,EMR,5231,1534,3697,2318,2913,ITH,ITH5,8,Emilia-Romagna
2021-02-14,BAS,151,48,103,151,0,ITF,ITF5,17,Basilicata
2021-06-09,UMB,8032,3888,4144,7318,714,ITI,ITI2,10,Umbria
2021-05-16,EMR,25842,12167,13675,18730,7112,ITH,ITH5,8,Emilia-Romagna
2021-01-27,CAL,1462,735,727,397,1065,ITF,ITF6,18,Calabria
2021-01-28,PUG,5474,2278,3196,471,5003,ITF,ITF4,16,Puglia
2021-01-12,ABR,1804,666,1138,1804,0,ITF,ITF1,13,Abruzzo
2021-03-18,CAM,12174,5380,6794,5986,6188,ITF,ITF3,15,Campania
2021-04-15,LAZ,31909,14299,17610,21103,10806,ITI,ITI4,12,Lazio
2021-02-01,LOM,16058,5319,10739,303,15755,ITC,ITC4,3,Lombardia
2021-02-12,BAS,775,332,443,744,31,ITF,ITF5,17,Basilicata
2021-03-14,MOL,596,240,356,17,579,ITF,ITF2,14,Molise
2020-12-27,CAL,311,170,141,311,0,ITF,ITF6,18,Calabria
2021-03-18,EMR,13675,5807,7868,5675,8000,ITH,ITH5,8,Emilia-Romagna
2021-05-14,EMR,37206,17150,20056,27619,9587,ITH,ITH5,8,Emilia-Romagna
2021-02-03,EMR,9356,2996,6360,984,8372,ITH,ITH5,8,Emilia-Romagna
2021-04-10,BAS,1032,378,654,949,83,ITF,ITF5,17,Basilicata
2021-04-01,EMR,23928,10769,13159,19381,4547,ITH,ITH5,8,Emilia-Romagna
2021-03-13,UMB,1731,524,1207,1486,245,ITI,ITI2,10,Umbria
2021-01-15,UMB,701,215,486,701,0,ITI,ITI2,10,Umbria
2021-02-01,CAM,3984,1813,2171,110,3874,ITF,ITF3,15,Campania
2021-02-26,ABR,3914,1670,2244,2946,968,ITF,ITF1,13,Abruzzo
2021-02-17,EMR,6538,2764,3774,5766,772,ITH,ITH5,8,Emilia-Romagna
2021-04-06,CAL,7470,3380,4090,4176,3294,ITF,ITF6,18,Calabria
2021-01-29,UMB,1232,348,884,79,1153,ITI,ITI2,10,Umbria
2021-03-30,CAM,22037,10563,11474,19079,2958,ITF,ITF3,15,Campania
2021-05-09,SIC,28076,13136,14940,19806,8270,ITG,ITG1,19,Sicilia
2021-02-08,CAL,1850,734,1116,663,1187,ITF,ITF6,18,Calabria
2021-05-09,UMB,5767,2759,3008,5376,391,ITI,ITI2,10,Umbria
2021-02-16,VDA,326,53,273,320,6,ITC,ITC2,2,Valle d'Aosta / Vallée d'Aoste
2021-05-04,FVG,9524,4293,5231,6170,3354,ITH,ITH4,6,Friuli-Venezia Giulia
2021-06-01,EMR,27107,13075,14032,17229,9878,ITH,ITH5,8,Emilia-Romagna
2021-02-15,MAR,967,412,555,954,13,ITI,ITI3,11,Marche
2021-03-15,PAT,1411,545,866,947,464,ITH,ITH2,4,Provincia Autonoma Trento
2021-01-24,FVG,305,119,186,1,304,ITH,ITH4,6,Friuli-Venezia Giulia
2021-06-11,TOS,29616,15397,14219,25015,4601,ITI,ITI1,9,Toscana
2021-01-17,PAT,251,195,56,251,0,ITH,ITH2,4,Provincia Autonoma Trento
2021-04-28,BAS,4705,2159,2546,4264,441,ITF,ITF5,17,Basilicata
2021-05-26,MAR,11803,5916,5887,8620,3183,ITI,ITI3,11,Marche
2021-02-12,LAZ,6845,2847,3998,6431,414,ITI,ITI4,12,Lazio
2021-04-15,TOS,24402,10196,14206,15866,8536,ITI,ITI1,9,Toscana
2021-02-17,TOS,8175,3169,5006,7423,752,ITI,ITI1,9,Toscana
2021-03-08,FVG,4119,1642,2477,2034,2085,ITH,ITH4,6,Friuli-Venezia Giulia
2021-04-25,PUG,11251,5214,6037,10094,1157,ITF,ITF4,16,Puglia
2021-05-11,PAT,3697,1749,1948,2849,848,ITH,ITH2,4,Provincia Autonoma Trento
2021-02-27,PUG,14221,4817,9404,12996,1225,ITF,ITF4,16,Puglia
2021-04-06,LIG,13213,5888,7325,10973,2240,ITC,ITC3,7,Liguria
2021-04-24,CAL,18997,9478,9519,15586,3411,ITF,ITF6,18,Calabria
2021-04-17,CAM,36177,17510,18667,24670,11507,ITF,ITF3,15,Campania
2021-01-01,PUG,148,61,87,148,0,ITF,ITF4,16,Puglia
2021-02-08,LIG,1977,741,1236,306,1671,ITC,ITC3,7,Liguria
2021-02-26,CAL,3066,1635,1431,2613,453,ITF,ITF6,18,Calabria
2021-05-31,PAB,2987,1464,1523,2120,867,ITH,ITH1,4,Provincia Autonoma Bolzano / Bozen
2021-06-07,PUG,43620,21317,22303,30533,13087,ITF,ITF4,16,Puglia
2021-02-17,VEN,6022,2772,3250,5928,94,ITH,ITH3,5,Veneto
2021-03-28,MOL,1626,747,879,524,1102,ITF,ITF2,14,Molise
2021-06-13,CAM,41831,20394,21437,37107,4724,ITF,ITF3,15,Campania
2021-03-22,FVG,3656,1444,2212,1702,1954,ITH,ITH4,6,Friuli-Venezia Giulia
2021-04-11,PUG,16453,7245,9208,14797,1656,ITF,ITF4,16,Puglia
2021-01-30,MOL,461,158,303,12,449,ITF,ITF2,14,Molise
2021-03-02,BAS,797,384,413,661,136,ITF,ITF5,17,Basilicata
2021-03-30,MAR,7419,3044,4375,4604,2815,ITI,ITI3,11,Marche
2021-04-27,PAT,3908,1877,2031,3840,68,ITH,ITH2,4,Provincia Autonoma Trento
2020-12-27,LIG,135,56,79,135,0,ITC,ITC3,7,Liguria
2021-02-05,SAR,1897,749,1148,433,1464,ITG,ITG2,20,Sardegna
2021-02-01,MAR,1362,479,883,98,1264,ITI,ITI3,11,Marche
2021-04-01,VEN,25287,11137,14150,18879,6408,ITH,ITH3,5,Veneto
2021-06-10,BAS,4341,2099,2242,3900,441,ITF,ITF5,17,Basilicata
2021-02-05,SIC,6734,2977,3757,2126,4608,ITG,ITG1,19,Sicilia
2021-03-08,PIE,13950,5296,8654,11236,2714,ITC,ITC1,1,Piemonte
2021-04-03,SAR,4663,1802,2861,2696,1967,ITG,ITG2,20,Sardegna
2021-01-18,ABR,123,49,74,46,77,ITF,ITF1,13,Abruzzo
2021-05-04,PIE,28545,13124,15421,16405,12140,ITC,ITC1,1,Piemonte
2021-05-30,SAR,9726,4836,4890,7369,2357,ITG,ITG2,20,Sardegna
2021-04-28,ABR,9508,4583,4925,7485,2023,ITF,ITF1,13,Abruzzo
2021-01-24,PIE,3153,959,2194,434,2719,ITC,ITC1,1,Piemonte
2021-02-19,SAR,1499,473,1026,1443,56,ITG,ITG2,20,Sardegna
2021-06-06,CAL,13373,6432,6941,11681,1692,ITF,ITF6,18,Calabria
2021-01-01,PAB,6,5,1,6,0,ITH,ITH1,4,Provincia Autonoma Bolzano / Bozen
2021-04-15,VEN,20856,8611,12245,10046,10810,ITH,ITH3,5,Veneto
2021-05-12,ABR,9613,4585,5028,6046,3567,ITF,ITF1,13,Abruzzo
2021-05-30,CAM,52123,25426,26697,38835,13288,ITF,ITF3,15,Campania
2021-06-07,PAB,2901,1506,1395,2582,319,ITH,ITH1,4,Provincia Autonoma Bolzano / Bozen
2021-03-22,PIE,11512,4882,6630,3906,7606,ITC,ITC1,1,Piemonte
2021-04-03,SIC,16388,7802,8586,13552,2836,ITG,ITG1,19,Sicilia
2021-01-05,VEN,7329,2182,5147,7329,0,ITH,ITH3,5,Veneto
2021-02-19,CAM,9570,3559,6011,8920,650,ITF,ITF3,15,Campania
2021-02-27,PAB,2458,759,1699,2448,10,ITH,ITH1,4,Provincia Autonoma Bolzano / Bozen
2021-03-16,ABR,3485,1452,2033,1831,1654,ITF,ITF1,13,Abruzzo
2020-12-31,LAZ,5293,2121,3172,5293,0,ITI,ITI4,12,Lazio
2021-04-03,LOM,36234,14859,21375,26147,10087,ITC,ITC4,3,Lombardia
2021-05-28,TOS,30061,13905,16156,17622,12439,ITI,ITI1,9,Toscana
2021-04-10,LAZ,23873,10376,13497,16683,7190,ITI,ITI4,12,Lazio
2021-05-30,LOM,74363,35585,38778,34410,39953,ITC,ITC4,3,Lombardia
2021-05-04,PAT,4490,2433,2057,4396,94,ITH,ITH2,4,Provincia Autonoma Trento
2021-01-17,FVG,1716,523,1193,1716,0,ITH,ITH4,6,Friuli-Venezia Giulia
2021-02-05,LAZ,7281,2962,4319,1184,6097,ITI,ITI4,12,Lazio
2021-04-07,VDA,910,474,436,681,229,ITC,ITC2,2,Valle d'Aosta / Vallée d'Aoste
2021-04-12,EMR,19242,9005,10237,14796,4446,ITH,ITH5,8,Emilia-Romagna
2021-04-22,TOS,35724,15304,20420,18284,17440,ITI,ITI1,9,Toscana
2021-03-08,PAT,1411,434,977,1057,354,ITH,ITH2,4,Provincia Autonoma Trento
2021-04-06,MAR,8879,3693,5186,8066,813,ITI,ITI3,11,Marche
2021-02-24,TOS,10367,4465,5902,10170,197,ITI,ITI1,9,Toscana
2021-03-15,FVG,3950,1808,2142,1629,2321,ITH,ITH4,6,Friuli-Venezia Giulia
2021-06-08,EMR,44513,22794,21719,37115,7398,ITH,ITH5,8,Emilia-Romagna
2021-03-22,PAT,2307,973,1334,1432,875,ITH,ITH2,4,Provincia Autonoma Trento
2021-05-14,SAR,14015,6492,7523,10729,3286,ITG,ITG2,20,Sardegna
2021-01-01,PAT,213,50,163,213,0,ITH,ITH2,4,Provincia Autonoma Trento
2021-06-07,PAT,5788,2880,2908,2805,2983,ITH,ITH2,4,Provincia Autonoma Trento
2021-02-03,SAR,1119,419,700,426,693,ITG,ITG2,20,Sardegna
2021-03-21,MAR,4504,1873,2631,1629,2875,ITI,ITI3,11,Marche
2021-04-18,PIE,22969,10821,12148,20213,2756,ITC,ITC1,1,Piemonte
2021-03-30,VEN,35923,15274,20649,30672,5251,ITH,ITH3,5,Veneto
2021-05-22,PAB,6821,3552,3269,4654,2167,ITH,ITH1,4,Provincia Autonoma Bolzano / Bozen
2021-01-08,PIE,5532,1762,3770,5532,0,ITC,ITC1,1,Piemonte
2021-02-25,PUG,11969,5062,6907,10801,1168,ITF,ITF4,16,Puglia
2021-03-25,LAZ,28703,13093,15610,22097,6606,ITI,ITI4,12,Lazio
2021-04-01,SAR,10148,4060,6088,7135,3013,ITG,ITG2,20,Sardegna
2021-06-14,PIE,37439,19272,18167,30442,6997,ITC,ITC1,1,Piemonte
2021-02-11,PAB,1094,432,662,239,855,ITH,ITH1,4,Provincia Autonoma Bolzano / Bozen
2021-03-22,VDA,560,205,355,333,227,ITC,ITC2,2,Valle d'Aosta / Vallée d'Aoste
2021-04-25,PAT,1970,939,1031,1963,7,ITH,ITH2,4,Provincia Autonoma Trento
2021-01-27,LAZ,6114,2387,3727,997,5117,ITI,ITI4,12,Lazio
2021-02-06,MAR,2462,902,1560,522,1940,ITI,ITI3,11,Marche
2021-03-06,PIE,13994,5211,8783,11205,2789,ITC,ITC1,1,Piemonte
2021-06-05,PUG,41638,20420,21218,29422,12216,ITF,ITF4,16,Puglia
2021-06-15,BAS,3209,1406,1803,2230,979,ITF,ITF5,17,Basilicata
2021-06-11,LIG,17201,8801,8400,11272,5929,ITC,ITC3,7,Liguria
2021-04-15,LIG,11818,5219,6599,9966,1852,ITC,ITC3,7,Liguria
2021-01-22,PIE,3867,1249,2618,2526,1341,ITC,ITC1,1,Piemonte
2021-01-05,CAL,1472,688,784,1472,0,ITF,ITF6,18,Calabria
2021-02-07,SIC,2329,984,1345,674,1655,ITG,ITG1,19,Sicilia
2021-04-10,VEN,27442,11969,15473,18963,8479,ITH,ITH3,5,Veneto
2021-02-10,LOM,14393,4503,9890,7576,6817,ITC,ITC4,3,Lombardia
2021-02-24,CAM,11785,4149,7636,11097,688,ITF,ITF3,15,Campania
2021-05-18,SIC,36088,17346,18742,23559,12529,ITG,ITG1,19,Sicilia
2021-06-06,VEN,37231,19073,18158,32555,4676,ITH,ITH3,5,Veneto
2020-12-27,TOS,620,267,353,620,0,ITI,ITI1,9,Toscana
2021-06-01,LAZ,48406,23273,25133,30179,18227,ITI,ITI4,12,Lazio
2021-04-05,LAZ,19840,9060,10780,13661,6179,ITI,ITI4,12,Lazio
2021-01-16,ABR,933,430,503,933,0,ITF,ITF1,13,Abruzzo
2021-02-12,EMR,5323,1679,3644,3920,1403,ITH,ITH5,8,Emilia-Romagna
2021-06-05,VDA,925,476,449,737,188,ITC,ITC2,2,Valle d'Aosta / Vallée d'Aoste
2021-04-10,EMR,20921,9300,11621,16776,4145,ITH,ITH5,8,Emilia-Romagna
2021-02-11,VDA,231,107,124,222,9,ITC,ITC2,2,Valle d'Aosta / Vallée d'Aoste
2021-03-29,UMB,3887,1728,2159,2408,1479,ITI,ITI2,10,Umbria
2021-04-17,EMR,27307,13078,14229,17956,9351,ITH,ITH5,8,Emilia-Romagna
2021-01-31,UMB,1058,276,782,25,1033,ITI,ITI2,10,Umbria
2021-04-09,VDA,237,111,126,204,33,ITC,ITC2,2,Valle d'Aosta / Vallée d'Aoste
2021-01-07,EMR,10273,3406,6867,10273,0,ITH,ITH5,8,Emilia-Romagna
2021-05-21,MAR,12951,6113,6838,6695,6256,ITI,ITI3,11,Marche
2021-01-03,TOS,3335,1051,2284,3335,0,ITI,ITI1,9,Toscana
2021-05-25,LAZ,47076,21986,25090,35621,11455,ITI,ITI4,12,Lazio
2021-05-22,VDA,940,494,446,540,400,ITC,ITC2,2,Valle d'Aosta / Vallée d'Aoste
2021-05-25,UMB,8798,4290,4508,7736,1062,ITI,ITI2,10,Umbria
2021-05-26,MOL,1548,697,851,794,754,ITF,ITF2,14,Molise
2021-01-05,CAM,7237,3637,3600,7237,0,ITF,ITF3,15,Campania
2021-02-28,BAS,804,343,461,775,29,ITF,ITF5,17,Basilicata
2021-03-30,MOL,2003,857,1146,1491,512,ITF,ITF2,14,Molise
2020-12-27,VEN,880,395,485,880,0,ITH,ITH3,5,Veneto
2021-01-12,CAL,2069,1022,1047,2069,0,ITF,ITF6,18,Calabria
2021-02-18,PAB,1839,457,1382,1832,7,ITH,ITH1,4,Provincia Autonoma Bolzano / Bozen
2021-01-02,BAS,949,380,569,949,0,ITF,ITF5,17,Basilicata
2021-01-06,PUG,3946,1670,2276,3946,0,ITF,ITF4,16,Puglia
2021-02-01,MOL,562,201,361,14,548,ITF,ITF2,14,Molise
2021-01-16,BAS,722,304,418,722,0,ITF,ITF5,17,Basilicata
2021-05-12,MOL,2849,1292,1557,2753,96,ITF,ITF2,14,Molise
2021-04-08,LIG,13723,6156,7567,11680,2043,ITC,ITC3,7,Liguria
2021-05-06,FVG,11872,5514,6358,7918,3954,ITH,ITH4,6,Friuli-Venezia Giulia
2021-02-10,SAR,1959,765,1194,1441,518,ITG,ITG2,20,Sardegna
2021-04-26,BAS,4464,2164,2300,4244,220,ITF,ITF5,17,Basilicata
2021-06-04,LIG,14704,7231,7473,9241,5463,ITC,ITC3,7,Liguria
2021-02-17,CAM,7388,3210,4178,6328,1060,ITF,ITF3,15,Campania
2021-05-25,SIC,33400,15281,18119,14101,19299,ITG,ITG1,19,Sicilia
2021-05-30,VEN,22532,11262,11270,15842,6690,ITH,ITH3,5,Veneto
2021-02-03,LOM,25634,7914,17720,1080,24554,ITC,ITC4,3,Lombardia
2021-02-24,CAL,1914,975,939,1436,478,ITF,ITF6,18,Calabria
2021-03-29,SIC,14977,7056,7921,10480,4497,ITG,ITG1,19,Sicilia
2021-04-15,CAM,34337,16659,17678,24439,9898,ITF,ITF3,15,Campania
2021-04-01,LOM,42942,17220,25722,26744,16198,ITC,ITC4,3,Lombardia
2021-02-15,TOS,8770,3375,5395,7945,825,ITI,ITI1,9,Toscana
2021-04-12,LAZ,23818,10733,13085,16920,6898,ITI,ITI4,12,Lazio
2021-04-03,EMR,19939,8766,11173,16199,3740,ITH,ITH5,8,Emilia-Romagna
2021-03-07,ABR,2522,630,1892,2522,0,ITF,ITF1,13,Abruzzo
2021-05-30,EMR,27046,12776,14270,13358,13688,ITH,ITH5,8,Emilia-Romagna
2021-01-09,ABR,1483,565,918,1483,0,ITF,ITF1,13,Abruzzo
2021-02-19,EMR,7327,3010,4317,6813,514,ITH,ITH5,8,Emilia-Romagna
2021-04-16,VDA,599,261,338,597,2,ITC,ITC2,2,Valle d'Aosta / Vallée d'Aoste
2021-06-08,LAZ,65668,31133,34535,36317,29351,ITI,ITI4,12,Lazio
2020-12-31,EMR,2215,780,1435,2215,0,ITH,ITH5,8,Emilia-Romagna
2021-05-28,MAR,13955,6734,7221,9096,4859,ITI,ITI3,11,Marche
2021-06-06,EMR,36401,18909,17492,31995,4406,ITH,ITH5,8,Emilia-Romagna
2021-04-02,VDA,873,344,529,648,225,ITC,ITC2,2,Valle d'Aosta / Vallée d'Aoste
2021-05-18,UMB,7725,3342,4383,3886,3839,ITI,ITI2,10,Umbria
2021-02-26,EMR,9634,3673,5961,8586,1048,ITH,ITH5,8,Emilia-Romagna
2021-04-01,MAR,7576,3182,4394,4160,3416,ITI,ITI3,11,Marche
2021-03-22,UMB,3560,1655,1905,2314,1246,ITI,ITI2,10,Umbria
2021-05-29,VDA,798,434,364,561,237,ITC,ITC2,2,Valle d'Aosta / Vallée d'Aoste
2021-04-05,UMB,4250,1728,2522,2195,2055,ITI,ITI2,10,Umbria
2021-04-06,MOL,1494,701,793,1151,343,ITF,ITF2,14,Molise
2021-02-22,TOS,9817,4253,5564,9540,277,ITI,ITI1,9,Toscana
2021-02-07,UMB,54,17,37,1,53,ITI,ITI2,10,Umbria
2021-02-08,MOL,334,141,193,216,118,ITF,ITF2,14,Molise
2021-05-19,MOL,2340,1205,1135,1915,425,ITF,ITF2,14,Molise
2021-06-01,SIC,38717,17618,21099,24953,13764,ITG,ITG1,19,Sicilia
2020-12-30,PAB,388,182,206,388,0,ITH,ITH1,4,Provincia Autonoma Bolzano / Bozen
2021-03-03,CAL,5035,2751,2284,3955,1080,ITF,ITF6,18,Calabria
2021-02-21,BAS,284,113,171,284,0,ITF,ITF5,17,Basilicata
2021-03-23,MOL,1642,694,948,1435,207,ITF,ITF2,14,Molise
2021-04-05,SIC,8023,3958,4065,6583,1440,ITG,ITG1,19,Sicilia
2021-01-15,PAT,595,132,463,595,0,ITH,ITH2,4,Provincia Autonoma Trento
2021-02-17,LIG,2689,1182,1507,2263,426,ITC,ITC3,7,Liguria
2021-03-17,FVG,3235,1266,1969,745,2490,ITH,ITH4,6,Friuli-Venezia Giulia
2021-03-07,BAS,889,309,580,851,38,ITF,ITF5,17,Basilicata
2021-05-13,FVG,11110,5355,5755,9057,2053,ITH,ITH4,6,Friuli-Venezia Giulia
2021-05-28,LIG,16276,8126,8150,11747,4529,ITC,ITC3,7,Liguria
2020-12-30,PUG,1,0,1,1,0,ITF,ITF4,16,Puglia
2021-01-09,BAS,557,160,397,557,0,ITF,ITF5,17,Basilicata
2021-01-05,LIG,2879,896,1983,2879,0,ITC,ITC3,7,Liguria
2021-06-09,PAB,3779,1878,1901,1305,2474,ITH,ITH1,4,Provincia Autonoma Bolzano / Bozen
2021-02-26,VEN,8295,3270,5025,7038,1257,ITH,ITH3,5,Veneto
2021-01-09,LAZ,6297,2562,3735,6297,0,ITI,ITI4,12,Lazio
2021-03-01,PAB,922,221,701,921,1,ITH,ITH1,4,Provincia Autonoma Bolzano / Bozen
2021-04-24,VEN,24743,10820,13923,15664,9079,ITH,ITH3,5,Veneto
2021-05-07,ABR,12193,5706,6487,7775,4418,ITF,ITF1,13,Abruzzo
2021-02-16,FVG,2516,1135,1381,2400,116,ITH,ITH4,6,Friuli-Venezia Giulia
2021-03-03,LIG,4580,1847,2733,3554,1026,ITC,ITC3,7,Liguria
2021-04-12,SAR,6990,3179,3811,5276,1714,ITG,ITG2,20,Sardegna
2021-01-02,SAR,60,21,39,60,0,ITG,ITG2,20,Sardegna
2021-03-15,PAB,1192,451,741,710,482,ITH,ITH1,4,Provincia Autonoma Bolzano / Bozen
2021-05-13,PIE,35611,17487,18124,20540,15071,ITC,ITC1,1,Piemonte
2021-06-08,SAR,14811,7064,7747,11320,3491,ITG,ITG2,20,Sardegna
2021-04-22,MAR,10796,4931,5865,9218,1578,ITI,ITI3,11,Marche
2021-05-20,PAT,5010,2355,2655,3375,1635,ITH,ITH2,4,Provincia Autonoma Trento
2021-02-02,PIE,10242,3509,6733,816,9426,ITC,ITC1,1,Piemonte
2021-02-28,SAR,368,169,199,142,226,ITG,ITG2,20,Sardegna
2021-02-24,MAR,3486,1515,1971,3408,78,ITI,ITI3,11,Marche
2021-03-24,PAT,2376,940,1436,1556,820,ITH,ITH2,4,Provincia Autonoma Trento
2021-03-22,PUG,9845,5024,4821,4199,5646,ITF,ITF4,16,Puglia
2021-03-31,PIE,19108,8103,11005,10414,8694,ITC,ITC1,1,Piemonte
2021-04-19,LAZ,30090,13674,16416,19412,10678,ITI,ITI4,12,Lazio
2021-04-26,SAR,6823,3265,3558,5947,876,ITG,ITG2,20,Sardegna
2021-04-27,PAB,2226,1013,1213,1150,1076,ITH,ITH1,4,Provincia Autonoma Bolzano / Bozen
2021-01-14,VEN,7063,1924,5139,7063,0,ITH,ITH3,5,Veneto
2021-01-17,PAB,2328,1044,1284,2317,11,ITH,ITH1,4,Provincia Autonoma Bolzano / Bozen
2021-01-24,PUG,1669,749,920,153,1516,ITF,ITF4,16,Puglia
2021-02-21,LAZ,6989,3180,3809,6526,463,ITI,ITI4,12,Lazio
2021-02-25,VDA,201,101,100,194,7,ITC,ITC2,2,Valle d'Aosta / Vallée d'Aoste
2021-05-27,PIE,37103,17211,19892,19118,17985,ITC,ITC1,1,Piemonte
2021-02-09,PAT,917,287,630,442,475,ITH,ITH2,4,Provincia Autonoma Trento
2021-03-12,VEN,18643,8187,10456,11900,6743,ITH,ITH3,5,Veneto
2021-06-01,LOM,93840,46047,47793,76834,17006,ITC,ITC4,3,Lombardia
2021-01-02,LOM,199,72,127,199,0,ITC,ITC4,3,Lombardia
2021-02-16,PIE,3967,1756,2211,3209,758,ITC,ITC1,1,Piemonte
2021-06-08,LOM,102226,51987,50239,88242,13984,ITC,ITC4,3,Lombardia
2021-03-15,PUG,12225,6049,6176,5721,6504,ITF,ITF4,16,Puglia
2021-02-28,LOM,7882,3253,4629,7672,210,ITC,ITC4,3,Lombardia
2021-05-03,CAL,14747,6758,7989,10542,4205,ITF,ITF6,18,Calabria
2021-01-17,PUG,1308,590,718,1239,69,ITF,ITF4,16,Puglia
2021-03-14,CAM,8617,3827,4790,4477,4140,ITF,ITF3,15,Campania
2021-02-15,MOL,144,70,74,141,3,ITF,ITF2,14,Molise
2021-03-17,PAT,2070,792,1278,1200,870,ITH,ITH2,4,Provincia Autonoma Trento
2021-04-26,LOM,87925,40918,47007,68768,19157,ITC,ITC4,3,Lombardia
2021-04-27,PUG,26637,12054,14583,21049,5588,ITF,ITF4,16,Puglia
2021-05-07,BAS,4649,2284,2365,3295,1354,ITF,ITF5,17,Basilicata
2021-05-10,CAM,35424,16377,19047,25506,9918,ITF,ITF3,15,Campania
2021-06-04,MAR,14336,7290,7046,11898,2438,ITI,ITI3,11,Marche
2021-03-21,CAL,4459,1927,2532,2736,1723,ITF,ITF6,18,Calabria
2021-04-08,MAR,7521,3285,4236,7194,327,ITI,ITI3,11,Marche
2021-04-12,SIC,18785,9122,9663,11534,7251,ITG,ITG1,19,Sicilia
2021-05-08,TOS,29150,13115,16035,13695,15455,ITI,ITI1,9,Toscana
2021-03-24,FVG,3966,1710,2256,2485,1481,ITH,ITH4,6,Friuli-Venezia Giulia
2021-03-25,ABR,5791,2660,3131,3175,2616,ITF,ITF1,13,Abruzzo
2021-02-14,SIC,1055,402,653,915,140,ITG,ITG1,19,Sicilia
2021-03-12,TOS,16968,6607,10361,13440,3528,ITI,ITI1,9,Toscana
2021-04-28,EMR,33712,15585,18127,20824,12888,ITH,ITH5,8,Emilia-Romagna
2021-01-27,ABR,1364,515,849,39,1325,ITF,ITF1,13,Abruzzo
2021-05-20,FVG,12643,6279,6364,10132,2511,ITH,ITH4,6,Friuli-Venezia Giulia
2021-06-08,CAM,51462,25036,26426,44488,6974,ITF,ITF3,15,Campania
2021-01-14,TOS,3255,1179,2076,3255,0,ITI,ITI1,9,Toscana
2021-03-07,CAL,3338,1703,1635,3247,91,ITF,ITF6,18,Calabria
2021-06-05,UMB,8207,3769,4438,5557,2650,ITI,ITI2,10,Umbria
2021-01-02,SIC,4838,2517,2321,4838,0,ITG,ITG1,19,Sicilia
2021-04-24,TOS,13436,6167,7269,5990,7446,ITI,ITI1,9,Toscana
2021-06-15,CAL,9555,4425,5130,6258,3297,ITF,ITF6,18,Calabria
2021-01-26,FVG,1977,647,1330,217,1760,ITH,ITH4,6,Friuli-Venezia Giulia
2021-04-26,CAM,34026,16647,17379,28404,5622,ITF,ITF3,15,Campania
2021-05-21,ABR,13018,6332,6686,8039,4979,ITF,ITF1,13,Abruzzo
2021-04-17,VEN,22413,9083,13330,15134,7279,ITH,ITH3,5,Veneto
2021-02-24,LIG,3764,1560,2204,3506,258,ITC,ITC3,7,Liguria
2021-04-20,PAB,1561,784,777,1560,1,ITH,ITH1,4,Provincia Autonoma Bolzano / Bozen
2021-01-07,VEN,8358,2317,6041,8358,0,ITH,ITH3,5,Veneto
2021-06-13,VEN,36867,19032,17835,29909,6958,ITH,ITH3,5,Veneto
2020-12-29,LIG,125,33,92,125,0,ITC,ITC3,7,Liguria
2021-01-10,PAB,2,2,0,2,0,ITH,ITH1,4,Provincia Autonoma Bolzano / Bozen
2021-03-18,ABR,3897,1651,2246,2066,1831,ITF,ITF1,13,Abruzzo
2021-01-12,LIG,2459,885,1574,2459,0,ITC,ITC3,7,Liguria
2021-02-09,FVG,1842,555,1287,1556,286,ITH,ITH4,6,Friuli-Venezia Giulia
2021-06-01,SAR,14318,6654,7664,9729,4589,ITG,ITG2,20,Sardegna
2021-02-21,SAR,1589,710,879,1559,30,ITG,ITG2,20,Sardegna
2021-04-22,LIG,13816,6194,7622,8746,5070,ITC,ITC3,7,Liguria
2021-01-21,VEN,2293,719,1574,21,2272,ITH,ITH3,5,Veneto
2021-02-02,PAT,908,240,668,191,717,ITH,ITH2,4,Provincia Autonoma Trento
2021-03-03,MAR,6645,3046,3599,5761,884,ITI,ITI3,11,Marche
2021-01-06,VDA,65,33,32,65,0,ITC,ITC2,2,Valle d'Aosta / Vallée d'Aoste
2021-04-19,SAR,10192,4620,5572,8762,1430,ITG,ITG2,20,Sardegna
2021-01-05,MAR,1571,589,982,1571,0,ITI,ITI3,11,Marche
2021-05-13,PAT,3406,1579,1827,2305,1101,ITH,ITH2,4,Provincia Autonoma Trento
2021-05-14,BAS,5910,2799,3111,3377,2533,ITF,ITF5,17,Basilicata
2021-01-09,SAR,4026,1417,2609,4026,0,ITG,ITG2,20,Sardegna
2021-02-14,LAZ,5777,2372,3405,5306,471,ITI,ITI4,12,Lazio
2021-03-24,PIE,15506,6342,9164,6379,9127,ITC,ITC1,1,Piemonte
2021-06-15,SAR,10422,4824,5598,7259,3163,ITG,ITG2,20,Sardegna
2021-03-05,VEN,13336,5020,8316,9666,3670,ITH,ITH3,5,Veneto
2021-02-18,VDA,349,153,196,261,88,ITC,ITC2,2,Valle d'Aosta / Vallée d'Aoste
2021-02-28,LAZ,10256,4012,6244,9742,514,ITI,ITI4,12,Lazio
2021-03-07,SAR,1657,750,907,1117,540,ITG,ITG2,20,Sardegna
2021-03-08,PAB,1210,534,676,1183,27,ITH,ITH1,4,Provincia Autonoma Bolzano / Bozen
2021-05-20,PIE,38488,17842,20646,13613,24875,ITC,ITC1,1,Piemonte
2021-03-31,PAT,2569,983,1586,1712,857,ITH,ITH2,4,Provincia Autonoma Trento
2021-04-12,LOM,47219,20573,26646,32885,14334,ITC,ITC4,3,Lombardia
2021-01-02,LAZ,6707,2631,4076,6707,0,ITI,ITI4,12,Lazio
2021-02-09,PIE,7392,2316,5076,722,6670,ITC,ITC1,1,Piemonte
2021-05-04,PAB,3448,1843,1605,2411,1037,ITH,ITH1,4,Provincia Autonoma Bolzano / Bozen
2021-05-11,PUG,32446,14309,18137,14054,18392,ITF,ITF4,16,Puglia
2021-03-07,CAM,11973,5404,6569,8130,3843,ITF,ITF3,15,Campania
2021-05-04,PUG,34999,14799,20200,18573,16426,ITF,ITF4,16,Puglia
2021-02-21,LOM,5050,1861,3189,5033,17,ITC,ITC4,3,Lombardia
2021-02-22,MOL,265,129,136,250,15,ITF,ITF2,14,Molise
2021-03-14,CAL,2737,1070,1667,2319,418,ITF,ITF6,18,Calabria
2021-04-07,PIE,23607,9996,13611,18144,5463,ITC,ITC1,1,Piemonte
2021-03-08,PUG,14968,6422,8546,12570,2398,ITF,ITF4,16,Puglia
2021-05-03,CAM,40761,19889,20872,28911,11850,ITF,ITF3,15,Campania
2020-12-27,MOL,50,20,30,50,0,ITF,ITF2,14,Molise
2021-04-19,LOM,60088,27338,32750,50684,9404,ITC,ITC4,3,Lombardia
2021-03-18,BAS,1350,564,786,25,1325,ITF,ITF5,17,Basilicata
2021-04-15,MAR,10376,4674,5702,9811,565,ITI,ITI3,11,Marche
2021-01-26,PAT,542,154,388,27,515,ITH,ITH2,4,Provincia Autonoma Trento
2021-06-15,LOM,94884,48373,46511,49432,45452,ITC,ITC4,3,Lombardia
2021-02-17,MAR,1785,662,1123,1668,117,ITI,ITI3,11,Marche
2021-05-06,PAT,5524,2737,2787,4745,779,ITH,ITH2,4,Provincia Autonoma Trento
2021-05-10,CAL,13133,6094,7039,7736,5397,ITF,ITF6,18,Calabria
2021-02-02,FVG,2467,806,1661,217,2250,ITH,ITH4,6,Friuli-Venezia Giulia
2021-03-31,FVG,8081,3544,4537,7235,846,ITH,ITH4,6,Friuli-Venezia Giulia
2021-05-14,ABR,10602,5077,5525,5445,5157,ITF,ITF1,13,Abruzzo
2021-05-01,TOS,23314,10063,13251,14138,9176,ITI,ITI1,9,Toscana
2021-03-05,TOS,16871,6683,10188,12129,4742,ITI,ITI1,9,Toscana
2021-04-26,CAL,10196,5065,5131,7774,2422,ITF,ITF6,18,Calabria
2021-04-01,ABR,5593,2505,3088,3506,2087,ITF,ITF1,13,Abruzzo
2021-06-15,CAM,17638,8596,9042,10548,7090,ITF,ITF3,15,Campania
2021-02-21,SIC,5168,2501,2667,5062,106,ITG,ITG1,19,Sicilia
2021-06-13,TOS,24417,12253,12164,22775,1642,ITI,ITI1,9,Toscana
2021-06-07,VEN,44297,23118,21179,37331,6966,ITH,ITH3,5,Veneto
2021-01-08,LOM,12698,3918,8780,12698,0,ITC,ITC4,3,Lombardia
2021-06-10,PAB,4418,2291,2127,1326,3092,ITH,ITH1,4,Provincia Autonoma Bolzano / Bozen
2021-02-27,VEN,8988,2691,6297,8141,847,ITH,ITH3,5,Veneto
2021-01-26,ABR,1542,567,975,30,1512,ITF,ITF1,13,Abruzzo
2021-02-09,MOL,359,170,189,197,162,ITF,ITF2,14,Molise
2021-01-06,LIG,1660,616,1044,1660,0,ITC,ITC3,7,Liguria
2021-05-06,ABR,13005,6090,6915,7979,5026,ITF,ITF1,13,Abruzzo
2021-02-15,SIC,3730,1733,1997,3166,564,ITG,ITG1,19,Sicilia
2021-04-13,SAR,7608,3594,4014,5781,1827,ITG,ITG2,20,Sardegna
2021-04-27,EMR,32094,14861,17233,19633,12461,ITH,ITH5,8,Emilia-Romagna
2021-02-08,FVG,2357,694,1663,92,2265,ITH,ITH4,6,Friuli-Venezia Giulia
2021-05-14,PIE,33353,16253,17100,17947,15406,ITC,ITC1,1,Piemonte
2021-05-26,SIC,44516,20818,23698,24043,20473,ITG,ITG1,19,Sicilia
2021-06-09,SAR,15454,7361,8093,11717,3737,ITG,ITG2,20,Sardegna
2021-02-01,PAT,1221,335,886,92,1129,ITH,ITH2,4,Provincia Autonoma Trento
2021-03-11,TOS,15878,6333,9545,12550,3328,ITI,ITI1,9,Toscana
2021-01-03,SIC,4714,2467,2247,4714,0,ITG,ITG1,19,Sicilia
2021-01-01,LAZ,3554,1382,2172,3554,0,ITI,ITI4,12,Lazio
2021-04-13,SIC,19684,9587,10097,10934,8750,ITG,ITG1,19,Sicilia
2021-01-10,LAZ,4042,1702,2340,4042,0,ITI,ITI4,12,Lazio
2021-01-15,CAM,4980,2381,2599,4980,0,ITF,ITF3,15,Campania
2021-03-10,BAS,1680,842,838,841,839,ITF,ITF5,17,Basilicata
2021-03-13,CAM,14517,7038,7479,9235,5282,ITF,ITF3,15,Campania
2021-04-20,LAZ,31054,14260,16794,19758,11296,ITI,ITI4,12,Lazio
2021-04-22,UMB,5433,2234,3199,2769,2664,ITI,ITI2,10,Umbria
2021-03-04,VEN,12980,4884,8096,9508,3472,ITH,ITH3,5,Veneto
2021-04-26,PAB,1543,771,772,1538,5,ITH,ITH1,4,Provincia Autonoma Bolzano / Bozen
2021-01-26,BAS,798,352,446,101,697,ITF,ITF5,17,Basilicata
2021-02-23,MAR,3267,1397,1870,3211,56,ITI,ITI3,11,Marche
2021-03-05,VDA,275,124,151,53,222,ITC,ITC2,2,Valle d'Aosta / Vallée d'Aoste
2021-03-08,LAZ,20810,8995,11815,15537,5273,ITI,ITI4,12,Lazio
2021-05-06,BAS,5052,2435,2617,3483,1569,ITF,ITF5,17,Basilicata
2021-03-20,CAL,6704,3073,3631,4200,2504,ITF,ITF6,18,Calabria
2021-03-22,CAM,13174,6337,6837,11134,2040,ITF,ITF3,15,Campania
2021-05-15,BAS,6529,3342,3187,3957,2572,ITF,ITF5,17,Basilicata
2021-03-30,PUG,12263,5856,6407,6367,5896,ITF,ITF4,16,Puglia
2021-06-13,FVG,8389,4373,4016,5110,3279,ITH,ITH4,6,Friuli-Venezia Giulia
2021-02-01,PUG,3964,1660,2304,373,3591,ITF,ITF4,16,Puglia
2021-02-07,CAM,2929,1382,1547,2158,771,ITF,ITF3,15,Campania
2021-04-02,BAS,2317,1046,1271,1713,604,ITF,ITF5,17,Basilicata
2021-02-03,PAT,847,315,532,414,433,ITH,ITH2,4,Provincia Autonoma Trento
2021-02-04,BAS,1096,442,654,63,1033,ITF,ITF5,17,Basilicata
2021-04-17,FVG,7450,3232,4218,5967,1483,ITH,ITH4,6,Friuli-Venezia Giulia
2021-05-06,EMR,35916,16598,19318,22860,13056,ITH,ITH5,8,Emilia-Romagna
2021-01-10,SIC,3533,1578,1955,3533,0,ITG,ITG1,19,Sicilia
2021-01-26,EMR,8334,3000,5334,214,8120,ITH,ITH5,8,Emilia-Romagna
2021-02-05,TOS,5749,2245,3504,1924,3825,ITI,ITI1,9,Toscana
2021-04-09,ABR,8836,4178,4658,6297,2539,ITF,ITF1,13,Abruzzo
2021-04-22,LAZ,38795,19165,19630,24191,14604,ITI,ITI4,12,Lazio
2021-01-15,MAR,1771,500,1271,1771,0,ITI,ITI3,11,Marche
2021-04-17,UMB,6666,3059,3607,5326,1340,ITI,ITI2,10,Umbria
2021-05-23,PAT,1955,993,962,447,1508,ITH,ITH2,4,Provincia Autonoma Trento
2021-03-20,LIG,2316,995,1321,1142,1174,ITC,ITC3,7,Liguria
2021-03-24,EMR,21190,9389,11801,13807,7383,ITH,ITH5,8,Emilia-Romagna
2021-05-16,TOS,26662,12879,13783,24201,2461,ITI,ITI1,9,Toscana
2021-02-28,VDA,260,86,174,77,183,ITC,ITC2,2,Valle d'Aosta / Vallée d'Aoste
2021-03-10,LAZ,23296,10628,12668,17649,5647,ITI,ITI4,12,Lazio
2021-03-11,MOL,1465,637,828,1459,6,ITF,ITF2,14,Molise
2021-04-10,PAT,2798,1307,1491,2004,794,ITH,ITH2,4,Provincia Autonoma Trento
2021-05-11,VEN,33094,16474,16620,28372,4722,ITH,ITH3,5,Veneto
2021-01-12,LAZ,5413,1981,3432,5413,0,ITI,ITI4,12,Lazio
2021-01-15,LOM,25204,7430,17774,25204,0,ITC,ITC4,3,Lombardia
2021-03-15,CAL,3555,1688,1867,2113,1442,ITF,ITF6,18,Calabria
2021-01-18,PAB,1772,687,1085,1767,5,ITH,ITH1,4,Provincia Autonoma Bolzano / Bozen
2021-05-14,PUG,44733,20436,24297,28634,16099,ITF,ITF4,16,Puglia
2021-02-02,BAS,367,143,224,175,192,ITF,ITF5,17,Basilicata
2021-04-17,PIE,30455,14146,16309,27140,3315,ITC,ITC1,1,Piemonte
2021-01-22,VEN,1080,332,748,25,1055,ITH,ITH3,5,Veneto
2021-01-06,MOL,689,260,429,689,0,ITF,ITF2,14,Molise
2021-04-29,LOM,115441,53567,61874,85618,29823,ITC,ITC4,3,Lombardia
2021-06-13,PIE,37047,19520,17527,32960,4087,ITC,ITC1,1,Piemonte
2021-04-02,ABR,6682,3092,3590,5195,1487,ITF,ITF1,13,Abruzzo
2021-04-25,MAR,8599,3993,4606,7024,1575,ITI,ITI3,11,Marche
2021-04-16,MOL,2430,1033,1397,1198,1232,ITF,ITF2,14,Molise
2021-05-05,VDA,1038,566,472,456,582,ITC,ITC2,2,Valle d'Aosta / Vallée d'Aoste
2021-01-24,EMR,2443,885,1558,298,2145,ITH,ITH5,8,Emilia-Romagna
2021-02-04,ABR,1680,616,1064,610,1070,ITF,ITF1,13,Abruzzo
2021-03-08,SAR,4667,2413,2254,3447,1220,ITG,ITG2,20,Sardegna
2021-05-20,CAL,16892,8434,8458,11286,5606,ITF,ITF6,18,Calabria
2021-01-05,SIC,10283,5048,5235,10283,0,ITG,ITG1,19,Sicilia
2021-02-10,PIE,7535,2371,5164,1316,6219,ITC,ITC1,1,Piemonte
2021-04-09,BAS,1153,351,802,1090,63,ITF,ITF5,17,Basilicata
2021-05-04,SAR,9538,4386,5152,7685,1853,ITG,ITG2,20,Sardegna
2021-04-10,FVG,5027,2202,2825,3802,1225,ITH,ITH4,6,Friuli-Venezia Giulia
2021-01-05,UMB,854,429,425,854,0,ITI,ITI2,10,Umbria
2021-01-24,SAR,90,34,56,5,85,ITG,ITG2,20,Sardegna
2021-04-08,PIE,25144,10930,14214,20414,4730,ITC,ITC1,1,Piemonte
2021-04-15,SIC,21064,10262,10802,11732,9332,ITG,ITG1,19,Sicilia
2021-05-11,TOS,27938,12981,14957,12481,15457,ITI,ITI1,9,Toscana
2021-04-20,LOM,67629,30819,36810,57294,10335,ITC,ITC4,3,Lombardia
2021-05-23,FVG,10267,4852,5415,6119,4148,ITH,ITH4,6,Friuli-Venezia Giulia
2021-01-10,LOM,10513,3957,6556,10513,0,ITC,ITC4,3,Lombardia
2021-04-25,MOL,792,395,397,559,233,ITF,ITF2,14,Molise
2021-01-15,LIG,2256,754,1502,2256,0,ITC,ITC3,7,Liguria
2021-01-17,LOM,8336,3340,4996,8136,200,ITC,ITC4,3,Lombardia
2021-02-07,CAL,859,428,431,148,711,ITF,ITF6,18,Calabria
2021-03-13,TOS,9285,3309,5976,5322,3963,ITI,ITI1,9,Toscana
2021-03-17,LAZ,13798,5905,7893,7543,6255,ITI,ITI4,12,Lazio
2021-03-15,LOM,31545,11326,20219,23030,8515,ITC,ITC4,3,Lombardia
2021-04-25,LIG,1936,921,1015,1521,415,ITC,ITC3,7,Liguria
2021-05-18,CAL,15382,7681,7701,11920,3462,ITF,ITF6,18,Calabria
2021-05-04,VEN,42893,20315,22578,34866,8027,ITH,ITH3,5,Veneto
2021-01-25,PUG,3825,1681,2144,423,3402,ITF,ITF4,16,Puglia
2021-01-13,MAR,2105,746,1359,2105,0,ITI,ITI3,11,Marche
2021-02-10,PAT,853,291,562,511,342,ITH,ITH2,4,Provincia Autonoma Trento
2021-03-13,LIG,3849,1637,2212,2994,855,ITC,ITC3,7,Liguria
2021-05-03,VDA,839,400,439,488,351,ITC,ITC2,2,Valle d'Aosta / Vallée d'Aoste
2021-05-02,MAR,8899,3936,4963,3161,5738,ITI,ITI3,11,Marche
2021-03-10,SAR,6049,2952,3097,5199,850,ITG,ITG2,20,Sardegna
2021-01-17,CAM,1155,551,604,702,453,ITF,ITF3,15,Campania
2021-01-29,TOS,6144,1700,4444,304,5840,ITI,ITI1,9,Toscana
2021-03-22,CAL,4921,2307,2614,3165,1756,ITF,ITF6,18,Calabria
2021-04-10,PIE,30165,13416,16749,25887,4278,ITC,ITC1,1,Piemonte
2021-05-06,SAR,12948,6009,6939,9802,3146,ITG,ITG2,20,Sardegna
2021-05-07,PAB,4192,2061,2131,3664,528,ITH,ITH1,4,Provincia Autonoma Bolzano / Bozen
2021-01-24,VEN,4117,1219,2898,28,4089,ITH,ITH3,5,Veneto
2021-03-15,CAM,13335,6482,6853,8590,4745,ITF,ITF3,15,Campania
2021-03-07,VDA,64,30,34,11,53,ITC,ITC2,2,Valle d'Aosta / Vallée d'Aoste
2021-05-09,TOS,22527,9765,12762,9668,12859,ITI,ITI1,9,Toscana
2021-04-24,UMB,4563,1963,2600,3385,1178,ITI,ITI2,10,Umbria
2021-01-13,MOL,474,160,314,474,0,ITF,ITF2,14,Molise
2021-05-05,PAB,4154,1945,2209,2038,2116,ITH,ITH1,4,Provincia Autonoma Bolzano / Bozen
2021-04-23,MOL,2050,882,1168,1391,659,ITF,ITF2,14,Molise
2021-01-17,EMR,2890,887,2003,2644,246,ITH,ITH5,8,Emilia-Romagna
2021-01-25,PAB,487,183,304,3,484,ITH,ITH1,4,Provincia Autonoma Bolzano / Bozen
2021-03-01,SAR,2264,1153,1111,1605,659,ITG,ITG2,20,Sardegna
2021-01-12,UMB,838,248,590,838,0,ITI,ITI2,10,Umbria
2021-04-22,SIC,26867,12667,14200,20408,6459,ITG,ITG1,19,Sicilia
2021-04-04,ABR,1636,771,865,1507,129,ITF,ITF1,13,Abruzzo
2021-04-08,PAT,3114,1294,1820,1996,1118,ITH,ITH2,4,Provincia Autonoma Trento
2021-03-10,SIC,13855,6054,7801,11672,2183,ITG,ITG1,19,Sicilia
2021-04-15,PIE,29643,13577,16066,24159,5484,ITC,ITC1,1,Piemonte
2021-03-23,PAB,1553,759,794,1552,1,ITH,ITH1,4,Provincia Autonoma Bolzano / Bozen
2021-01-05,PIE,5381,1603,3778,5381,0,ITC,ITC1,1,Piemonte
2021-01-12,SIC,4298,2104,2194,4298,0,ITG,ITG1,19,Sicilia
2021-04-27,LOM,85948,39959,45989,69410,16538,ITC,ITC4,3,Lombardia
2021-03-14,UMB,66,48,18,66,0,ITI,ITI2,10,Umbria
2021-04-07,VEN,35940,16147,19793,28611,7329,ITH,ITH3,5,Veneto
2021-01-07,FVG,2093,718,1375,2093,0,ITH,ITH4,6,Friuli-Venezia Giulia
2021-02-14,LIG,233,122,111,233,0,ITC,ITC3,7,Liguria
2021-04-02,EMR,23399,10557,12842,18919,4480,ITH,ITH5,8,Emilia-Romagna
2021-02-27,BAS,1993,861,1132,1829,164,ITF,ITF5,17,Basilicata
2021-03-05,FVG,3771,1511,2260,2698,1073,ITH,ITH4,6,Friuli-Venezia Giulia
2021-05-25,LIG,14071,6862,7209,10925,3146,ITC,ITC3,7,Liguria
2021-05-29,EMR,37660,16457,21203,17131,20529,ITH,ITH5,8,Emilia-Romagna
2021-05-15,SIC,56471,26384,30087,41226,15245,ITG,ITG1,19,Sicilia
2021-03-19,SIC,16213,7984,8229,10732,5481,ITG,ITG1,19,Sicilia
2021-01-30,VDA,439,202,237,14,425,ITC,ITC2,2,Valle d'Aosta / Vallée d'Aoste
2021-01-31,VEN,4769,1562,3207,392,4377,ITH,ITH3,5,Veneto
2021-05-27,CAM,72840,35292,37548,26360,46480,ITF,ITF3,15,Campania
2021-02-16,CAM,5440,2411,3029,4669,771,ITF,ITF3,15,Campania
2021-03-29,VEN,31449,13684,17765,27616,3833,ITH,ITH3,5,Veneto
2021-02-04,LAZ,6302,2481,3821,987,5315,ITI,ITI4,12,Lazio
2021-04-01,PAB,2786,1407,1379,2642,144,ITH,ITH1,4,Provincia Autonoma Bolzano / Bozen
2021-04-08,PUG,17452,7575,9877,11278,6174,ITF,ITF4,16,Puglia
2020-12-31,PAT,1624,449,1175,1624,0,ITH,ITH2,4,Provincia Autonoma Trento
2021-06-07,BAS,4220,1912,2308,3904,316,ITF,ITF5,17,Basilicata
2021-04-11,BAS,849,330,519,786,63,ITF,ITF5,17,Basilicata
2021-05-13,SAR,11579,5437,6142,8535,3044,ITG,ITG2,20,Sardegna
2021-04-19,FVG,6710,3133,3577,3295,3415,ITH,ITH4,6,Friuli-Venezia Giulia
2021-02-02,SAR,1498,669,829,257,1241,ITG,ITG2,20,Sardegna
2021-01-09,FVG,2513,841,1672,2513,0,ITH,ITH4,6,Friuli-Venezia Giulia
2021-02-27,ABR,2812,1338,1474,2546,266,ITF,ITF1,13,Abruzzo
2021-03-22,MAR,5654,2375,3279,2526,3128,ITI,ITI3,11,Marche
2021-06-15,FVG,11180,5661,5519,5030,6150,ITH,ITH4,6,Friuli-Venezia Giulia
2021-01-07,PIE,5387,1739,3648,5387,0,ITC,ITC1,1,Piemonte
2021-03-12,UMB,2698,1082,1616,2202,496,ITI,ITI2,10,Umbria
2021-06-06,PUG,30474,15348,15126,25459,5015,ITF,ITF4,16,Puglia
2021-02-09,CAL,2156,911,1245,956,1200,ITF,ITF6,18,Calabria
2021-03-05,PIE,15269,5961,9308,11451,3818,ITC,ITC1,1,Piemonte
2021-05-20,TOS,29712,13871,15841,18906,10806,ITI,ITI1,9,Toscana
2021-04-10,PUG,30747,13033,17714,26524,4223,ITF,ITF4,16,Puglia
2021-01-25,VDA,147,65,82,0,147,ITC,ITC2,2,Valle d'Aosta / Vallée d'Aoste
2021-03-17,LOM,26250,10493,15757,15252,10998,ITC,ITC4,3,Lombardia
2021-03-22,LIG,7741,3466,4275,4804,2937,ITC,ITC3,7,Liguria
2021-05-22,CAM,67877,32466,35411,46443,21434,ITF,ITF3,15,Campania
2021-01-31,TOS,3050,1129,1921,106,2944,ITI,ITI1,9,Toscana
2021-05-13,VEN,44148,21787,22361,34265,9883,ITH,ITH3,5,Veneto
2021-05-29,CAL,19223,8931,10292,9397,9826,ITF,ITF6,18,Calabria
2021-02-02,VEN,6508,1878,4630,396,6112,ITH,ITH3,5,Veneto
2021-03-13,MOL,1189,594,595,200,989,ITF,ITF2,14,Molise
2021-01-24,MAR,880,339,541,5,875,ITI,ITI3,11,Marche
2021-02-07,LIG,407,153,254,2,405,ITC,ITC3,7,Liguria
2021-03-07,FVG,2547,932,1615,2546,1,ITH,ITH4,6,Friuli-Venezia Giulia
2021-06-07,ABR,11054,5280,5774,9239,1815,ITF,ITF1,13,Abruzzo
2021-01-15,MOL,538,242,296,538,0,ITF,ITF2,14,Molise
2021-04-11,ABR,5330,2606,2724,4847,483,ITF,ITF1,13,Abruzzo
2021-05-04,MAR,10841,4788,6053,4949,5892,ITI,ITI3,11,Marche
2021-05-18,LIG,13452,6116,7336,10167,3285,ITC,ITC3,7,Liguria
2021-05-30,PAB,4759,2514,2245,752,4007,ITH,ITH1,4,Provincia Autonoma Bolzano / Bozen
2021-03-05,PAT,2245,703,1542,1678,567,ITH,ITH2,4,Provincia Autonoma Trento
2021-03-12,SIC,12771,5490,7281,10776,1995,ITG,ITG1,19,Sicilia
2021-06-09,ABR,11392,6012,5380,9714,1678,ITF,ITF1,13,Abruzzo
2021-05-28,FVG,10451,5007,5444,6351,4100,ITH,ITH4,6,Friuli-Venezia Giulia
2021-06-12,LIG,10007,4876,5131,7875,2132,ITC,ITC3,7,Liguria
2021-04-08,UMB,5887,2520,3367,4092,1795,ITI,ITI2,10,Umbria
2021-03-30,PAT,2387,973,1414,1750,637,ITH,ITH2,4,Provincia Autonoma Trento
2021-03-24,BAS,1863,720,1143,1465,398,ITF,ITF5,17,Basilicata
2021-04-19,VDA,751,325,426,542,209,ITC,ITC2,2,Valle d'Aosta / Vallée d'Aoste
2021-04-30,LIG,14421,6442,7979,5853,8568,ITC,ITC3,7,Liguria
2021-06-09,SIC,48949,23303,25646,41873,7076,ITG,ITG1,19,Sicilia
2021-01-13,TOS,4062,1398,2664,4062,0,ITI,ITI1,9,Toscana
2021-04-25,VEN,18318,8149,10169,13481,4837,ITH,ITH3,5,Veneto
2021-04-01,PIE,19331,8073,11258,11211,8120,ITC,ITC1,1,Piemonte
2021-06-04,UMB,8868,4384,4484,7692,1176,ITI,ITI2,10,Umbria
2021-06-05,MOL,2876,1455,1421,2722,154,ITF,ITF2,14,Molise
2021-04-23,TOS,25682,11431,14251,9364,16318,ITI,ITI1,9,Toscana
2021-03-14,PUG,3321,1430,1891,2510,811,ITF,ITF4,16,Puglia
2021-05-28,PIE,34874,16484,18390,19016,15858,ITC,ITC1,1,Piemonte
2021-01-06,VEN,8133,2385,5748,8133,0,ITH,ITH3,5,Veneto
2021-01-22,CAL,658,274,384,656,2,ITF,ITF6,18,Calabria
2021-01-16,PUG,2506,1033,1473,2506,0,ITF,ITF4,16,Puglia
2021-06-09,LOM,102226,51529,50697,88218,14008,ITC,ITC4,3,Lombardia
2021-05-02,CAL,12506,5835,6671,10665,1841,ITF,ITF6,18,Calabria
2021-01-08,EMR,10865,3580,7285,10865,0,ITH,ITH5,8,Emilia-Romagna
2021-01-25,PIE,6215,1938,4277,983,5232,ITC,ITC1,1,Piemonte
2021-02-20,SAR,2041,855,1186,1707,334,ITG,ITG2,20,Sardegna
2021-01-02,PAB,91,48,43,91,0,ITH,ITH1,4,Provincia Autonoma Bolzano / Bozen
2021-03-06,EMR,20893,5934,14959,18161,2732,ITH,ITH5,8,Emilia-Romagna
2021-01-06,MAR,2188,795,1393,2188,0,ITI,ITI3,11,Marche
2021-03-06,LIG,3304,1842,1462,2599,705,ITC,ITC3,7,Liguria
2021-03-08,LOM,29714,11169,18545,22645,7069,ITC,ITC4,3,Lombardia
2021-03-29,CAL,5615,2372,3243,3858,1757,ITF,ITF6,18,Calabria
2021-01-31,CAL,1110,555,555,154,956,ITF,ITF6,18,Calabria
2021-05-04,LOM,86792,41067,45725,72410,14382,ITC,ITC4,3,Lombardia
2021-05-06,LAZ,48682,22651,26031,31152,17530,ITI,ITI4,12,Lazio
2021-01-22,LIG,1818,604,1214,1332,486,ITC,ITC3,7,Liguria
2021-01-24,LOM,1199,457,742,536,663,ITC,ITC4,3,Lombardia
2021-02-19,FVG,3252,1290,1962,2825,427,ITH,ITH4,6,Friuli-Venezia Giulia
2021-03-04,MAR,6486,2868,3618,5093,1393,ITI,ITI3,11,Marche
2021-05-02,LIG,3879,1768,2111,506,3373,ITC,ITC3,7,Liguria
2021-03-13,MAR,5766,2656,3110,1809,3957,ITI,ITI3,11,Marche
2021-06-13,UMB,6754,3552,3202,6524,230,ITI,ITI2,10,Umbria
2021-01-16,VDA,237,80,157,237,0,ITC,ITC2,2,Valle d'Aosta / Vallée d'Aoste
2021-04-29,SAR,11117,5110,6007,6762,4355,ITG,ITG2,20,Sardegna
2021-03-08,CAM,14686,6847,7839,9910,4776,ITF,ITF3,15,Campania
2021-02-11,ABR,816,262,554,773,43,ITF,ITF1,13,Abruzzo
2021-03-14,VDA,392,200,192,392,0,ITC,ITC2,2,Valle d'Aosta / Vallée d'Aoste
2021-03-15,VEN,16663,7324,9339,11455,5208,ITH,ITH3,5,Veneto
2021-05-01,UMB,5375,2640,2735,2147,3228,ITI,ITI2,10,Umbria
2021-05-04,CAM,48470,23342,25128,39573,8897,ITF,ITF3,15,Campania
2021-06-06,PAT,2228,1061,1167,445,1783,ITH,ITH2,4,Provincia Autonoma Trento
2021-03-18,PAB,1302,531,771,226,1076,ITH,ITH1,4,Provincia Autonoma Bolzano / Bozen
2021-03-20,TOS,6585,2977,3608,5449,1136,ITI,ITI1,9,Toscana
2021-05-11,CAL,15132,7317,7815,10355,4777,ITF,ITF6,18,Calabria
2021-05-20,EMR,40187,18291,21896,18858,21329,ITH,ITH5,8,Emilia-Romagna
2021-05-30,PIE,27700,13185,14515,18376,9324,ITC,ITC1,1,Piemonte
2021-01-24,CAM,4122,2119,2003,377,3745,ITF,ITF3,15,Campania
2021-03-05,UMB,4624,1403,3221,3968,656,ITI,ITI2,10,Umbria
2021-05-09,MAR,8769,3985,4784,3638,5131,ITI,ITI3,11,Marche
2021-01-22,TOS,2866,1064,1802,528,2338,ITI,ITI1,9,Toscana
2021-02-19,PIE,5535,2175,3360,5034,501,ITC,ITC1,1,Piemonte
2021-04-26,VDA,715,327,388,545,170,ITC,ITC2,2,Valle d'Aosta / Vallée d'Aoste
2021-05-14,PAB,5133,2319,2814,3097,2036,ITH,ITH1,4,Provincia Autonoma Bolzano / Bozen
2021-05-21,PUG,38656,18356,20300,28671,9985,ITF,ITF4,16,Puglia
2021-03-04,MOL,850,417,433,526,324,ITF,ITF2,14,Molise
2021-03-16,PAB,1290,532,758,124,1166,ITH,ITH1,4,Provincia Autonoma Bolzano / Bozen
2021-05-13,CAM,55435,24822,30613,39440,15995,ITF,ITF3,15,Campania
2021-01-19,SIC,1294,540,754,1077,217,ITG,ITG1,19,Sicilia
2021-06-12,MOL,2946,1502,1444,2866,80,ITF,ITF2,14,Molise
2021-05-04,LIG,13612,6082,7530,5385,8227,ITC,ITC3,7,Liguria
2021-01-10,SAR,2183,750,1433,2183,0,ITG,ITG2,20,Sardegna
2021-02-17,PAT,1112,425,687,1021,91,ITH,ITH2,4,Provincia Autonoma Trento
2021-03-03,UMB,4438,1773,2665,3727,711,ITI,ITI2,10,Umbria
2021-06-11,SIC,47977,22855,25122,40508,7469,ITG,ITG1,19,Sicilia
2021-05-24,ABR,12234,5837,6397,8881,3353,ITF,ITF1,13,Abruzzo
2021-02-11,BAS,951,401,550,868,83,ITF,ITF5,17,Basilicata
2021-05-12,PAB,3791,2058,1733,3638,153,ITH,ITH1,4,Provincia Autonoma Bolzano / Bozen
2021-04-29,SIC,31559,14768,16791,22229,9330,ITG,ITG1,19,Sicilia
2021-06-04,PIE,36983,19308,17675,34075,2908,ITC,ITC1,1,Piemonte
2021-02-01,PAB,1452,440,1012,12,1440,ITH,ITH1,4,Provincia Autonoma Bolzano / Bozen
2021-01-17,LAZ,4894,2028,2866,4682,212,ITI,ITI4,12,Lazio
2021-02-24,PIE,11409,4629,6780,10904,505,ITC,ITC1,1,Piemonte
2021-03-03,SIC,14420,6432,7988,11356,3064,ITG,ITG1,19,Sicilia
2021-04-24,FVG,6675,2946,3729,5432,1243,ITH,ITH4,6,Friuli-Venezia Giulia
2021-05-19,PUG,26242,12687,13555,19826,6416,ITF,ITF4,16,Puglia
2021-06-14,MOL,1572,787,785,547,1025,ITF,ITF2,14,Molise
2021-01-31,CAM,8068,3711,4357,23,8045,ITF,ITF3,15,Campania
2021-01-19,LAZ,4769,1955,2814,4315,454,ITI,ITI4,12,Lazio
2021-03-23,PUG,10991,5534,5457,4520,6471,ITF,ITF4,16,Puglia
2021-05-09,LIG,2826,1245,1581,1116,1710,ITC,ITC3,7,Liguria
2021-06-06,FVG,9447,4613,4834,7905,1542,ITH,ITH4,6,Friuli-Venezia Giulia
2021-05-22,BAS,5488,2723,2765,1937,3551,ITF,ITF5,17,Basilicata
2021-02-26,FVG,3736,2093,1643,3588,148,ITH,ITH4,6,Friuli-Venezia Giulia
2021-03-26,BAS,1956,705,1251,1695,261,ITF,ITF5,17,Basilicata
2021-02-17,FVG,2354,999,1355,1874,480,ITH,ITH4,6,Friuli-Venezia Giulia
2021-02-18,ABR,2288,933,1355,2158,130,ITF,ITF1,13,Abruzzo
2021-03-17,EMR,13721,5693,8028,5875,7846,ITH,ITH5,8,Emilia-Romagna
2021-05-18,VEN,26849,12494,14355,13288,13561,ITH,ITH3,5,Veneto
2021-05-30,PAT,1770,872,898,930,840,ITH,ITH2,4,Provincia Autonoma Trento
2021-05-02,LOM,83496,38331,45165,61035,22461,ITC,ITC4,3,Lombardia
2021-01-06,SAR,1615,549,1066,1615,0,ITG,ITG2,20,Sardegna
2021-02-11,MAR,1987,657,1330,1598,389,ITI,ITI3,11,Marche
2021-03-25,CAL,7413,3475,3938,4565,2848,ITF,ITF6,18,Calabria
2021-01-28,PAB,871,308,563,9,862,ITH,ITH1,4,Provincia Autonoma Bolzano / Bozen
2021-02-02,MOL,539,176,363,216,323,ITF,ITF2,14,Molise
2021-02-21,VDA,18,3,15,0,18,ITC,ITC2,2,Valle d'Aosta / Vallée d'Aoste
2021-05-09,PAT,2323,1210,1113,1979,344,ITH,ITH2,4,Provincia Autonoma Trento
2021-05-20,BAS,5855,2964,2891,2890,2965,ITF,ITF5,17,Basilicata
2021-01-16,MOL,420,166,254,420,0,ITF,ITF2,14,Molise
2021-04-13,CAM,26601,12682,13919,21070,5531,ITF,ITF3,15,Campania
2021-05-05,MAR,11647,5300,6347,5218,6429,ITI,ITI3,11,Marche
2021-01-03,CAM,3836,2009,1827,3836,0,ITF,ITF3,15,Campania
2021-02-15,PAT,534,188,346,420,114,ITH,ITH2,4,Provincia Autonoma Trento
2021-04-26,MOL,1157,521,636,826,331,ITF,ITF2,14,Molise
2021-06-06,BAS,4500,2068,2432,3722,778,ITF,ITF5,17,Basilicata
2021-06-01,VDA,871,469,402,518,353,ITC,ITC2,2,Valle d'Aosta / Vallée d'Aoste
2021-04-08,LAZ,26710,12225,14485,19024,7686,ITI,ITI4,12,Lazio
2021-05-26,PAT,3904,1838,2066,1225,2679,ITH,ITH2,4,Provincia Autonoma Trento
2021-04-09,MOL,2321,1249,1072,2130,191,ITF,ITF2,14,Molise
2021-04-13,LOM,47585,21242,26343,33514,14071,ITC,ITC4,3,Lombardia
2021-06-07,TOS,34794,17040,17754,31190,3604,ITI,ITI1,9,Toscana
2021-01-15,SIC,4721,2057,2664,4721,0,ITG,ITG1,19,Sicilia
2021-04-20,FVG,7109,3060,4049,3206,3903,ITH,ITH4,6,Friuli-Venezia Giulia
2021-05-28,EMR,41125,18914,22211,17844,23281,ITH,ITH5,8,Emilia-Romagna
2021-04-25,SIC,21354,10184,11170,16376,4978,ITG,ITG1,19,Sicilia
2021-05-21,TOS,28860,13442,15418,17460,11400,ITI,ITI1,9,Toscana
2021-04-30,LOM,117207,54775,62432,89729,27478,ITC,ITC4,3,Lombardia
2021-02-01,SIC,5892,2616,3276,293,5599,ITG,ITG1,19,Sicilia
2021-01-20,LOM,5663,1377,4286,5549,114,ITC,ITC4,3,Lombardia
2021-01-18,MOL,114,48,66,114,0,ITF,ITF2,14,Molise
2021-04-27,VEN,28115,12749,15366,21199,6916,ITH,ITH3,5,Veneto
2021-03-22,SIC,16549,7826,8723,11188,5361,ITG,ITG1,19,Sicilia
2021-04-22,EMR,29044,13446,15598,14967,14077,ITH,ITH5,8,Emilia-Romagna
2021-01-17,VEN,1933,781,1152,1584,349,ITH,ITH3,5,Veneto
2021-02-05,UMB,780,234,546,18,762,ITI,ITI2,10,Umbria
2021-01-12,EMR,9476,3124,6352,9476,0,ITH,ITH5,8,Emilia-Romagna
2020-12-29,SIC,241,150,91,241,0,ITG,ITG1,19,Sicilia
2021-01-10,FVG,2939,918,2021,2939,0,ITH,ITH4,6,Friuli-Venezia Giulia
2021-03-28,ABR,2415,1016,1399,2044,371,ITF,ITF1,13,Abruzzo
2021-04-11,MOL,1196,591,605,1182,14,ITF,ITF2,14,Molise
2021-01-18,PUG,1846,771,1075,1497,349,ITF,ITF4,16,Puglia
2021-04-14,BAS,2042,998,1044,1368,674,ITF,ITF5,17,Basilicata
2021-04-05,FVG,2870,1427,1443,2855,15,ITH,ITH4,6,Friuli-Venezia Giulia
2021-04-03,PIE,19431,8157,11274,10884,8547,ITC,ITC1,1,Piemonte
2021-01-21,BAS,30,10,20,30,0,ITF,ITF5,17,Basilicata
2021-02-03,VEN,5944,1666,4278,479,5465,ITH,ITH3,5,Veneto
2021-01-10,PIE,5214,2275,2939,5214,0,ITC,ITC1,1,Piemonte
2021-06-13,SIC,33533,16656,16877,30000,3533,ITG,ITG1,19,Sicilia
2021-01-04,BAS,607,271,336,607,0,ITF,ITF5,17,Basilicata
2021-01-22,LOM,3117,867,2250,3048,69,ITC,ITC4,3,Lombardia
2021-01-12,FVG,2260,713,1547,2260,0,ITH,ITH4,6,Friuli-Venezia Giulia
2021-04-25,PAB,3072,1497,1575,2401,671,ITH,ITH1,4,Provincia Autonoma Bolzano / Bozen
2021-01-29,FVG,2414,814,1600,264,2150,ITH,ITH4,6,Friuli-Venezia Giulia
2021-02-06,PUG,4547,1929,2618,1591,2956,ITF,ITF4,16,Puglia
2021-03-01,TOS,4473,1733,2740,832,3641,ITI,ITI1,9,Toscana
2021-04-29,VEN,50225,23363,26862,37043,13182,ITH,ITH3,5,Veneto
2021-01-20,PUG,1546,540,1006,1538,8,ITF,ITF4,16,Puglia
2021-03-08,LIG,5630,2460,3170,3941,1689,ITC,ITC3,7,Liguria
2021-04-30,PUG,34872,15619,19253,22918,11954,ITF,ITF4,16,Puglia
2021-04-22,FVG,6771,3079,3692,3084,3687,ITH,ITH4,6,Friuli-Venezia Giulia
2021-02-05,VEN,8372,2534,5838,1415,6957,ITH,ITH3,5,Veneto
2021-04-14,ABR,6614,2957,3657,4496,2118,ITF,ITF1,13,Abruzzo
2021-05-07,MAR,12836,5804,7032,3658,9178,ITI,ITI3,11,Marche
2021-04-12,UMB,7088,3078,4010,5370,1718,ITI,ITI2,10,Umbria
2021-02-22,VEN,7013,3040,3973,6626,387,ITH,ITH3,5,Veneto
2021-03-25,LIG,9751,4221,5530,6358,3393,ITC,ITC3,7,Liguria
2021-04-13,PUG,28666,13589,15077,25265,3401,ITF,ITF4,16,Puglia
2021-02-13,MAR,1093,462,631,1011,82,ITI,ITI3,11,Marche
2021-01-19,UMB,103,23,80,103,0,ITI,ITI2,10,Umbria
2021-02-23,VDA,216,123,93,216,0,ITC,ITC2,2,Valle d'Aosta / Vallée d'Aoste
2021-01-01,LIG,144,55,89,144,0,ITC,ITC3,7,Liguria
2021-04-05,EMR,14862,6811,8051,11970,2892,ITH,ITH5,8,Emilia-Romagna
2021-05-16,VEN,28402,14002,14400,21318,7084,ITH,ITH3,5,Veneto
2021-01-04,ABR,1403,576,827,1403,0,ITF,ITF1,13,Abruzzo
2021-01-27,MAR,2119,780,1339,122,1997,ITI,ITI3,11,Marche
2021-03-10,CAL,6558,3317,3241,5275,1283,ITF,ITF6,18,Calabria
2021-04-29,UMB,5215,2248,2967,2889,2326,ITI,ITI2,10,Umbria
2021-05-18,SAR,14038,6780,7258,9501,4537,ITG,ITG2,20,Sardegna
2021-01-13,PAB,1691,557,1134,1691,0,ITH,ITH1,4,Provincia Autonoma Bolzano / Bozen
2021-03-24,UMB,4106,1792,2314,2783,1323,ITI,ITI2,10,Umbria
2021-01-23,ABR,264,115,149,57,207,ITF,ITF1,13,Abruzzo
2021-04-22,PIE,27653,12725,14928,20954,6699,ITC,ITC1,1,Piemonte
2021-01-12,PIE,10090,3415,6675,10090,0,ITC,ITC1,1,Piemonte
2021-01-30,PAB,498,245,253,4,494,ITH,ITH1,4,Provincia Autonoma Bolzano / Bozen
2021-03-29,CAM,19394,9569,9825,17848,1546,ITF,ITF3,15,Campania
2021-05-03,ABR,11107,5238,5869,7259,3848,ITF,ITF1,13,Abruzzo
2021-06-03,VDA,1306,667,639,896,410,ITC,ITC2,2,Valle d'Aosta / Vallée d'Aoste
2021-01-29,PIE,5944,1887,4057,455,5489,ITC,ITC1,1,Piemonte
2021-02-24,SAR,2413,1294,1119,2223,190,ITG,ITG2,20,Sardegna
2021-04-20,MAR,10696,4995,5701,9279,1417,ITI,ITI3,11,Marche
2021-06-01,CAL,12822,5945,6877,7917,4905,ITF,ITF6,18,Calabria
2021-04-10,UMB,7469,3512,3957,7334,135,ITI,ITI2,10,Umbria
2021-05-02,PUG,21290,9652,11638,14030,7260,ITF,ITF4,16,Puglia
2021-04-23,PAB,4542,2151,2391,3251,1291,ITH,ITH1,4,Provincia Autonoma Bolzano / Bozen
2021-05-17,VDA,809,417,392,375,434,ITC,ITC2,2,Valle d'Aosta / Vallée d'Aoste
2021-01-17,UMB,54,17,37,54,0,ITI,ITI2,10,Umbria
2021-01-29,LIG,3079,1064,2015,67,3012,ITC,ITC3,7,Liguria
2021-03-27,TOS,8861,4151,4710,8646,215,ITI,ITI1,9,Toscana
2021-05-13,EMR,35702,16445,19257,27923,7779,ITH,ITH5,8,Emilia-Romagna
2021-05-29,ABR,10317,4430,5887,4544,5773,ITF,ITF1,13,Abruzzo
2021-03-06,MAR,5699,2622,3077,4432,1267,ITI,ITI3,11,Marche
2021-04-03,PAT,1138,471,667,971,167,ITH,ITH2,4,Provincia Autonoma Trento
2021-06-06,UMB,7610,3903,3707,6917,693,ITI,ITI2,10,Umbria
2021-01-09,VDA,443,199,244,443,0,ITC,ITC2,2,Valle d'Aosta / Vallée d'Aoste
2021-04-29,LAZ,38630,17238,21392,25399,13231,ITI,ITI4,12,Lazio
2021-01-20,MOL,18,8,10,18,0,ITF,ITF2,14,Molise
2021-01-24,CAL,44,18,26,39,5,ITF,ITF6,18,Calabria
2021-03-03,LAZ,17833,7849,9984,13539,4294,ITI,ITI4,12,Lazio
2021-06-06,PIE,34705,18129,16576,32277,2428,ITC,ITC1,1,Piemonte
2021-03-22,VEN,18133,8172,9961,13092,5041,ITH,ITH3,5,Veneto
2021-04-30,MOL,2937,1556,1381,830,2107,ITF,ITF2,14,Molise
2021-05-11,CAM,39840,19231,20609,30460,9380,ITF,ITF3,15,Campania
2021-01-20,LIG,1551,555,996,1539,12,ITC,ITC3,7,Liguria
2021-03-13,VEN,17226,7302,9924,14095,3131,ITH,ITH3,5,Veneto
2021-03-25,PUG,11416,5748,5668,5175,6241,ITF,ITF4,16,Puglia
2021-02-24,UMB,1520,565,955,1505,15,ITI,ITI2,10,Umbria
2021-02-25,MOL,541,239,302,473,68,ITF,ITF2,14,Molise
2021-03-15,EMR,13442,6239,7203,6943,6499,ITH,ITH5,8,Emilia-Romagna
2021-05-22,ABR,13095,6364,6731,8193,4902,ITF,ITF1,13,Abruzzo
2021-06-14,MAR,12622,6381,6241,9311,3311,ITI,ITI3,11,Marche
2021-04-27,SAR,7614,3550,4064,5572,2042,ITG,ITG2,20,Sardegna
2021-01-15,VEN,5874,1819,4055,5874,0,ITH,ITH3,5,Veneto
2021-03-09,PAB,1194,543,651,1192,2,ITH,ITH1,4,Provincia Autonoma Bolzano / Bozen
2021-03-26,ABR,5358,2313,3045,3282,2076,ITF,ITF1,13,Abruzzo
2021-01-17,SAR,860,277,583,859,1,ITG,ITG2,20,Sardegna
2021-02-17,PIE,4793,2156,2637,3803,990,ITC,ITC1,1,Piemonte
2021-02-24,SIC,9307,4760,4547,8747,560,ITG,ITG1,19,Sicilia
2021-03-15,SAR,2798,1318,1480,2425,373,ITG,ITG2,20,Sardegna
2021-05-30,FVG,11056,4986,6070,7472,3584,ITH,ITH4,6,Friuli-Venezia Giulia
2021-03-01,LOM,18773,8227,10546,17068,1705,ITC,ITC4,3,Lombardia
2021-02-08,PUG,3992,1610,2382,1597,2395,ITF,ITF4,16,Puglia
2021-05-31,ABR,11300,5104,6196,6957,4343,ITF,ITF1,13,Abruzzo
2021-01-21,SIC,1422,699,723,501,921,ITG,ITG1,19,Sicilia
2021-04-20,ABR,5589,2689,2900,4179,1410,ITF,ITF1,13,Abruzzo
2021-04-24,PAT,3512,1683,1829,3498,14,ITH,ITH2,4,Provincia Autonoma Trento
2021-01-26,LAZ,7959,3126,4833,724,7235,ITI,ITI4,12,Lazio
2021-02-26,PAT,1218,435,783,923,295,ITH,ITH2,4,Provincia Autonoma Trento
2021-05-01,SIC,24432,11306,13126,19278,5154,ITG,ITG1,19,Sicilia
2021-02-14,TOS,9000,2569,6431,8890,110,ITI,ITI1,9,Toscana
2021-03-26,SAR,8431,3486,4945,6905,1526,ITG,ITG2,20,Sardegna
2021-06-08,PIE,37186,19250,17936,34424,2762,ITC,ITC1,1,Piemonte
2021-05-20,VEN,44691,21191,23500,20404,24287,ITH,ITH3,5,Veneto
2021-05-22,SAR,24771,11927,12844,19674,5097,ITG,ITG2,20,Sardegna
2021-05-23,PAB,4337,2303,2034,4329,8,ITH,ITH1,4,Provincia Autonoma Bolzano / Bozen
2021-05-25,TOS,34130,16462,17668,19530,14600,ITI,ITI1,9,Toscana
2021-01-14,PAT,700,203,497,700,0,ITH,ITH2,4,Provincia Autonoma Trento
2021-02-09,VEN,5247,1889,3358,3446,1801,ITH,ITH3,5,Veneto
2021-05-10,UMB,5983,2800,3183,3831,2152,ITI,ITI2,10,Umbria
2021-03-29,TOS,9638,4810,4828,9314,324,ITI,ITI1,9,Toscana
2021-04-26,PIE,19770,8737,11033,15370,4400,ITC,ITC1,1,Piemonte
2021-02-13,BAS,799,313,486,738,61,ITF,ITF5,17,Basilicata
2020-12-28,CAL,6,2,4,6,0,ITF,ITF6,18,Calabria
2021-02-03,PAB,1503,478,1025,5,1498,ITH,ITH1,4,Provincia Autonoma Bolzano / Bozen
2021-04-02,LAZ,29233,13955,15278,21900,7333,ITI,ITI4,12,Lazio
2021-06-03,CAL,14153,6624,7529,9581,4572,ITF,ITF6,18,Calabria
2021-05-15,LOM,80862,38773,42089,47523,33339,ITC,ITC4,3,Lombardia
2021-05-24,BAS,5134,2492,2642,1328,3806,ITF,ITF5,17,Basilicata
2021-01-19,SAR,747,270,477,692,55,ITG,ITG2,20,Sardegna
2021-04-07,CAL,6538,2954,3584,3719,2819,ITF,ITF6,18,Calabria
2021-01-29,MAR,1991,730,1261,167,1824,ITI,ITI3,11,Marche
2021-02-08,VDA,223,83,140,25,198,ITC,ITC2,2,Valle d'Aosta / Vallée d'Aoste
2021-02-10,PUG,3645,1436,2209,2134,1511,ITF,ITF4,16,Puglia
2021-03-17,SAR,6556,2849,3707,4949,1607,ITG,ITG2,20,Sardegna
2021-02-09,EMR,4156,1249,2907,2309,1847,ITH,ITH5,8,Emilia-Romagna
2021-02-23,CAL,1591,753,838,1476,115,ITF,ITF6,18,Calabria
2021-04-25,ABR,9065,4621,4444,8255,810,ITF,ITF1,13,Abruzzo
2021-05-18,MAR,11060,5257,5803,7656,3404,ITI,ITI3,11,Marche
2021-02-28,PAT,242,121,121,242,0,ITH,ITH2,4,Provincia Autonoma Trento
2021-03-23,VDA,379,150,229,245,134,ITC,ITC2,2,Valle d'Aosta / Vallée d'Aoste
2021-05-08,UMB,8102,3730,4372,4906,3196,ITI,ITI2,10,Umbria
2021-05-19,VDA,993,498,495,418,575,ITC,ITC2,2,Valle d'Aosta / Vallée d'Aoste
2021-06-08,PAT,5914,2864,3050,1871,4043,ITH,ITH2,4,Provincia Autonoma Trento
2021-01-28,LAZ,8279,3165,5114,782,7497,ITI,ITI4,12,Lazio
2021-02-02,CAM,5724,2805,2919,444,5280,ITF,ITF3,15,Campania
2021-02-10,PAB,1635,604,1031,26,1609,ITH,ITH1,4,Provincia Autonoma Bolzano / Bozen
2021-05-10,SIC,28248,13578,14670,16157,12091,ITG,ITG1,19,Sicilia
2021-03-31,CAM,23166,11358,11808,19727,3439,ITF,ITF3,15,Campania
2021-05-08,LAZ,45205,20619,24586,29828,15377,ITI,ITI4,12,Lazio
2021-01-28,UMB,1247,394,853,19,1228,ITI,ITI2,10,Umbria
2021-01-29,MOL,421,136,285,6,415,ITF,ITF2,14,Molise
2021-04-26,PAT,2652,1250,1402,2558,94,ITH,ITH2,4,Provincia Autonoma Trento
2021-05-09,MOL,2051,932,1119,1955,96,ITF,ITF2,14,Molise
2021-05-13,LOM,87017,41717,45300,58264,28753,ITC,ITC4,3,Lombardia
2021-05-23,PUG,17871,8355,9516,14066,3805,ITF,ITF4,16,Puglia
2021-02-02,LOM,19865,6591,13274,497,19368,ITC,ITC4,3,Lombardia
2021-03-26,SIC,17804,8275,9529,12375,5429,ITG,ITG1,19,Sicilia
2021-06-02,BAS,5959,2804,3155,4416,1543,ITF,ITF5,17,Basilicata
2021-03-31,LOM,42027,17038,24989,26804,15223,ITC,ITC4,3,Lombardia
2021-05-15,EMR,33199,14972,18227,22820,10379,ITH,ITH5,8,Emilia-Romagna
2021-05-03,FVG,7208,3285,3923,3429,3779,ITH,ITH4,6,Friuli-Venezia Giulia
2021-02-04,EMR,9939,3207,6732,1250,8689,ITH,ITH5,8,Emilia-Romagna
2021-05-22,EMR,32940,14108,18832,16897,16043,ITH,ITH5,8,Emilia-Romagna
2021-05-03,UMB,5092,2272,2820,2205,2887,ITI,ITI2,10,Umbria
2021-06-04,TOS,28228,13369,14859,20477,7751,ITI,ITI1,9,Toscana
2021-01-24,PAT,547,276,271,224,323,ITH,ITH2,4,Provincia Autonoma Trento
2021-05-20,UMB,9834,4585,5249,6195,3639,ITI,ITI2,10,Umbria
2021-02-09,VDA,251,84,167,68,183,ITC,ITC2,2,Valle d'Aosta / Vallée d'Aoste
2021-03-06,PUG,16140,6121,10019,14052,2088,ITF,ITF4,16,Puglia
2021-04-03,LAZ,24779,11178,13601,18079,6700,ITI,ITI4,12,Lazio
2021-04-08,TOS,29681,12555,17126,23294,6387,ITI,ITI1,9,Toscana
2020-12-31,CAM,1490,811,679,1490,0,ITF,ITF3,15,Campania
2021-02-10,VEN,4751,1588,3163,3697,1054,ITH,ITH3,5,Veneto
2021-03-23,MAR,5789,2529,3260,2262,3527,ITI,ITI3,11,Marche
2021-06-06,CAM,62316,30977,31339,61670,646,ITF,ITF3,15,Campania
2021-01-07,CAL,2187,1067,1120,2187,0,ITF,ITF6,18,Calabria
2021-01-08,PUG,5628,2360,3268,5628,0,ITF,ITF4,16,Puglia
2021-02-13,PAB,318,79,239,312,6,ITH,ITH1,4,Provincia Autonoma Bolzano / Bozen
2021-06-13,CAL,6598,3245,3353,5568,1030,ITF,ITF6,18,Calabria
2021-06-14,PUG,40289,19721,20568,28459,11830,ITF,ITF4,16,Puglia
2021-02-06,MOL,429,179,250,29,400,ITF,ITF2,14,Molise
2021-02-26,CAM,13336,4228,9108,12001,1335,ITF,ITF3,15,Campania
2021-04-08,VEN,32320,14346,17974,24441,7879,ITH,ITH3,5,Veneto
2021-04-11,PAB,2720,1291,1429,2543,177,ITH,ITH1,4,Provincia Autonoma Bolzano / Bozen
2021-04-17,CAL,10853,5085,5768,9046,1807,ITF,ITF6,18,Calabria
2021-04-18,PUG,22555,10782,11773,21492,1063,ITF,ITF4,16,Puglia
2021-02-08,MAR,833,258,575,371,462,ITI,ITI3,11,Marche
2021-04-24,CAM,36354,17524,18830,25107,11247,ITF,ITF3,15,Campania
2021-02-20,PUG,2971,1080,1891,2714,257,ITF,ITF4,16,Puglia
2021-03-27,SAR,5735,2192,3543,5313,422,ITG,ITG2,20,Sardegna
2021-05-01,CAL,16627,7933,8694,12433,4194,ITF,ITF6,18,Calabria
2021-05-11,FVG,9016,4325,4691,7215,1801,ITH,ITH4,6,Friuli-Venezia Giulia
2021-04-21,BAS,3922,1835,2087,2272,1650,ITF,ITF5,17,Basilicata
2021-05-19,MAR,11469,5272,6197,8561,2908,ITI,ITI3,11,Marche
2021-01-31,FVG,2715,836,1879,385,2330,ITH,ITH4,6,Friuli-Venezia Giulia
2021-02-15,LIG,2262,839,1423,1865,397,ITC,ITC3,7,Liguria
2021-03-05,CAL,6232,3615,2617,5659,573,ITF,ITF6,18,Calabria
2021-05-23,SAR,9966,4806,5160,7721,2245,ITG,ITG2,20,Sardegna
2021-05-24,PAB,1444,762,682,1110,334,ITH,ITH1,4,Provincia Autonoma Bolzano / Bozen
2021-05-05,ABR,11655,5584,6071,6450,5205,ITF,ITF1,13,Abruzzo
2021-02-12,SAR,2237,933,1304,2178,59,ITG,ITG2,20,Sardegna
2021-03-27,SIC,15588,7352,8236,10736,4852,ITG,ITG1,19,Sicilia
2021-04-27,PIE,22596,10212,12384,17451,5145,ITC,ITC1,1,Piemonte
2021-03-09,ABR,5167,1795,3372,4229,938,ITF,ITF1,13,Abruzzo
2021-01-03,LIG,734,230,504,734,0,ITC,ITC3,7,Liguria
2021-01-17,PIE,3518,1168,2350,2870,648,ITC,ITC1,1,Piemonte
2021-01-29,SIC,9123,4228,4895,425,8698,ITG,ITG1,19,Sicilia
2021-04-10,SAR,10490,4748,5742,8555,1935,ITG,ITG2,20,Sardegna
2021-02-20,PAB,1802,540,1262,1784,18,ITH,ITH1,4,Provincia Autonoma Bolzano / Bozen
2021-06-04,VEN,49318,25683,23635,41278,8040,ITH,ITH3,5,Veneto
2021-02-12,SIC,4585,1810,2775,4319,266,ITG,ITG1,19,Sicilia
2021-03-15,PIE,10661,4164,6497,5041,5620,ITC,ITC1,1,Piemonte
2021-02-24,VEN,8614,3678,4936,8128,486,ITH,ITH3,5,Veneto
2021-04-10,CAM,28344,13490,14854,23431,4913,ITF,ITF3,15,Campania
2021-04-18,PAB,3110,1607,1503,2100,1010,ITH,ITH1,4,Provincia Autonoma Bolzano / Bozen
2021-05-11,PIE,32040,15450,16590,18843,13197,ITC,ITC1,1,Piemonte
2021-05-23,SIC,34098,16595,17503,20071,14027,ITG,ITG1,19,Sicilia
2021-01-31,PIE,4113,1753,2360,112,4001,ITC,ITC1,1,Piemonte
2021-05-23,LOM,60741,28919,31822,26793,33948,ITC,ITC4,3,Lombardia
2021-02-12,LOM,13954,4360,9594,9023,4931,ITC,ITC4,3,Lombardia
2021-02-19,LAZ,10045,5080,4965,9214,831,ITI,ITI4,12,Lazio
2021-04-10,LOM,52686,21823,30863,40732,11954,ITC,ITC4,3,Lombardia
2021-06-06,LOM,89777,46166,43611,80601,9176,ITC,ITC4,3,Lombardia
2021-01-07,LOM,11754,3634,8120,11754,0,ITC,ITC4,3,Lombardia
2021-03-03,TOS,18228,6537,11691,14622,3606,ITI,ITI1,9,Toscana
2021-06-04,MOL,3010,1477,1533,2568,442,ITF,ITF2,14,Molise
2021-01-18,BAS,463,157,306,364,99,ITF,ITF5,17,Basilicata
2021-01-05,TOS,5249,1755,3494,5249,0,ITI,ITI1,9,Toscana
2021-04-08,MOL,1766,903,863,1564,202,ITF,ITF2,14,Molise
2021-06-10,SIC,50854,23889,26965,43801,7053,ITG,ITG1,19,Sicilia
2021-01-15,PUG,4552,1866,2686,4552,0,ITF,ITF4,16,Puglia
2021-04-19,EMR,20897,9796,11101,14624,6273,ITH,ITH5,8,Emilia-Romagna
2021-01-31,PAT,75,15,60,1,74,ITH,ITH2,4,Provincia Autonoma Trento
2021-03-31,UMB,3903,1733,2170,2216,1687,ITI,ITI2,10,Umbria
2021-01-09,EMR,9986,3451,6535,9986,0,ITH,ITH5,8,Emilia-Romagna
2021-06-15,EMR,40037,20568,19469,26238,13799,ITH,ITH5,8,Emilia-Romagna
2021-03-16,BAS,1905,801,1104,229,1676,ITF,ITF5,17,Basilicata
2021-03-07,EMR,7841,2958,4883,6322,1519,ITH,ITH5,8,Emilia-Romagna
2021-02-16,UMB,1308,655,653,1299,9,ITI,ITI2,10,Umbria
2021-05-27,SIC,47408,21765,25643,24855,22553,ITG,ITG1,19,Sicilia
2021-05-03,EMR,28691,13553,15138,17814,10877,ITH,ITH5,8,Emilia-Romagna
2021-01-07,CAM,8911,4167,4744,8911,0,ITF,ITF3,15,Campania
2021-05-27,UMB,9967,4861,5106,8649,1318,ITI,ITI2,10,Umbria
2021-01-19,TOS,1104,531,573,1104,0,ITI,ITI1,9,Toscana
2021-03-12,CAL,5156,2469,2687,4089,1067,ITF,ITF6,18,Calabria
2021-01-04,UMB,810,398,412,810,0,ITI,ITI2,10,Umbria
2021-03-05,CAM,16809,6662,10147,10146,6663,ITF,ITF3,15,Campania
2021-04-14,SIC,20116,9725,10391,11420,8696,ITG,ITG1,19,Sicilia
2021-01-14,CAL,2636,1249,1387,2636,0,ITF,ITF6,18,Calabria
2021-04-14,UMB,8151,3673,4478,6172,1979,ITI,ITI2,10,Umbria
2021-05-29,FVG,12008,5841,6167,7021,4987,ITH,ITH4,6,Friuli-Venezia Giulia
2021-01-15,PAB,3282,1228,2054,3282,0,ITH,ITH1,4,Provincia Autonoma Bolzano / Bozen
2021-04-21,LAZ,33045,15012,18033,20657,12388,ITI,ITI4,12,Lazio
2021-01-07,LIG,3229,1095,2134,3229,0,ITC,ITC3,7,Liguria
2021-06-13,LIG,5616,2695,2921,5163,453,ITC,ITC3,7,Liguria
2021-04-17,LIG,7388,3220,4168,6638,750,ITC,ITC3,7,Liguria
2021-01-07,SAR,3112,1077,2035,3112,0,ITG,ITG2,20,Sardegna
2021-04-18,VDA,522,254,268,518,4,ITC,ITC2,2,Valle d'Aosta / Vallée d'Aoste
2021-04-17,MAR,11701,5316,6385,10628,1073,ITI,ITI3,11,Marche
2021-05-01,LIG,7141,3256,3885,1342,5799,ITC,ITC3,7,Liguria
2021-02-07,PIE,3088,974,2114,445,2643,ITC,ITC1,1,Piemonte
2021-01-31,BAS,77,24,53,0,77,ITF,ITF5,17,Basilicata
2021-02-22,EMR,7482,3091,4391,7210,272,ITH,ITH5,8,Emilia-Romagna
2021-03-15,UMB,4616,1950,2666,2848,1768,ITI,ITI2,10,Umbria
2021-02-01,TOS,5509,1958,3551,521,4988,ITI,ITI1,9,Toscana
2021-05-25,ABR,11320,5264,6056,8187,3133,ITF,ITF1,13,Abruzzo
2021-02-10,LAZ,8187,3398,4789,4849,3338,ITI,ITI4,12,Lazio
2021-02-10,UMB,715,349,366,700,15,ITI,ITI2,10,Umbria
2021-03-13,PAT,831,381,450,783,48,ITH,ITH2,4,Provincia Autonoma Trento
2021-05-09,VEN,35008,16095,18913,24955,10053,ITH,ITH3,5,Veneto
2021-05-21,LAZ,51213,24498,26715,37506,13707,ITI,ITI4,12,Lazio
2021-05-31,MAR,11780,5941,5839,8851,2929,ITI,ITI3,11,Marche
2021-04-05,VDA,462,222,240,458,4,ITC,ITC2,2,Valle d'Aosta / Vallée d'Aoste
2021-06-04,LAZ,61017,29695,31322,43669,17348,ITI,ITI4,12,Lazio
2021-05-02,FVG,6839,3210,3629,3939,2900,ITH,ITH4,6,Friuli-Venezia Giulia
2021-02-20,PIE,3834,1254,2580,3660,174,ITC,ITC1,1,Piemonte
2021-05-17,MAR,11853,5568,6285,7690,4163,ITI,ITI3,11,Marche
2021-01-12,BAS,217,88,129,217,0,ITF,ITF5,17,Basilicata
2021-02-11,MOL,293,133,160,257,36,ITF,ITF2,14,Molise
2021-06-05,PAB,6065,3021,3044,4972,1093,ITH,ITH1,4,Provincia Autonoma Bolzano / Bozen
2021-03-04,LOM,29303,12101,17202,20248,9055,ITC,ITC4,3,Lombardia
2021-04-04,LIG,756,366,390,507,249,ITC,ITC3,7,Liguria
2021-04-23,PUG,29366,13643,15723,24155,5211,ITF,ITF4,16,Puglia
2021-01-31,ABR,1521,493,1028,288,1233,ITF,ITF1,13,Abruzzo
2021-05-04,LAZ,39819,18321,21498,26318,13501,ITI,ITI4,12,Lazio
2021-05-22,MOL,1312,710,602,1228,84,ITF,ITF2,14,Molise
2021-04-18,LIG,2613,1164,1449,2145,468,ITC,ITC3,7,Liguria
2021-05-16,FVG,9955,4763,5192,8558,1397,ITH,ITH4,6,Friuli-Venezia Giulia
2021-05-26,VEN,30992,15155,15837,14554,16438,ITH,ITH3,5,Veneto
2021-05-28,SAR,17968,8701,9267,13669,4299,ITG,ITG2,20,Sardegna
2021-05-10,ABR,10104,4782,5322,5456,4648,ITF,ITF1,13,Abruzzo
2021-02-17,SAR,1407,577,830,1333,74,ITG,ITG2,20,Sardegna
2021-04-30,PAB,3337,1592,1745,1562,1775,ITH,ITH1,4,Provincia Autonoma Bolzano / Bozen
2021-04-29,PIE,48350,21886,26464,35732,12618,ITC,ITC1,1,Piemonte
2021-05-25,SAR,14325,7025,7300,8595,5730,ITG,ITG2,20,Sardegna
2021-01-08,LIG,2926,999,1927,2926,0,ITC,ITC3,7,Liguria
2021-01-20,PAB,617,252,365,409,208,ITH,ITH1,4,Provincia Autonoma Bolzano / Bozen
2021-01-24,SIC,4312,2254,2058,136,4176,ITG,ITG1,19,Sicilia
2021-04-23,ABR,7382,3387,3995,5080,2302,ITF,ITF1,13,Abruzzo
2021-04-30,MAR,13941,6101,7840,5398,8543,ITI,ITI3,11,Marche
2021-01-06,PAB,59,18,41,59,0,ITH,ITH1,4,Provincia Autonoma Bolzano / Bozen
2021-02-14,CAL,464,211,253,434,30,ITF,ITF6,18,Calabria
2021-06-11,SAR,14759,7012,7747,9230,5529,ITG,ITG2,20,Sardegna
2021-01-30,ABR,1510,567,943,69,1441,ITF,ITF1,13,Abruzzo
2021-03-01,VEN,9394,3716,5678,7572,1822,ITH,ITH3,5,Veneto
2021-04-05,CAM,11639,5544,6095,9216,2423,ITF,ITF3,15,Campania
2021-03-03,SAR,4063,2265,1798,2815,1248,ITG,ITG2,20,Sardegna
2021-03-22,LOM,40308,14293,26015,29769,10539,ITC,ITC4,3,Lombardia
2021-05-16,PIE,28123,12766,15357,15057,13066,ITC,ITC1,1,Piemonte
2021-05-25,CAL,16368,7989,8379,10291,6077,ITF,ITF6,18,Calabria
2021-04-08,LOM,52297,21742,30555,35851,16446,ITC,ITC4,3,Lombardia
2021-02-05,PIE,9604,3139,6465,659,8945,ITC,ITC1,1,Piemonte
2020-12-29,LOM,104,44,60,104,0,ITC,ITC4,3,Lombardia
2021-02-24,LAZ,12048,5208,6840,11054,994,ITI,ITI4,12,Lazio
2021-01-24,UMB,258,106,152,1,257,ITI,ITI2,10,Umbria
2021-05-04,SIC,26767,12465,14302,17533,9234,ITG,ITG1,19,Sicilia
2021-04-22,LOM,73840,33355,40485,57522,16318,ITC,ITC4,3,Lombardia
2021-03-17,CAM,11589,5100,6489,5009,6580,ITF,ITF3,15,Campania
2021-04-29,PAT,4638,2237,2401,4428,210,ITH,ITH2,4,Provincia Autonoma Trento
2021-05-10,BAS,4807,2385,2422,2765,2042,ITF,ITF5,17,Basilicata
2021-03-03,LOM,26956,11506,15450,19678,7278,ITC,ITC4,3,Lombardia
2021-04-27,TOS,10349,4911,5438,3866,6483,ITI,ITI1,9,Toscana
2021-03-18,PUG,9404,4256,5148,3286,6118,ITF,ITF4,16,Puglia
2021-04-11,MAR,7117,3115,4002,6831,286,ITI,ITI3,11,Marche
2021-01-22,PAT,1668,433,1235,329,1339,ITH,ITH2,4,Provincia Autonoma Trento
2021-01-26,CAL,1811,862,949,278,1533,ITF,ITF6,18,Calabria
2021-03-10,FVG,3575,1687,1888,1782,1793,ITH,ITH4,6,Friuli-Venezia Giulia
2021-01-27,LIG,1744,603,1141,141,1603,ITC,ITC3,7,Liguria
2021-02-05,PAT,802,272,530,283,519,ITH,ITH2,4,Provincia Autonoma Trento
2021-02-24,FVG,2522,1086,1436,2504,18,ITH,ITH4,6,Friuli-Venezia Giulia
2021-03-29,LAZ,25031,11732,13299,17993,7038,ITI,ITI4,12,Lazio
2021-05-01,EMR,28401,12773,15628,15628,12773,ITH,ITH5,8,Emilia-Romagna
2021-05-16,PAT,1329,735,594,1091,238,ITH,ITH2,4,Provincia Autonoma Trento
2021-03-04,PUG,15332,6083,9249,13913,1419,ITF,ITF4,16,Puglia
2021-03-30,PAB,1298,532,766,218,1080,ITH,ITH1,4,Provincia Autonoma Bolzano / Bozen
2021-06-08,UMB,7256,3580,3676,6741,515,ITI,ITI2,10,Umbria
2021-06-11,CAM,67749,32844,34905,61746,6003,ITF,ITF3,15,Campania
2021-05-21,LIG,12837,5952,6885,9713,3124,ITC,ITC3,7,Liguria
2021-06-09,PUG,41052,20339,20713,29983,11069,ITF,ITF4,16,Puglia
2021-01-28,VDA,291,123,168,56,235,ITC,ITC2,2,Valle d'Aosta / Vallée d'Aoste
2021-03-03,CAM,13922,5495,8427,7292,6630,ITF,ITF3,15,Campania
2021-04-03,VEN,21944,9624,12320,14229,7715,ITH,ITH3,5,Veneto
2021-03-11,MAR,6591,2784,3807,5221,1370,ITI,ITI3,11,Marche
2021-04-16,PAB,2949,1418,1531,2438,511,ITH,ITH1,4,Provincia Autonoma Bolzano / Bozen
2021-04-22,CAL,9617,4795,4822,6776,2841,ITF,ITF6,18,Calabria
2021-01-05,PAT,709,232,477,709,0,ITH,ITH2,4,Provincia Autonoma Trento
2021-02-27,LIG,1888,921,967,1759,129,ITC,ITC3,7,Liguria
2021-03-20,VEN,13005,5385,7620,10926,2079,ITH,ITH3,5,Veneto
2021-03-27,FVG,5351,2897,2454,3940,1411,ITH,ITH4,6,Friuli-Venezia Giulia
2021-02-15,PUG,3253,1268,1985,2633,620,ITF,ITF4,16,Puglia
2021-03-15,LAZ,20634,9555,11079,13892,6742,ITI,ITI4,12,Lazio
2021-03-22,SAR,3695,1496,2199,3182,513,ITG,ITG2,20,Sardegna
2021-03-25,MAR,6656,2772,3884,3247,3409,ITI,ITI3,11,Marche
2021-05-06,CAL,13253,6270,6983,8994,4259,ITF,ITF6,18,Calabria
2021-03-16,MOL,614,230,384,267,347,ITF,ITF2,14,Molise
2021-04-15,PAT,3185,1438,1747,3031,154,ITH,ITH2,4,Provincia Autonoma Trento
2021-01-17,TOS,2536,871,1665,2023,513,ITI,ITI1,9,Toscana
2021-02-10,LIG,2314,837,1477,1019,1295,ITC,ITC3,7,Liguria
2021-05-31,LIG,14634,7324,7310,9119,5515,ITC,ITC3,7,Liguria
2021-02-07,VDA,292,120,172,190,102,ITC,ITC2,2,Valle d'Aosta / Vallée d'Aoste
2021-04-13,VEN,14022,6321,7701,8536,5486,ITH,ITH3,5,Veneto
2021-06-03,ABR,13041,6216,6825,9269,3772,ITF,ITF1,13,Abruzzo
2021-01-13,FVG,2650,834,1816,2650,0,ITH,ITH4,6,Friuli-Venezia Giulia
2021-02-13,TOS,7785,2360,5425,7558,227,ITI,ITI1,9,Toscana
2021-03-09,LIG,5930,2753,3177,4499,1431,ITC,ITC3,7,Liguria
2021-04-06,FVG,6641,3102,3539,5491,1150,ITH,ITH4,6,Friuli-Venezia Giulia
2021-03-12,ABR,6015,1987,4028,4433,1582,ITF,ITF1,13,Abruzzo
2021-04-04,MAR,3824,1792,2032,2655,1169,ITI,ITI3,11,Marche
2021-05-16,CAL,13769,6723,7046,9960,3809,ITF,ITF6,18,Calabria
2020-12-27,FVG,262,149,113,262,0,ITH,ITH4,6,Friuli-Venezia Giulia
2021-03-26,MOL,2575,1045,1530,1933,642,ITF,ITF2,14,Molise
2021-02-20,LIG,1335,637,698,1334,1,ITC,ITC3,7,Liguria
2021-05-01,VDA,940,563,377,456,484,ITC,ITC2,2,Valle d'Aosta / Vallée d'Aoste
2021-03-03,PIE,12120,4644,7476,11301,819,ITC,ITC1,1,Piemonte
2021-03-29,SAR,4716,1823,2893,4127,589,ITG,ITG2,20,Sardegna
2021-05-13,UMB,5907,2661,3246,3834,2073,ITI,ITI2,10,Umbria
2021-03-14,ABR,1873,731,1142,1207,666,ITF,ITF1,13,Abruzzo
2021-04-14,VDA,941,430,511,717,224,ITC,ITC2,2,Valle d'Aosta / Vallée d'Aoste
2021-05-18,CAM,52124,23193,28931,32512,19612,ITF,ITF3,15,Campania
2021-04-15,SAR,11821,5525,6296,6865,4956,ITG,ITG2,20,Sardegna
2021-01-03,VEN,5157,1562,3595,5157,0,ITH,ITH3,5,Veneto
2021-02-19,UMB,743,293,450,526,217,ITI,ITI2,10,Umbria
2021-01-05,SAR,1327,446,881,1327,0,ITG,ITG2,20,Sardegna
2021-01-08,TOS,5947,1643,4304,5947,0,ITI,ITI1,9,Toscana
2021-03-20,PIE,11922,4899,7023,6024,5898,ITC,ITC1,1,Piemonte
2021-06-09,MAR,14046,7305,6741,12176,1870,ITI,ITI3,11,Marche
2021-03-04,PAB,1715,1005,710,1486,229,ITH,ITH1,4,Provincia Autonoma Bolzano / Bozen
2021-01-22,SAR,83,47,36,55,28,ITG,ITG2,20,Sardegna
2021-02-12,PAT,1010,340,670,589,421,ITH,ITH2,4,Provincia Autonoma Trento
2021-01-17,CAL,896,430,466,801,95,ITF,ITF6,18,Calabria
2021-05-16,LIG,3705,1861,1844,2145,1560,ITC,ITC3,7,Liguria
2021-05-18,LOM,88134,42132,46002,32603,55531,ITC,ITC4,3,Lombardia
2021-02-19,SIC,4908,2648,2260,4343,565,ITG,ITG1,19,Sicilia
2021-06-04,LOM,104310,54161,50149,94761,9549,ITC,ITC4,3,Lombardia
2021-02-22,LIG,3334,1467,1867,3192,142,ITC,ITC3,7,Liguria
2021-02-24,LOM,14665,5925,8740,13733,932,ITC,ITC4,3,Lombardia
2021-02-25,ABR,3043,1331,1712,2514,529,ITF,ITF1,13,Abruzzo
2021-03-01,PAT,1237,454,783,942,295,ITH,ITH2,4,Provincia Autonoma Trento
2021-03-08,SIC,13388,5860,7528,10775,2613,ITG,ITG1,19,Sicilia
2021-06-05,ABR,14604,6859,7745,10553,4051,ITF,ITF1,13,Abruzzo
2021-06-07,MAR,13157,6496,6661,10708,2449,ITI,ITI3,11,Marche
2021-01-31,LAZ,4460,1854,2606,477,3983,ITI,ITI4,12,Lazio
2021-02-05,CAM,7259,3463,3796,2132,5127,ITF,ITF3,15,Campania
2021-03-20,PAT,874,403,471,671,203,ITH,ITH2,4,Provincia Autonoma Trento
2021-03-24,CAL,7634,3484,4150,4380,3254,ITF,ITF6,18,Calabria
2021-03-03,PAT,1659,622,1037,1141,518,ITH,ITH2,4,Provincia Autonoma Trento
2021-03-14,BAS,1010,477,533,541,469,ITF,ITF5,17,Basilicata
2021-01-02,VDA,6,5,1,6,0,ITC,ITC2,2,Valle d'Aosta / Vallée d'Aoste
2021-05-11,LAZ,48188,22124,26064,31724,16464,ITI,ITI4,12,Lazio
2021-06-13,EMR,27221,14219,13002,22973,4248,ITH,ITH5,8,Emilia-Romagna
2021-03-26,VDA,498,204,294,491,7,ITC,ITC2,2,Valle d'Aosta / Vallée d'Aoste
2021-05-16,LOM,68654,32494,36160,36484,32170,ITC,ITC4,3,Lombardia
2021-05-30,SIC,35766,16169,19597,17719,18047,ITG,ITG1,19,Sicilia
2021-03-05,EMR,17848,5840,12008,14395,3453,ITH,ITH5,8,Emilia-Romagna
2021-02-05,LOM,25683,7454,18229,2415,23268,ITC,ITC4,3,Lombardia
2021-02-27,MAR,3356,1435,1921,3147,209,ITI,ITI3,11,Marche
2021-04-10,CAL,11363,5126,6237,6575,4788,ITF,ITF6,18,Calabria
2021-04-17,SAR,10082,4502,5580,5483,4599,ITG,ITG2,20,Sardegna
2021-02-18,MOL,319,74,245,306,13,ITF,ITF2,14,Molise
2021-03-31,BAS,3095,1258,1837,2313,782,ITF,ITF5,17,Basilicata
2021-05-13,SIC,47215,22142,25073,30721,16494,ITG,ITG1,19,Sicilia
2021-02-12,FVG,1193,428,765,1146,47,ITH,ITH4,6,Friuli-Venezia Giulia
2021-03-22,EMR,17645,7810,9835,10781,6864,ITH,ITH5,8,Emilia-Romagna
2021-04-01,TOS,27024,11205,15819,16392,10632,ITI,ITI1,9,Toscana
2021-05-26,PAB,4934,2490,2444,2961,1973,ITH,ITH1,4,Provincia Autonoma Bolzano / Bozen
2021-02-22,LOM,11894,4807,7087,11589,305,ITC,ITC4,3,Lombardia
2021-04-24,LAZ,33374,15047,18327,20604,12770,ITI,ITI4,12,Lazio
2021-04-29,CAM,41321,20033,21288,24844,16477,ITF,ITF3,15,Campania
2021-06-11,PAT,7096,3371,3725,1523,5573,ITH,ITH2,4,Provincia Autonoma Trento
2021-03-15,TOS,8689,3637,5052,4246,4443,ITI,ITI1,9,Toscana
2021-01-19,CAM,1095,474,621,1092,3,ITF,ITF3,15,Campania
2021-06-05,BAS,4796,2206,2590,3853,943,ITF,ITF5,17,Basilicata
2021-01-31,SIC,4031,1926,2105,112,3919,ITG,ITG1,19,Sicilia
2021-03-08,VEN,13628,6270,7358,9559,4069,ITH,ITH3,5,Veneto
2021-03-09,MOL,1329,579,750,1177,152,ITF,ITF2,14,Molise
2021-03-03,EMR,15842,5254,10588,13365,2477,ITH,ITH5,8,Emilia-Romagna
2021-05-11,SIC,32270,15355,16915,19797,12473,ITG,ITG1,19,Sicilia
2021-06-13,PAT,3682,2033,1649,295,3387,ITH,ITH2,4,Provincia Autonoma Trento
2021-02-20,MOL,1018,441,577,998,20,ITF,ITF2,14,Molise
2021-02-17,SIC,5214,3202,2012,4545,669,ITG,ITG1,19,Sicilia
2021-05-17,ABR,11040,5042,5998,6182,4858,ITF,ITF1,13,Abruzzo
2021-05-30,LAZ,41092,17549,23543,33819,7273,ITI,ITI4,12,Lazio
2021-05-13,LAZ,49804,22364,27440,32080,17724,ITI,ITI4,12,Lazio
2021-05-31,MOL,2313,1102,1211,1924,389,ITF,ITF2,14,Molise
2021-05-06,PIE,33423,15751,17672,19880,13543,ITC,ITC1,1,Piemonte
2021-02-23,BAS,1901,771,1130,1763,138,ITF,ITF5,17,Basilicata
2021-05-23,PIE,28700,13130,15570,15750,12950,ITC,ITC1,1,Piemonte
2021-05-14,MOL,2644,1215,1429,1926,718,ITF,ITF2,14,Molise
2020-12-27,PAT,103,40,63,103,0,ITH,ITH2,4,Provincia Autonoma Trento
2021-02-12,PIE,6891,2215,4676,3930,2961,ITC,ITC1,1,Piemonte
2021-06-03,BAS,4918,2255,2663,3737,1181,ITF,ITF5,17,Basilicata
2021-05-25,FVG,12867,6363,6504,9553,3314,ITH,ITH4,6,Friuli-Venezia Giulia
2021-03-12,BAS,1905,980,925,805,1100,ITF,ITF5,17,Basilicata
2021-04-24,SIC,31109,14689,16420,23498,7611,ITG,ITG1,19,Sicilia
2021-03-01,PIE,12043,4846,7197,11234,809,ITC,ITC1,1,Piemonte
2021-05-26,PUG,38186,18333,19853,26573,11613,ITF,ITF4,16,Puglia
2021-04-08,SAR,13439,5936,7503,8319,5120,ITG,ITG2,20,Sardegna
2020-12-29,SAR,57,32,25,57,0,ITG,ITG2,20,Sardegna
2021-03-11,PAB,1684,825,859,1146,538,ITH,ITH1,4,Provincia Autonoma Bolzano / Bozen
2021-01-11,MOL,557,194,363,557,0,ITF,ITF2,14,Molise
2021-02-25,PAB,1498,549,949,1497,1,ITH,ITH1,4,Provincia Autonoma Bolzano / Bozen
2021-05-11,LOM,86826,41415,45411,60662,26164,ITC,ITC4,3,Lombardia
2021-03-10,PIE,13635,5170,8465,11341,2294,ITC,ITC1,1,Piemonte
2021-05-25,CAM,46427,22312,24115,23063,23364,ITF,ITF3,15,Campania
2021-06-02,PAB,1444,809,635,987,457,ITH,ITH1,4,Provincia Autonoma Bolzano / Bozen
2021-03-27,PIE,18385,7827,10558,9557,8828,ITC,ITC1,1,Piemonte
2021-04-05,CAL,3414,1606,1808,2557,857,ITF,ITF6,18,Calabria
2021-04-22,SAR,10503,4659,5844,5584,4919,ITG,ITG2,20,Sardegna
2021-01-10,VEN,5032,1671,3361,5032,0,ITH,ITH3,5,Veneto
2021-03-21,ABR,2135,914,1221,844,1291,ITF,ITF1,13,Abruzzo
2021-01-05,LAZ,7375,2803,4572,7375,0,ITI,ITI4,12,Lazio
2021-01-12,SAR,865,408,457,865,0,ITG,ITG2,20,Sardegna
2021-02-05,EMR,9321,2967,6354,1638,7683,ITH,ITH5,8,Emilia-Romagna
2021-05-28,LOM,93379,44755,48624,42920,50459,ITC,ITC4,3,Lombardia
2021-06-12,VDA,1232,599,633,1066,166,ITC,ITC2,2,Valle d'Aosta / Vallée d'Aoste
2021-04-15,FVG,6489,2861,3628,5218,1271,ITH,ITH4,6,Friuli-Venezia Giulia
2021-02-17,LOM,11985,3755,8230,10596,1389,ITC,ITC4,3,Lombardia
2021-03-15,SIC,10609,4683,5926,5717,4892,ITG,ITG1,19,Sicilia
2021-06-12,ABR,11295,5849,5446,9935,1360,ITF,ITF1,13,Abruzzo
2021-06-11,LOM,100140,50983,49157,85842,14298,ITC,ITC4,3,Lombardia
2021-03-08,TOS,6701,2940,3761,1881,4820,ITI,ITI1,9,Toscana
2021-04-29,FVG,6697,2939,3758,4164,2533,ITH,ITH4,6,Friuli-Venezia Giulia
2021-02-20,MAR,4121,1705,2416,4010,111,ITI,ITI3,11,Marche
2021-01-24,LAZ,5694,2229,3465,612,5082,ITI,ITI4,12,Lazio
2021-01-27,PUG,4582,1932,2650,612,3970,ITF,ITF4,16,Puglia
2021-01-05,FVG,1678,551,1127,1678,0,ITH,ITH4,6,Friuli-Venezia Giulia
2021-02-07,LAZ,4944,2025,2919,387,4557,ITI,ITI4,12,Lazio
2021-03-27,PAT,1619,710,909,1363,256,ITH,ITH2,4,Provincia Autonoma Trento
2021-05-07,PUG,49816,22240,27576,26459,23357,ITF,ITF4,16,Puglia
2021-05-30,TOS,28670,13943,14727,21726,6944,ITI,ITI1,9,Toscana
2021-03-18,LIG,4986,2124,2862,2007,2979,ITC,ITC3,7,Liguria
2021-05-18,LAZ,44517,20374,24143,35018,9499,ITI,ITI4,12,Lazio
2021-03-21,BAS,1053,485,568,359,694,ITF,ITF5,17,Basilicata
2021-04-01,LIG,12414,5506,6908,9644,2770,ITC,ITC3,7,Liguria
2021-01-13,PUG,4542,1730,2812,4542,0,ITF,ITF4,16,Puglia
2021-02-08,PAB,2,1,1,1,1,ITH,ITH1,4,Provincia Autonoma Bolzano / Bozen
2021-04-22,CAM,33941,16532,17409,21538,12403,ITF,ITF3,15,Campania
2021-05-23,VEN,34475,16458,18017,11066,23409,ITH,ITH3,5,Veneto
2021-06-04,PAT,5799,2595,3204,1832,3967,ITH,ITH2,4,Provincia Autonoma Trento
2021-06-08,CAL,15912,7508,8404,13906,2006,ITF,ITF6,18,Calabria
2021-01-20,MAR,403,100,303,384,19,ITI,ITI3,11,Marche
2021-05-29,BAS,3059,1534,1525,834,2225,ITF,ITF5,17,Basilicata
2021-01-12,CAM,5215,2564,2651,5215,0,ITF,ITF3,15,Campania
2021-02-12,VEN,4314,1447,2867,3742,572,ITH,ITH3,5,Veneto
2021-03-19,VDA,322,85,237,287,35,ITC,ITC2,2,Valle d'Aosta / Vallée d'Aoste
2021-02-03,MAR,2125,741,1384,119,2006,ITI,ITI3,11,Marche
2021-03-17,CAL,4047,1803,2244,2138,1909,ITF,ITF6,18,Calabria
2021-04-06,PUG,13794,6216,7578,7043,6751,ITF,ITF4,16,Puglia
2021-05-11,SAR,8785,4065,4720,6437,2348,ITG,ITG2,20,Sardegna
2021-01-25,MOL,319,130,189,3,316,ITF,ITF2,14,Molise
2021-01-29,VEN,9021,2788,6233,367,8654,ITH,ITH3,5,Veneto
2021-01-31,SAR,2121,750,1371,48,2073,ITG,ITG2,20,Sardegna
2021-05-14,MAR,13494,6218,7276,6721,6773,ITI,ITI3,11,Marche
2021-02-05,FVG,2609,784,1825,89,2520,ITH,ITH4,6,Friuli-Venezia Giulia
2021-02-24,PAT,1324,525,799,926,398,ITH,ITH2,4,Provincia Autonoma Trento
2021-05-05,MOL,2413,1042,1371,2272,141,ITF,ITF2,14,Molise
2021-05-06,CAM,57264,27898,29366,42822,14442,ITF,ITF3,15,Campania
2021-05-19,PAB,3624,1847,1777,1840,1784,ITH,ITH1,4,Provincia Autonoma Bolzano / Bozen
2021-01-03,PAB,41,16,25,41,0,ITH,ITH1,4,Provincia Autonoma Bolzano / Bozen
2021-04-14,FVG,7215,3118,4097,5503,1712,ITH,ITH4,6,Friuli-Venezia Giulia
2021-01-13,ABR,1256,441,815,1256,0,ITF,ITF1,13,Abruzzo
2021-06-03,PAT,4747,2226,2521,1304,3443,ITH,ITH2,4,Provincia Autonoma Trento
2021-01-19,PIE,6466,2105,4361,6454,12,ITC,ITC1,1,Piemonte
2021-02-14,SAR,539,263,276,537,2,ITG,ITG2,20,Sardegna
2021-06-08,LIG,17790,8889,8901,11200,6590,ITC,ITC3,7,Liguria
2021-04-13,PAB,2391,1130,1261,2384,7,ITH,ITH1,4,Provincia Autonoma Bolzano / Bozen
2021-05-03,LAZ,39167,17682,21485,26587,12580,ITI,ITI4,12,Lazio
2021-05-07,VDA,564,245,319,533,31,ITC,ITC2,2,Valle d'Aosta / Vallée d'Aoste
2021-03-17,LIG,5552,2368,3184,2473,3079,ITC,ITC3,7,Liguria
2021-04-23,VDA,921,443,478,538,383,ITC,ITC2,2,Valle d'Aosta / Vallée d'Aoste
2021-05-04,MOL,2705,1181,1524,2577,128,ITF,ITF2,14,Molise
2021-05-08,VEN,41387,18716,22671,29580,11807,ITH,ITH3,5,Veneto
2021-01-13,VDA,337,110,227,337,0,ITC,ITC2,2,Valle d'Aosta / Vallée d'Aoste
2021-01-10,MOL,270,72,198,270,0,ITF,ITF2,14,Molise
2021-04-05,LOM,27377,11694,15683,19274,8103,ITC,ITC4,3,Lombardia
2021-04-06,VDA,741,381,360,629,112,ITC,ITC2,2,Valle d'Aosta / Vallée d'Aoste
2021-04-20,MOL,2318,1025,1293,1220,1098,ITF,ITF2,14,Molise
2021-06-09,MOL,949,532,417,473,476,ITF,ITF2,14,Molise
2021-01-13,BAS,916,387,529,916,0,ITF,ITF5,17,Basilicata
2020-12-31,TOS,803,202,601,803,0,ITI,ITI1,9,Toscana
2021-04-14,PIE,27711,12562,15149,23186,4525,ITC,ITC1,1,Piemonte
2021-04-23,BAS,4536,2185,2351,3536,1000,ITF,ITF5,17,Basilicata
2021-05-23,MOL,1699,863,836,1694,5,ITF,ITF2,14,Molise
2021-04-10,TOS,11720,5348,6372,10976,744,ITI,ITI1,9,Toscana
2021-04-14,EMR,27034,12836,14198,20929,6105,ITH,ITH5,8,Emilia-Romagna
2021-01-19,PAT,406,77,329,406,0,ITH,ITH2,4,Provincia Autonoma Trento
2021-01-30,BAS,704,227,477,128,576,ITF,ITF5,17,Basilicata
2021-03-01,PUG,15100,5866,9234,13730,1370,ITF,ITF4,16,Puglia
2021-02-13,ABR,852,384,468,438,414,ITF,ITF1,13,Abruzzo
2021-04-19,CAL,7846,3784,4062,6180,1666,ITF,ITF6,18,Calabria
2021-01-21,EMR,2165,729,1436,819,1346,ITH,ITH5,8,Emilia-Romagna
2021-02-11,UMB,842,349,493,837,5,ITI,ITI2,10,Umbria
2021-03-27,LIG,3931,1548,2383,2536,1395,ITC,ITC3,7,Liguria
2021-05-23,TOS,28374,13645,14729,25809,2565,ITI,ITI1,9,Toscana
2021-01-25,MAR,1596,558,1038,96,1500,ITI,ITI3,11,Marche
2020-12-31,UMB,322,127,195,322,0,ITI,ITI2,10,Umbria
2021-04-10,SIC,20399,9957,10442,11437,8962,ITG,ITG1,19,Sicilia
2021-01-10,PAT,84,19,65,84,0,ITH,ITH2,4,Provincia Autonoma Trento
2021-04-13,LIG,13076,5866,7210,11052,2024,ITC,ITC3,7,Liguria
2021-04-15,LOM,49411,21843,27568,35592,13819,ITC,ITC4,3,Lombardia
2021-01-17,SIC,1303,590,713,1245,58,ITG,ITG1,19,Sicilia
2021-04-16,ABR,7537,3488,4049,5620,1917,ITF,ITF1,13,Abruzzo
2021-01-05,LOM,7821,2567,5254,7821,0,ITC,ITC4,3,Lombardia
2021-03-22,LAZ,22952,10209,12743,16280,6672,ITI,ITI4,12,Lazio
2021-03-27,CAM,21507,10239,11268,17642,3865,ITF,ITF3,15,Campania
2021-01-23,BAS,719,303,416,33,686,ITF,ITF5,17,Basilicata
2021-05-13,CAL,15908,7646,8262,11214,4694,ITF,ITF6,18,Calabria
2021-05-03,BAS,4514,2043,2471,3687,827,ITF,ITF5,17,Basilicata
2021-04-24,EMR,28612,13230,15382,14384,14228,ITH,ITH5,8,Emilia-Romagna
2020-12-29,LAZ,488,176,312,488,0,ITI,ITI4,12,Lazio
2021-01-08,MAR,1578,590,988,1578,0,ITI,ITI3,11,Marche
2021-01-11,PAB,1571,513,1058,1571,0,ITH,ITH1,4,Provincia Autonoma Bolzano / Bozen
2021-02-19,CAL,1508,681,827,1247,261,ITF,ITF6,18,Calabria
2021-05-15,VDA,1065,614,451,380,685,ITC,ITC2,2,Valle d'Aosta / Vallée d'Aoste
2021-06-06,SAR,10027,4996,5031,6375,3652,ITG,ITG2,20,Sardegna
2021-01-29,PAT,1353,331,1022,55,1298,ITH,ITH2,4,Provincia Autonoma Trento
2021-02-09,BAS,491,213,278,316,175,ITF,ITF5,17,Basilicata
2021-02-04,VDA,294,86,208,8,286,ITC,ITC2,2,Valle d'Aosta / Vallée d'Aoste
2021-03-27,LOM,32419,12367,20052,23715,8704,ITC,ITC4,3,Lombardia
2021-04-18,MAR,8820,4131,4689,7899,921,ITI,ITI3,11,Marche
2021-05-11,EMR,35767,16790,18977,28504,7263,ITH,ITH5,8,Emilia-Romagna
2021-05-30,CAL,10937,5250,5687,6784,4153,ITF,ITF6,18,Calabria
2021-04-28,VDA,1218,632,586,715,503,ITC,ITC2,2,Valle d'Aosta / Vallée d'Aoste
2021-06-01,CAM,41908,20793,21115,31483,10425,ITF,ITF3,15,Campania
2021-01-31,EMR,7698,2763,4935,241,7457,ITH,ITH5,8,Emilia-Romagna
2021-02-10,TOS,4263,1281,2982,3740,523,ITI,ITI1,9,Toscana
2021-04-03,FVG,3985,1970,2015,2656,1329,ITH,ITH4,6,Friuli-Venezia Giulia
2021-01-03,LOM,854,316,538,854,0,ITC,ITC4,3,Lombardia
2021-04-06,PAB,2250,1118,1132,2147,103,ITH,ITH1,4,Provincia Autonoma Bolzano / Bozen
2021-03-10,CAM,15608,7718,7890,8773,6835,ITF,ITF3,15,Campania
2021-04-22,PAT,3150,1470,1680,3104,46,ITH,ITH2,4,Provincia Autonoma Trento
2021-06-15,UMB,5785,2909,2876,3848,1937,ITI,ITI2,10,Umbria
2021-05-04,TOS,18302,8208,10094,12855,5447,ITI,ITI1,9,Toscana
2021-06-13,LAZ,52526,23258,29268,27720,24806,ITI,ITI4,12,Lazio
2021-03-07,LAZ,14132,5464,8668,10539,3593,ITI,ITI4,12,Lazio
2021-06-10,FVG,10256,5376,4880,9384,872,ITH,ITH4,6,Friuli-Venezia Giulia
2021-06-15,LAZ,63700,30637,33063,32684,31016,ITI,ITI4,12,Lazio
2021-02-28,PIE,10816,4060,6756,10576,240,ITC,ITC1,1,Piemonte
2021-05-15,CAM,62579,29013,33566,43898,18681,ITF,ITF3,15,Campania
2021-03-17,PIE,12518,5055,7463,5224,7294,ITC,ITC1,1,Piemonte
2020-12-31,VEN,3220,1042,2178,3220,0,ITH,ITH3,5,Veneto
2021-03-11,ABR,5493,2218,3275,4355,1138,ITF,ITF1,13,Abruzzo
2021-03-24,LAZ,27359,12642,14717,21121,6238,ITI,ITI4,12,Lazio
2021-03-25,MOL,1806,730,1076,1309,497,ITF,ITF2,14,Molise
2021-03-19,FVG,3248,1348,1900,1315,1933,ITH,ITH4,6,Friuli-Venezia Giulia
2021-03-08,MOL,1379,522,857,1239,140,ITF,ITF2,14,Molise
2021-03-05,SIC,15668,6771,8897,11433,4235,ITG,ITG1,19,Sicilia
2021-06-02,ABR,9684,4693,4991,6873,2811,ITF,ITF1,13,Abruzzo
2021-04-07,PAT,2605,1014,1591,1663,942,ITH,ITH2,4,Provincia Autonoma Trento
2021-03-21,EMR,11955,5296,6659,7350,4605,ITH,ITH5,8,Emilia-Romagna
2021-05-13,LIG,13264,6068,7196,9051,4213,ITC,ITC3,7,Liguria
2021-02-16,SIC,4196,2208,1988,3731,465,ITG,ITG1,19,Sicilia
2021-05-29,LAZ,51515,23065,28450,40925,10590,ITI,ITI4,12,Lazio
2021-04-12,VEN,14901,6333,8568,6684,8217,ITH,ITH3,5,Veneto
2021-02-19,LIG,3213,1305,1908,3037,176,ITC,ITC3,7,Liguria
2021-01-02,VEN,5743,1766,3977,5743,0,ITH,ITH3,5,Veneto
2021-04-13,MOL,1630,718,912,1043,587,ITF,ITF2,14,Molise
2021-05-30,LIG,3275,1603,1672,1364,1911,ITC,ITC3,7,Liguria
2021-03-13,ABR,4124,1420,2704,3081,1043,ITF,ITF1,13,Abruzzo
2021-03-28,BAS,2141,742,1399,2124,17,ITF,ITF5,17,Basilicata
2021-05-17,CAL,14895,7452,7443,10183,4712,ITF,ITF6,18,Calabria
2021-06-10,PIE,39632,20706,18926,37156,2476,ITC,ITC1,1,Piemonte
2021-03-26,UMB,4604,1716,2888,4432,172,ITI,ITI2,10,Umbria
2021-03-27,MOL,2743,1273,1470,1310,1433,ITF,ITF2,14,Molise
2021-02-12,TOS,7606,2683,4923,7393,213,ITI,ITI1,9,Toscana
2021-04-08,PAB,2765,1346,1419,2562,203,ITH,ITH1,4,Provincia Autonoma Bolzano / Bozen
2021-06-10,EMR,43629,22427,21202,38407,5222,ITH,ITH5,8,Emilia-Romagna
2021-03-11,BAS,1794,928,866,835,959,ITF,ITF5,17,Basilicata
2021-01-02,UMB,304,111,193,304,0,ITI,ITI2,10,Umbria
2021-03-02,EMR,12669,4272,8397,10580,2089,ITH,ITH5,8,Emilia-Romagna
2021-01-03,PUG,2007,943,1064,2007,0,ITF,ITF4,16,Puglia
2021-04-14,SAR,8252,3903,4349,7014,1238,ITG,ITG2,20,Sardegna
2021-01-10,MAR,1741,700,1041,1741,0,ITI,ITI3,11,Marche
2021-02-21,CAL,614,288,326,537,77,ITF,ITF6,18,Calabria
2021-03-19,EMR,15924,6972,8952,7955,7969,ITH,ITH5,8,Emilia-Romagna
2021-03-19,PIE,11021,4512,6509,4415,6606,ITC,ITC1,1,Piemonte
2021-03-27,PUG,12150,5706,6444,6982,5168,ITF,ITF4,16,Puglia
2021-04-05,PIE,14746,6233,8513,12189,2557,ITC,ITC1,1,Piemonte
2021-05-01,SAR,9908,4762,5146,5451,4457,ITG,ITG2,20,Sardegna
2021-01-19,VEN,1309,472,837,1159,150,ITH,ITH3,5,Veneto
2021-01-21,SAR,126,60,66,94,32,ITG,ITG2,20,Sardegna
2021-02-06,VDA,289,104,185,92,197,ITC,ITC2,2,Valle d'Aosta / Vallée d'Aoste
2021-03-12,CAM,14572,7409,7163,8489,6083,ITF,ITF3,15,Campania
2021-06-01,LIG,16149,8108,8041,10786,5363,ITC,ITC3,7,Liguria
2021-06-03,LOM,96828,49583,47245,86173,10655,ITC,ITC4,3,Lombardia
2021-02-07,SAR,1117,395,722,228,889,ITG,ITG2,20,Sardegna
2021-04-28,CAL,12522,6059,6463,9665,2857,ITF,ITF6,18,Calabria
2021-03-07,UMB,845,180,665,838,7,ITI,ITI2,10,Umbria
2021-01-05,PUG,5106,2251,2855,5106,0,ITF,ITF4,16,Puglia
2020-12-27,PAB,144,65,79,144,0,ITH,ITH1,4,Provincia Autonoma Bolzano / Bozen
2021-02-04,CAL,3554,1693,1861,653,2901,ITF,ITF6,18,Calabria
2021-04-30,VDA,831,355,476,485,346,ITC,ITC2,2,Valle d'Aosta / Vallée d'Aoste
2021-05-10,LAZ,44387,20279,24108,31010,13377,ITI,ITI4,12,Lazio
2021-04-15,PUG,32429,15133,17296,28928,3501,ITF,ITF4,16,Puglia
2021-01-20,VDA,23,8,15,23,0,ITC,ITC2,2,Valle d'Aosta / Vallée d'Aoste
2021-03-12,LOM,35259,12963,22296,25060,10199,ITC,ITC4,3,Lombardia
2021-04-03,MAR,7574,3204,4370,6904,670,ITI,ITI3,11,Marche
2021-04-07,FVG,7777,3583,4194,6995,782,ITH,ITH4,6,Friuli-Venezia Giulia
2021-05-15,CAL,27117,12984,14133,20342,6775,ITF,ITF6,18,Calabria
2021-03-29,LOM,40034,15537,24497,25204,14830,ITC,ITC4,3,Lombardia
2020-12-31,SIC,881,470,411,881,0,ITG,ITG1,19,Sicilia
2021-01-26,TOS,5393,1792,3601,220,5173,ITI,ITI1,9,Toscana
2021-03-30,ABR,5126,2260,2866,3302,1824,ITF,ITF1,13,Abruzzo
2021-03-10,LIG,5897,2859,3038,3991,1906,ITC,ITC3,7,Liguria
2021-05-06,TOS,31324,13615,17709,14173,17151,ITI,ITI1,9,Toscana
2021-06-03,CAM,72486,35132,37354,61872,10614,ITF,ITF3,15,Campania
2021-01-06,ABR,1831,664,1167,1831,0,ITF,ITF1,13,Abruzzo
2021-02-23,CAM,11003,3388,7615,10477,526,ITF,ITF3,15,Campania
2021-04-19,TOS,9090,4504,4586,8062,1028,ITI,ITI1,9,Toscana
2021-05-01,VEN,38839,18233,20606,29895,8944,ITH,ITH3,5,Veneto
2021-05-03,SAR,8184,3819,4365,6588,1596,ITG,ITG2,20,Sardegna
2021-02-02,CAL,2341,1146,1195,177,2164,ITF,ITF6,18,Calabria
2021-05-30,MOL,1828,908,920,1543,285,ITF,ITF2,14,Molise
2021-03-07,SIC,9262,3455,5807,8179,1083,ITG,ITG1,19,Sicilia
2021-04-07,EMR,26110,11890,14220,20098,6012,ITH,ITH5,8,Emilia-Romagna
2021-04-17,TOS,20532,9206,11326,18410,2122,ITI,ITI1,9,Toscana
2021-05-20,SAR,15928,7565,8363,11308,4620,ITG,ITG2,20,Sardegna
2021-01-12,PAT,505,158,347,505,0,ITH,ITH2,4,Provincia Autonoma Trento
2021-01-16,CAL,2395,1120,1275,2395,0,ITF,ITF6,18,Calabria
2021-06-11,PAB,5681,2912,2769,2212,3469,ITH,ITH1,4,Provincia Autonoma Bolzano / Bozen
2021-06-15,SIC,31211,14769,16442,19796,11415,ITG,ITG1,19,Sicilia
2021-02-09,SAR,2287,837,1450,1290,997,ITG,ITG2,20,Sardegna
2021-01-14,EMR,8129,2593,5536,8129,0,ITH,ITH5,8,Emilia-Romagna
2021-03-24,SIC,20863,9800,11063,15202,5661,ITG,ITG1,19,Sicilia
2021-02-26,SAR,2801,1109,1692,2495,306,ITG,ITG2,20,Sardegna
2021-03-20,PAB,1757,848,909,1132,625,ITH,ITH1,4,Provincia Autonoma Bolzano / Bozen
2021-05-27,LAZ,57643,26668,30975,44160,13483,ITI,ITI4,12,Lazio
2021-05-29,UMB,7834,3597,4237,6273,1561,ITI,ITI2,10,Umbria
2021-03-30,BAS,2740,1157,1583,2395,345,ITF,ITF5,17,Basilicata
2021-01-18,VDA,213,74,139,213,0,ITC,ITC2,2,Valle d'Aosta / Vallée d'Aoste
2021-02-21,CAM,5836,2241,3595,5611,225,ITF,ITF3,15,Campania
2021-03-19,PAT,2423,915,1508,1571,852,ITH,ITH2,4,Provincia Autonoma Trento
2021-01-06,BAS,294,129,165,294,0,ITF,ITF5,17,Basilicata
2021-01-24,TOS,3349,1073,2276,201,3148,ITI,ITI1,9,Toscana
2021-03-05,LAZ,19559,8659,10900,14826,4733,ITI,ITI4,12,Lazio
2021-02-16,LAZ,8358,4034,4324,7753,605,ITI,ITI4,12,Lazio
2021-04-05,PAT,35,17,18,33,2,ITH,ITH2,4,Provincia Autonoma Trento
2021-04-16,BAS,3319,1632,1687,2421,898,ITF,ITF5,17,Basilicata
2021-05-29,SIC,47147,21457,25690,23955,23192,ITG,ITG1,19,Sicilia
2021-01-07,TOS,6018,1751,4267,6018,0,ITI,ITI1,9,Toscana
2021-04-11,VDA,479,208,271,479,0,ITC,ITC2,2,Valle d'Aosta / Vallée d'Aoste
2021-06-14,VDA,306,163,143,12,294,ITC,ITC2,2,Valle d'Aosta / Vallée d'Aoste
2021-03-05,LIG,4869,2150,2719,3737,1132,ITC,ITC3,7,Liguria
2021-06-10,SAR,17879,8518,9361,11847,6032,ITG,ITG2,20,Sardegna
2021-02-19,LOM,14194,5393,8801,13483,711,ITC,ITC4,3,Lombardia
2021-04-22,MOL,1844,863,981,1065,779,ITF,ITF2,14,Molise
2021-05-31,VDA,879,395,484,500,379,ITC,ITC2,2,Valle d'Aosta / Vallée d'Aoste
2021-04-17,LOM,48396,21258,27138,37628,10768,ITC,ITC4,3,Lombardia
2021-04-26,VEN,20712,9451,11261,15574,5138,ITH,ITH3,5,Veneto
2021-06-03,LAZ,56000,28290,27710,38531,17469,ITI,ITI4,12,Lazio
2021-06-13,MAR,10425,5409,5016,9205,1220,ITI,ITI3,11,Marche
2020-12-27,MAR,202,98,104,202,0,ITI,ITI3,11,Marche
2021-05-05,BAS,4334,2048,2286,3444,890,ITF,ITF5,17,Basilicata
2021-02-17,MOL,72,32,40,57,15,ITF,ITF2,14,Molise
2021-02-26,LOM,18363,7547,10816,16509,1854,ITC,ITC4,3,Lombardia
2021-03-09,BAS,1400,713,687,794,606,ITF,ITF5,17,Basilicata
2021-04-21,SIC,22399,10741,11658,16291,6108,ITG,ITG1,19,Sicilia
2021-01-21,CAL,960,445,515,930,30,ITF,ITF6,18,Calabria
2021-01-22,PUG,1409,578,831,991,418,ITF,ITF4,16,Puglia
2021-05-28,MOL,2641,1361,1280,2096,545,ITF,ITF2,14,Molise
2021-02-28,EMR,6823,2527,4296,4977,1846,ITH,ITH5,8,Emilia-Romagna
2021-01-25,BAS,1023,429,594,74,949,ITF,ITF5,17,Basilicata
2021-04-26,EMR,27883,12928,14955,18575,9308,ITH,ITH5,8,Emilia-Romagna
2021-04-07,SIC,15413,7596,7817,8303,7110,ITG,ITG1,19,Sicilia
2021-06-03,UMB,9022,4459,4563,8752,270,ITI,ITI2,10,Umbria
2021-01-16,EMR,5628,1718,3910,5628,0,ITH,ITH5,8,Emilia-Romagna
2021-04-07,UMB,5569,2289,3280,3563,2006,ITI,ITI2,10,Umbria
2021-02-01,ABR,1632,573,1059,271,1361,ITF,ITF1,13,Abruzzo
2021-03-14,EMR,8794,3835,4959,4997,3797,ITH,ITH5,8,Emilia-Romagna
2021-01-11,BAS,183,66,117,183,0,ITF,ITF5,17,Basilicata
2021-01-14,CAM,7074,2978,4096,7074,0,ITF,ITF3,15,Campania
2021-02-23,UMB,1693,658,1035,1651,42,ITI,ITI2,10,Umbria
2021-06-03,SIC,45748,20975,24773,34252,11496,ITG,ITG1,19,Sicilia
2021-01-12,TOS,3581,1398,2183,3581,0,ITI,ITI1,9,Toscana
2021-01-08,PAB,1521,479,1042,1521,0,ITH,ITH1,4,Provincia Autonoma Bolzano / Bozen
2021-06-06,LIG,3798,2030,1768,2946,852,ITC,ITC3,7,Liguria
2021-06-10,LAZ,70718,33214,37504,37515,33203,ITI,ITI4,12,Lazio
2021-03-23,ABR,4831,2187,2644,2265,2566,ITF,ITF1,13,Abruzzo
2021-04-24,LIG,8169,3785,4384,5018,3151,ITC,ITC3,7,Liguria
2021-05-22,FVG,11536,5180,6356,7305,4231,ITH,ITH4,6,Friuli-Venezia Giulia
2020-12-31,SAR,32,16,16,32,0,ITG,ITG2,20,Sardegna
2021-04-25,VDA,849,408,441,710,139,ITC,ITC2,2,Valle d'Aosta / Vallée d'Aoste
2021-01-25,ABR,1604,632,972,17,1587,ITF,ITF1,13,Abruzzo
2021-02-26,LIG,3764,1523,2241,3436,328,ITC,ITC3,7,Liguria
2021-06-07,VDA,710,347,363,649,61,ITC,ITC2,2,Valle d'Aosta / Vallée d'Aoste
2021-06-06,MAR,12299,6074,6225,10810,1489,ITI,ITI3,11,Marche
2021-02-27,VDA,231,85,146,124,107,ITC,ITC2,2,Valle d'Aosta / Vallée d'Aoste
2021-04-14,LAZ,29288,13272,16016,19166,10122,ITI,ITI4,12,Lazio
2021-06-11,MOL,3296,1585,1711,1999,1297,ITF,ITF2,14,Molise
2021-06-15,VEN,46858,23803,23055,29794,17064,ITH,ITH3,5,Veneto
2021-05-22,PIE,33378,15080,18298,17246,16132,ITC,ITC1,1,Piemonte
2020-12-31,LOM,713,301,412,713,0,ITC,ITC4,3,Lombardia
2021-04-15,MOL,1925,793,1132,1080,845,ITF,ITF2,14,Molise
2021-01-14,FVG,2584,789,1795,2584,0,ITH,ITH4,6,Friuli-Venezia Giulia
2021-04-05,LIG,3976,1751,2225,2327,1649,ITC,ITC3,7,Liguria
2021-04-18,BAS,3719,1846,1873,2352,1367,ITF,ITF5,17,Basilicata
2021-04-09,EMR,25722,11666,14056,20025,5697,ITH,ITH5,8,Emilia-Romagna
2021-01-28,SIC,9024,4269,4755,395,8629,ITG,ITG1,19,Sicilia
2021-05-11,MOL,3206,1414,1792,2956,250,ITF,ITF2,14,Molise
2021-01-23,UMB,280,100,180,2,278,ITI,ITI2,10,Umbria
2021-05-08,SIC,35573,17006,18567,25320,10253,ITG,ITG1,19,Sicilia
2021-05-27,VEN,46339,22781,23558,23255,23084,ITH,ITH3,5,Veneto
2021-02-17,PUG,4275,1746,2529,3672,603,ITF,ITF4,16,Puglia
2021-05-03,PIE,26662,12168,14494,12515,14147,ITC,ITC1,1,Piemonte
2021-04-07,CAM,24963,11980,12983,20239,4724,ITF,ITF3,15,Campania
2021-03-26,LAZ,29735,13594,16141,22888,6847,ITI,ITI4,12,Lazio
2021-05-21,PAB,6919,3802,3117,5075,1844,ITH,ITH1,4,Provincia Autonoma Bolzano / Bozen
2021-05-28,PUG,43452,20570,22882,27858,15594,ITF,ITF4,16,Puglia
2021-02-07,VEN,2315,862,1453,714,1601,ITH,ITH3,5,Veneto
2021-02-02,EMR,9485,3053,6432,527,8958,ITH,ITH5,8,Emilia-Romagna
2021-02-20,BAS,1162,531,631,1044,118,ITF,ITF5,17,Basilicata
2021-02-19,PAT,929,359,570,870,59,ITH,ITH2,4,Provincia Autonoma Trento
2021-05-31,BAS,4228,2009,2219,1721,2507,ITF,ITF5,17,Basilicata
2021-01-26,SIC,9231,4559,4672,258,8973,ITG,ITG1,19,Sicilia
2021-02-26,PIE,12293,4933,7360,11556,737,ITC,ITC1,1,Piemonte
2021-03-24,SAR,7408,3107,4301,6049,1359,ITG,ITG2,20,Sardegna
2021-01-08,ABR,1525,507,1018,1525,0,ITF,ITF1,13,Abruzzo
2021-06-08,FVG,9937,5188,4749,9581,356,ITH,ITH4,6,Friuli-Venezia Giulia
2021-01-21,UMB,610,202,408,341,269,ITI,ITI2,10,Umbria
2021-03-10,LOM,33231,12709,20522,25372,7859,ITC,ITC4,3,Lombardia
2021-04-24,PIE,27459,12420,15039,21817,5642,ITC,ITC1,1,Piemonte
2021-05-27,TOS,28278,13156,15122,13450,14828,ITI,ITI1,9,Toscana
2021-02-28,FVG,2685,1002,1683,2292,393,ITH,ITH4,6,Friuli-Venezia Giulia
2021-04-18,ABR,5813,2727,3086,4870,943,ITF,ITF1,13,Abruzzo
2021-05-11,MAR,10622,4832,5790,5678,4944,ITI,ITI3,11,Marche
2021-01-14,PIE,9766,3152,6614,9766,0,ITC,ITC1,1,Piemonte
2021-03-16,VDA,182,37,145,118,64,ITC,ITC2,2,Valle d'Aosta / Vallée d'Aoste
2021-03-31,TOS,32698,13247,19451,20538,12160,ITI,ITI1,9,Toscana
2021-05-06,LOM,89761,42168,47593,73320,16441,ITC,ITC4,3,Lombardia
2021-01-26,LOM,8336,2704,5632,349,7987,ITC,ITC4,3,Lombardia
2021-03-31,CAL,8815,4004,4811,4855,3960,ITF,ITF6,18,Calabria
2021-02-18,BAS,1070,401,669,855,215,ITF,ITF5,17,Basilicata
2021-04-09,CAL,7903,3700,4203,5013,2890,ITF,ITF6,18,Calabria
2021-04-02,CAM,21841,10514,11327,19519,2322,ITF,ITF3,15,Campania
2021-05-11,LIG,13906,6385,7521,7302,6604,ITC,ITC3,7,Liguria
2021-05-30,PUG,20881,9999,10882,15855,5026,ITF,ITF4,16,Puglia
2021-01-22,MOL,128,36,92,128,0,ITF,ITF2,14,Molise
2021-03-22,TOS,5247,2759,2488,4803,444,ITI,ITI1,9,Toscana
2021-03-24,VEN,22079,9558,12521,15272,6807,ITH,ITH3,5,Veneto
2021-05-16,PAB,2024,931,1093,1330,694,ITH,ITH1,4,Provincia Autonoma Bolzano / Bozen
2021-05-02,MOL,1893,932,961,588,1305,ITF,ITF2,14,Molise
2021-02-20,ABR,4775,1842,2933,4699,76,ITF,ITF1,13,Abruzzo
2021-03-15,MAR,4401,2026,2375,1311,3090,ITI,ITI3,11,Marche
2021-03-29,LIG,10542,4607,5935,7412,3130,ITC,ITC3,7,Liguria
2021-04-26,FVG,5460,2451,3009,3811,1649,ITH,ITH4,6,Friuli-Venezia Giulia
2021-03-06,MOL,1728,807,921,1569,159,ITF,ITF2,14,Molise
2021-06-05,CAL,20326,9523,10803,17363,2963,ITF,ITF6,18,Calabria
2021-01-31,LIG,624,270,354,9,615,ITC,ITC3,7,Liguria
2021-05-15,SAR,13783,6425,7358,10350,3433,ITG,ITG2,20,Sardegna
2021-01-07,PAT,1270,310,960,1270,0,ITH,ITH2,4,Provincia Autonoma Trento
2021-05-14,VDA,960,442,518,291,669,ITC,ITC2,2,Valle d'Aosta / Vallée d'Aoste
2020-12-31,FVG,1053,384,669,1053,0,ITH,ITH4,6,Friuli-Venezia Giulia
2021-04-05,TOS,15280,6823,8457,14543,737,ITI,ITI1,9,Toscana
2021-06-15,PIE,38227,19682,18545,26601,11626,ITC,ITC1,1,Piemonte
2021-03-21,UMB,675,338,337,675,0,ITI,ITI2,10,Umbria
2021-03-31,VEN,38785,16371,22414,31294,7491,ITH,ITH3,5,Veneto
2021-02-07,TOS,2806,952,1854,886,1920,ITI,ITI1,9,Toscana
2021-03-07,PIE,11977,4658,7319,11099,878,ITC,ITC1,1,Piemonte
2021-04-03,PAB,831,364,467,22,809,ITH,ITH1,4,Provincia Autonoma Bolzano / Bozen
2021-03-25,PAB,2149,1063,1086,1706,443,ITH,ITH1,4,Provincia Autonoma Bolzano / Bozen
2021-04-14,CAL,8165,3928,4237,6718,1447,ITF,ITF6,18,Calabria
2021-05-22,LAZ,54888,26834,28054,44285,10603,ITI,ITI4,12,Lazio
2021-04-04,BAS,610,225,385,197,413,ITF,ITF5,17,Basilicata
2021-02-16,CAL,1738,734,1004,1460,278,ITF,ITF6,18,Calabria
2021-05-17,UMB,6365,3059,3306,4188,2177,ITI,ITI2,10,Umbria
2021-04-01,PUG,13844,6470,7374,7499,6345,ITF,ITF4,16,Puglia
2021-01-14,UMB,752,201,551,752,0,ITI,ITI2,10,Umbria
2021-03-20,MAR,4134,1739,2395,1048,3086,ITI,ITI3,11,Marche
2021-04-17,PAT,2203,1120,1083,2146,57,ITH,ITH2,4,Provincia Autonoma Trento
2020-12-31,PIE,3909,1334,2575,3909,0,ITC,ITC1,1,Piemonte
2021-01-26,SAR,1336,453,883,27,1309,ITG,ITG2,20,Sardegna
2021-01-27,PAB,84,28,56,1,83,ITH,ITH1,4,Provincia Autonoma Bolzano / Bozen
2021-02-03,PUG,5036,2005,3031,730,4306,ITF,ITF4,16,Puglia
2021-03-31,EMR,25264,11041,14223,19807,5457,ITH,ITH5,8,Emilia-Romagna
2021-01-22,MAR,487,167,320,194,293,ITI,ITI3,11,Marche
2021-02-01,VDA,404,127,277,87,317,ITC,ITC2,2,Valle d'Aosta / Vallée d'Aoste
2021-03-19,UMB,1743,565,1178,1087,656,ITI,ITI2,10,Umbria
2021-04-19,PAT,2625,1235,1390,2603,22,ITH,ITH2,4,Provincia Autonoma Trento
2021-03-30,VDA,402,223,179,382,20,ITC,ITC2,2,Valle d'Aosta / Vallée d'Aoste
2021-03-24,CAM,17919,8367,9552,14962,2957,ITF,ITF3,15,Campania
2021-05-20,LIG,12845,5963,6882,8825,4020,ITC,ITC3,7,Liguria
2021-05-27,CAL,17566,8670,8896,9813,7753,ITF,ITF6,18,Calabria
2021-05-15,LAZ,57103,27275,29828,40630,16473,ITI,ITI4,12,Lazio
2021-05-20,CAM,60707,28067,32640,43158,17549,ITF,ITF3,15,Campania
2021-05-12,VDA,1139,549,590,469,670,ITC,ITC2,2,Valle d'Aosta / Vallée d'Aoste
2021-06-15,PAT,5506,2949,2557,1568,3938,ITH,ITH2,4,Provincia Autonoma Trento
2021-02-09,CAM,4643,2202,2441,4391,252,ITF,ITF3,15,Campania
2021-03-06,ABR,4177,1358,2819,3607,570,ITF,ITF1,13,Abruzzo
2021-03-19,LAZ,17269,7418,9851,10941,6328,ITI,ITI4,12,Lazio
2021-03-20,MOL,2321,968,1353,1000,1321,ITF,ITF2,14,Molise
2021-03-24,LOM,43219,15600,27619,31342,11877,ITC,ITC4,3,Lombardia
2021-05-18,TOS,28838,14265,14573,20012,8826,ITI,ITI1,9,Toscana
2021-05-29,CAM,67772,32241,35531,43936,23836,ITF,ITF3,15,Campania
2021-02-09,LOM,12205,3331,8874,4033,8172,ITC,ITC4,3,Lombardia
2021-03-26,EMR,23705,10114,13591,17270,6435,ITH,ITH5,8,Emilia-Romagna
2021-05-08,SAR,13087,5970,7117,10798,2289,ITG,ITG2,20,Sardegna
2021-06-14,PAB,2315,1235,1080,538,1777,ITH,ITH1,4,Provincia Autonoma Bolzano / Bozen
2021-03-13,LOM,27165,9767,17398,21076,6089,ITC,ITC4,3,Lombardia
2021-01-03,SAR,90,36,54,90,0,ITG,ITG2,20,Sardegna
2021-01-10,TOS,3001,1104,1897,3001,0,ITI,ITI1,9,Toscana
2021-02-05,CAL,3801,1712,2089,488,3313,ITF,ITF6,18,Calabria
2021-06-02,MOL,2779,1347,1432,2706,73,ITF,ITF2,14,Molise
2021-04-20,TOS,18156,8110,10046,12600,5556,ITI,ITI1,9,Toscana
2021-06-11,FVG,10162,5568,4594,9489,673,ITH,ITH4,6,Friuli-Venezia Giulia
2021-05-17,BAS,5539,2733,2806,3405,2134,ITF,ITF5,17,Basilicata
2021-03-03,FVG,3642,1630,2012,2369,1273,ITH,ITH4,6,Friuli-Venezia Giulia
2021-03-11,PUG,14755,6530,8225,11608,3147,ITF,ITF4,16,Puglia
2021-04-03,TOS,15012,6646,8366,13886,1126,ITI,ITI1,9,Toscana
2021-04-27,LIG,14748,6677,8071,7168,7580,ITC,ITC3,7,Liguria
2021-02-23,ABR,2782,1275,1507,2771,11,ITF,ITF1,13,Abruzzo
2021-03-18,MAR,3389,1475,1914,162,3227,ITI,ITI3,11,Marche
2021-04-29,CAL,11945,5810,6135,8389,3556,ITF,ITF6,18,Calabria
2021-01-21,VDA,33,12,21,33,0,ITC,ITC2,2,Valle d'Aosta / Vallée d'Aoste
2021-02-03,LIG,2314,790,1524,55,2259,ITC,ITC3,7,Liguria
2021-06-02,PUG,26906,13166,13740,22098,4808,ITF,ITF4,16,Puglia
2021-02-06,ABR,1610,743,867,602,1008,ITF,ITF1,13,Abruzzo
2021-04-12,CAL,6903,3352,3551,5250,1653,ITF,ITF6,18,Calabria
2021-06-01,UMB,4376,2086,2290,4222,154,ITI,ITI2,10,Umbria
2021-01-04,VDA,142,59,83,142,0,ITC,ITC2,2,Valle d'Aosta / Vallée d'Aoste
2021-05-25,EMR,25011,11176,13835,11706,13305,ITH,ITH5,8,Emilia-Romagna
2021-05-25,PIE,31118,14440,16678,15985,15133,ITC,ITC1,1,Piemonte
2021-01-19,CAL,1115,491,624,1104,11,ITF,ITF6,18,Calabria
2021-03-10,UMB,4032,1945,2087,2776,1256,ITI,ITI2,10,Umbria
2021-06-11,PIE,42228,22291,19937,39471,2757,ITC,ITC1,1,Piemonte
2021-01-27,TOS,4835,1573,3262,206,4629,ITI,ITI1,9,Toscana
2021-02-14,EMR,1402,378,1024,1282,120,ITH,ITH5,8,Emilia-Romagna
2021-03-27,VEN,32081,14018,18063,26275,5806,ITH,ITH3,5,Veneto
2021-05-23,MAR,9208,4282,4926,7537,1671,ITI,ITI3,11,Marche
2021-01-21,CAM,2092,1115,977,676,1416,ITF,ITF3,15,Campania
2021-03-28,VDA,522,212,310,521,1,ITC,ITC2,2,Valle d'Aosta / Vallée d'Aoste
2021-01-16,UMB,221,73,148,221,0,ITI,ITI2,10,Umbria
2021-03-13,PUG,10466,4134,6332,8658,1808,ITF,ITF4,16,Puglia
2021-06-03,VEN,54144,27859,26285,42235,11909,ITH,ITH3,5,Veneto
2021-05-06,MAR,12656,5822,6834,5584,7072,ITI,ITI3,11,Marche
2021-02-15,PAB,72,42,30,26,46,ITH,ITH1,4,Provincia Autonoma Bolzano / Bozen
2021-03-11,VDA,197,76,121,66,131,ITC,ITC2,2,Valle d'Aosta / Vallée d'Aoste
2021-04-29,LIG,15550,6974,8576,6733,8817,ITC,ITC3,7,Liguria
2021-05-01,LOM,95960,43669,52291,66755,29205,ITC,ITC4,3,Lombardia
2021-05-27,FVG,12777,6115,6662,7566,5211,ITH,ITH4,6,Friuli-Venezia Giulia
2021-01-21,LOM,5317,1563,3754,4629,688,ITC,ITC4,3,Lombardia
2021-02-12,MAR,1582,618,964,1430,152,ITI,ITI3,11,Marche
2021-03-26,CAL,7973,3771,4202,4851,3122,ITF,ITF6,18,Calabria
2021-02-02,UMB,944,274,670,32,912,ITI,ITI2,10,Umbria
2021-02-24,PUG,10035,4703,5332,9445,590,ITF,ITF4,16,Puglia
2021-04-12,LIG,12382,5475,6907,10363,2019,ITC,ITC3,7,Liguria
2021-02-08,ABR,1197,396,801,487,710,ITF,ITF1,13,Abruzzo
2021-06-02,VDA,1215,688,527,814,401,ITC,ITC2,2,Valle d'Aosta / Vallée d'Aoste
2021-06-04,PUG,51963,25138,26825,34516,17447,ITF,ITF4,16,Puglia
2021-01-19,LIG,1371,438,933,1281,90,ITC,ITC3,7,Liguria
2021-03-17,TOS,11420,4586,6834,6892,4528,ITI,ITI1,9,Toscana
2021-05-11,PAB,2843,1334,1509,1320,1523,ITH,ITH1,4,Provincia Autonoma Bolzano / Bozen
2021-05-18,PUG,28713,13360,15353,15995,12718,ITF,ITF4,16,Puglia
2021-05-19,ABR,10694,5110,5584,7655,3039,ITF,ITF1,13,Abruzzo
2021-02-07,LOM,7308,2822,4486,338,6970,ITC,ITC4,3,Lombardia
2021-04-14,CAM,27640,13333,14307,19071,8569,ITF,ITF3,15,Campania
2021-02-05,LIG,2675,987,1688,305,2370,ITC,ITC3,7,Liguria
2021-05-01,CAM,46336,22660,23676,30234,16102,ITF,ITF3,15,Campania
2021-06-08,TOS,32460,16612,15848,32028,432,ITI,ITI1,9,Toscana
2021-02-26,TOS,10080,3834,6246,8874,1206,ITI,ITI1,9,Toscana
2021-05-27,EMR,42052,18645,23407,14006,28046,ITH,ITH5,8,Emilia-Romagna
2021-02-10,MAR,1439,452,987,1080,359,ITI,ITI3,11,Marche
2021-01-14,LAZ,5482,2144,3338,5482,0,ITI,ITI4,12,Lazio
2021-02-16,EMR,5772,2446,3326,5241,531,ITH,ITH5,8,Emilia-Romagna
2021-04-26,SIC,21689,10275,11414,13657,8032,ITG,ITG1,19,Sicilia
2021-06-06,TOS,28287,13648,14639,22932,5355,ITI,ITI1,9,Toscana
2021-03-31,SAR,10271,4163,6108,7823,2448,ITG,ITG2,20,Sardegna
2021-01-19,LOM,8051,2329,5722,7583,468,ITC,ITC4,3,Lombardia
2021-02-02,SIC,5271,2472,2799,629,4642,ITG,ITG1,19,Sicilia
2021-02-08,BAS,557,193,364,151,406,ITF,ITF5,17,Basilicata
2021-01-29,PAB,1497,510,987,24,1473,ITH,ITH1,4,Provincia Autonoma Bolzano / Bozen
2021-04-07,LAZ,25625,11846,13779,18318,7307,ITI,ITI4,12,Lazio
2021-04-12,CAM,23301,10918,12383,20265,3036,ITF,ITF3,15,Campania
2021-05-25,PAT,4751,2263,2488,1864,2887,ITH,ITH2,4,Provincia Autonoma Trento
2021-05-08,PAT,3160,1724,1436,2738,422,ITH,ITH2,4,Provincia Autonoma Trento
2021-05-19,BAS,2869,1497,1372,1193,1676,ITF,ITF5,17,Basilicata
2021-01-02,CAM,3672,1962,1710,3672,0,ITF,ITF3,15,Campania
2021-03-09,VDA,206,96,110,174,32,ITC,ITC2,2,Valle d'Aosta / Vallée d'Aoste
2021-04-22,PAB,2923,1500,1423,1981,942,ITH,ITH1,4,Provincia Autonoma Bolzano / Bozen
2021-04-26,UMB,5376,2329,3047,3124,2252,ITI,ITI2,10,Umbria
2021-02-25,BAS,1787,736,1051,1741,46,ITF,ITF5,17,Basilicata
2021-02-20,VDA,251,210,41,241,10,ITC,ITC2,2,Valle d'Aosta / Vallée d'Aoste
2020-12-28,LAZ,959,412,547,959,0,ITI,ITI4,12,Lazio
2021-02-14,PAT,246,186,60,11,235,ITH,ITH2,4,Provincia Autonoma Trento
2021-04-09,UMB,6793,3162,3631,6574,219,ITI,ITI2,10,Umbria
2021-05-09,PAB,4240,2408,1832,3087,1153,ITH,ITH1,4,Provincia Autonoma Bolzano / Bozen
2021-04-29,PUG,26052,12067,13985,19396,6656,ITF,ITF4,16,Puglia
2021-04-30,ABR,12395,5805,6590,6697,5698,ITF,ITF1,13,Abruzzo
2021-01-16,LAZ,5647,2282,3365,5647,0,ITI,ITI4,12,Lazio
2021-04-19,PIE,22542,10767,11775,18178,4364,ITC,ITC1,1,Piemonte
2021-01-14,SIC,5027,2384,2643,5027,0,ITG,ITG1,19,Sicilia
2021-04-13,ABR,5879,2752,3127,4679,1200,ITF,ITF1,13,Abruzzo
2021-04-26,LAZ,29229,13456,15773,20027,9202,ITI,ITI4,12,Lazio
2021-01-09,PIE,6184,2185,3999,6184,0,ITC,ITC1,1,Piemonte
2021-05-22,SIC,47979,22783,25196,28644,19335,ITG,ITG1,19,Sicilia
2021-05-22,UMB,6956,2750,4206,2640,4316,ITI,ITI2,10,Umbria
2021-02-28,SIC,7163,3062,4101,6533,630,ITG,ITG1,19,Sicilia
2021-02-28,CAM,10411,3206,7205,8511,1900,ITF,ITF3,15,Campania
2021-01-09,CAL,1928,1041,887,1928,0,ITF,ITF6,18,Calabria
2021-06-08,SIC,47429,22272,25157,40912,6517,ITG,ITG1,19,Sicilia
2021-03-18,VDA,136,43,93,99,37,ITC,ITC2,2,Valle d'Aosta / Vallée d'Aoste
2021-06-03,FVG,11864,6463,5401,9895,1969,ITH,ITH4,6,Friuli-Venezia Giulia
2021-03-04,ABR,5936,2360,3576,5014,922,ITF,ITF1,13,Abruzzo
2021-04-05,SAR,2036,784,1252,2035,1,ITG,ITG2,20,Sardegna
2021-01-31,LOM,9732,3760,5972,29,9703,ITC,ITC4,3,Lombardia
2021-02-14,CAM,3928,1923,2005,3894,34,ITF,ITF3,15,Campania
2021-02-22,PAB,526,143,383,514,12,ITH,ITH1,4,Provincia Autonoma Bolzano / Bozen
2021-03-14,LAZ,17155,6668,10487,12001,5154,ITI,ITI4,12,Lazio
2021-05-06,LIG,14487,6421,8066,6188,8299,ITC,ITC3,7,Liguria
2021-03-19,VEN,13790,5668,8122,7696,6094,ITH,ITH3,5,Veneto
2021-05-25,LOM,91056,43577,47479,44618,46438,ITC,ITC4,3,Lombardia
2021-03-04,VDA,291,139,152,42,249,ITC,ITC2,2,Valle d'Aosta / Vallée d'Aoste
2021-02-14,LOM,3578,1545,2033,2943,635,ITC,ITC4,3,Lombardia
2021-05-26,VDA,1209,587,622,576,633,ITC,ITC2,2,Valle d'Aosta / Vallée d'Aoste
2021-03-01,MOL,661,274,387,447,214,ITF,ITF2,14,Molise
2021-04-29,MAR,13247,6062,7185,7150,6097,ITI,ITI3,11,Marche
2021-01-26,LIG,2491,807,1684,20,2471,ITC,ITC3,7,Liguria
2021-01-12,LOM,20211,6695,13516,20211,0,ITC,ITC4,3,Lombardia
2021-01-26,CAM,7340,3726,3614,351,6989,ITF,ITF3,15,Campania
2021-03-10,PAT,2402,929,1473,1481,921,ITH,ITH2,4,Provincia Autonoma Trento
2021-01-19,FVG,6,2,4,6,0,ITH,ITH4,6,Friuli-Venezia Giulia
2021-03-04,BAS,1880,892,988,1085,795,ITF,ITF5,17,Basilicata
2021-04-03,MOL,1770,850,920,1735,35,ITF,ITF2,14,Molise
2021-01-09,SIC,7119,3350,3769,7119,0,ITG,ITG1,19,Sicilia
2021-02-19,TOS,8294,2953,5341,7781,513,ITI,ITI1,9,Toscana
2021-06-03,EMR,37809,18405,19404,30331,7478,ITH,ITH5,8,Emilia-Romagna
2021-06-03,PIE,34097,17467,16630,29877,4220,ITC,ITC1,1,Piemonte
2021-01-10,PUG,2348,1061,1287,2348,0,ITF,ITF4,16,Puglia
2021-02-23,EMR,8215,3219,4996,7829,386,ITH,ITH5,8,Emilia-Romagna
2021-04-20,PUG,21113,9800,11313,17650,3463,ITF,ITF4,16,Puglia
2021-05-03,SIC,23327,10797,12530,13540,9787,ITG,ITG1,19,Sicilia
2021-03-12,EMR,18300,7699,10601,11583,6717,ITH,ITH5,8,Emilia-Romagna
2020-12-27,PUG,509,252,257,509,0,ITF,ITF4,16,Puglia
2021-04-02,UMB,4308,1746,2562,3551,757,ITI,ITI2,10,Umbria
2021-04-19,CAM,30763,14827,15936,19193,11570,ITF,ITF3,15,Campania
2021-05-28,ABR,13983,6293,7690,7631,6352,ITF,ITF1,13,Abruzzo
2021-06-12,BAS,3675,1686,1989,2988,687,ITF,ITF5,17,Basilicata
2021-01-09,UMB,1745,499,1246,1745,0,ITI,ITI2,10,Umbria
2021-04-19,SIC,18242,8639,9603,12663,5579,ITG,ITG1,19,Sicilia
2021-01-09,CAM,10567,5024,5543,10567,0,ITF,ITF3,15,Campania
2021-02-28,CAL,2328,1055,1273,2175,153,ITF,ITF6,18,Calabria
2021-04-19,UMB,5015,2216,2799,2966,2049,ITI,ITI2,10,Umbria
2021-02-02,LAZ,5910,2213,3697,638,5272,ITI,ITI4,12,Lazio
2021-01-20,ABR,447,156,291,445,2,ITF,ITF1,13,Abruzzo
2021-02-19,VEN,7322,3140,4182,7118,204,ITH,ITH3,5,Veneto
2021-03-26,CAM,19850,9310,10540,16035,3815,ITF,ITF3,15,Campania
2021-02-03,MOL,731,249,482,338,393,ITF,ITF2,14,Molise
2021-01-28,FVG,2239,794,1445,354,1885,ITH,ITH4,6,Friuli-Venezia Giulia
2021-01-26,PIE,6332,1880,4452,735,5597,ITC,ITC1,1,Piemonte
2021-06-11,MAR,13694,7000,6694,11432,2262,ITI,ITI3,11,Marche
2021-02-06,BAS,903,367,536,146,757,ITF,ITF5,17,Basilicata
2021-04-27,MOL,1593,767,826,465,1128,ITF,ITF2,14,Molise
2021-05-27,PAT,4269,1982,2287,1251,3018,ITH,ITH2,4,Provincia Autonoma Trento
2021-03-24,LIG,9161,4020,5141,5875,3286,ITC,ITC3,7,Liguria
2021-05-10,EMR,33839,16125,17714,26594,7245,ITH,ITH5,8,Emilia-Romagna
2021-05-08,FVG,10264,4640,5624,5485,4779,ITH,ITH4,6,Friuli-Venezia Giulia
2020-12-31,LIG,988,353,635,988,0,ITC,ITC3,7,Liguria
2021-04-30,BAS,5283,2373,2910,4121,1162,ITF,ITF5,17,Basilicata
2021-02-21,VEN,4634,1209,3425,4629,5,ITH,ITH3,5,Veneto
2021-04-28,UMB,5348,2317,3031,2965,2383,ITI,ITI2,10,Umbria
2021-03-06,PAB,3973,2081,1892,3762,211,ITH,ITH1,4,Provincia Autonoma Bolzano / Bozen
2021-04-10,LIG,7882,3556,4326,6968,914,ITC,ITC3,7,Liguria
2021-02-04,UMB,733,226,507,25,708,ITI,ITI2,10,Umbria
2021-05-15,VEN,36164,17481,18683,26180,9984,ITH,ITH3,5,Veneto
2021-01-17,LIG,862,300,562,862,0,ITC,ITC3,7,Liguria
2021-05-02,ABR,10424,5088,5336,5214,5210,ITF,ITF1,13,Abruzzo
2021-05-25,MAR,11647,5745,5902,8717,2930,ITI,ITI3,11,Marche
2021-05-28,PAB,5680,2895,2785,3790,1890,ITH,ITH1,4,Provincia Autonoma Bolzano / Bozen
2021-01-20,BAS,84,22,62,84,0,ITF,ITF5,17,Basilicata
2021-05-15,UMB,4984,1875,3109,1819,3165,ITI,ITI2,10,Umbria
2021-05-16,MOL,1247,571,676,1065,182,ITF,ITF2,14,Molise
2021-02-17,PAB,156,51,105,139,17,ITH,ITH1,4,Provincia Autonoma Bolzano / Bozen
2021-04-21,EMR,23953,10962,12991,14207,9746,ITH,ITH5,8,Emilia-Romagna
2021-06-01,VEN,26886,13533,13353,16400,10486,ITH,ITH3,5,Veneto
2021-02-22,PUG,9629,4537,5092,9298,331,ITF,ITF4,16,Puglia
2021-05-08,PIE,34245,16248,17997,18609,15636,ITC,ITC1,1,Piemonte
2021-06-03,SAR,16345,7608,8737,10700,5645,ITG,ITG2,20,Sardegna
2021-01-02,CAL,166,94,72,166,0,ITF,ITF6,18,Calabria
2021-01-28,PIE,5591,1809,3782,384,5207,ITC,ITC1,1,Piemonte
2021-05-08,EMR,32331,15089,17242,20911,11420,ITH,ITH5,8,Emilia-Romagna
2021-05-20,LOM,94339,45601,48738,31834,62505,ITC,ITC4,3,Lombardia
2021-03-01,MAR,3724,1487,2237,3476,248,ITI,ITI3,11,Marche
2021-05-10,FVG,7935,3524,4411,6395,1540,ITH,ITH4,6,Friuli-Venezia Giulia
2021-01-28,EMR,10252,3339,6913,349,9903,ITH,ITH5,8,Emilia-Romagna
2021-03-10,VEN,19028,8720,10308,13347,5681,ITH,ITH3,5,Veneto
2021-02-05,PUG,5635,2273,3362,1333,4302,ITF,ITF4,16,Puglia
2021-03-12,SAR,5978,2620,3358,4670,1308,ITG,ITG2,20,Sardegna
2021-02-14,PIE,1476,498,978,876,600,ITC,ITC1,1,Piemonte
2021-05-16,PUG,24431,11017,13414,12622,11809,ITF,ITF4,16,Puglia
2021-05-08,ABR,10293,4871,5422,6459,3834,ITF,ITF1,13,Abruzzo
2021-01-10,CAL,931,525,406,931,0,ITF,ITF6,18,Calabria
2021-01-30,PUG,5527,2514,3013,410,5117,ITF,ITF4,16,Puglia
2021-02-03,PIE,10201,3304,6897,611,9590,ITC,ITC1,1,Piemonte
2021-02-27,LAZ,11425,4267,7158,10470,955,ITI,ITI4,12,Lazio
2021-05-26,LOM,93378,44535,48843,43564,49814,ITC,ITC4,3,Lombardia
2021-06-09,CAM,52380,25727,26653,41517,10863,ITF,ITF3,15,Campania
2021-02-15,LOM,8940,3130,5810,8523,417,ITC,ITC4,3,Lombardia
2021-03-09,MAR,5427,2290,3137,4547,880,ITI,ITI3,11,Marche
2021-04-20,CAL,7836,3951,3885,6119,1717,ITF,ITF6,18,Calabria
2021-05-10,PUG,37569,16593,20976,19668,17901,ITF,ITF4,16,Puglia
2021-02-28,MOL,832,334,498,790,42,ITF,ITF2,14,Molise
2021-03-01,CAM,12130,4247,7883,8017,4113,ITF,ITF3,15,Campania
2021-01-01,TOS,2369,787,1582,2369,0,ITI,ITI1,9,Toscana
2021-02-22,FVG,2485,1193,1292,2067,418,ITH,ITH4,6,Friuli-Venezia Giulia
2021-04-24,ABR,8716,3972,4744,7186,1530,ITF,ITF1,13,Abruzzo
2021-04-11,TOS,3645,1680,1965,3490,155,ITI,ITI1,9,Toscana
2021-03-30,SIC,14503,6746,7757,9740,4763,ITG,ITG1,19,Sicilia
2021-05-09,CAM,43192,20281,22911,32098,11094,ITF,ITF3,15,Campania
2021-01-11,LIG,2654,989,1665,2654,0,ITC,ITC3,7,Liguria
2021-04-15,EMR,29334,13978,15356,19658,9676,ITH,ITH5,8,Emilia-Romagna
2021-06-02,FVG,9398,4947,4451,9122,276,ITH,ITH4,6,Friuli-Venezia Giulia
2021-01-14,ABR,530,189,341,530,0,ITF,ITF1,13,Abruzzo
2021-03-13,SIC,12208,5386,6822,7717,4491,ITG,ITG1,19,Sicilia
2021-02-27,MOL,1366,568,798,1347,19,ITF,ITF2,14,Molise
2021-03-19,BAS,2292,994,1298,264,2028,ITF,ITF5,17,Basilicata
2021-03-06,TOS,7107,2851,4256,2914,4193,ITI,ITI1,9,Toscana
2021-03-17,UMB,3331,1313,2018,1859,1472,ITI,ITI2,10,Umbria
2021-05-24,VDA,1135,516,619,688,447,ITC,ITC2,2,Valle d'Aosta / Vallée d'Aoste
2021-06-07,MOL,1947,857,1090,1128,819,ITF,ITF2,14,Molise
2021-03-10,EMR,18796,7740,11056,13152,5644,ITH,ITH5,8,Emilia-Romagna
2021-05-10,VDA,782,381,401,547,235,ITC,ITC2,2,Valle d'Aosta / Vallée d'Aoste
2021-05-20,LAZ,51153,24609,26544,37485,13668,ITI,ITI4,12,Lazio
2021-02-13,MOL,132,80,52,132,0,ITF,ITF2,14,Molise
2021-04-13,MAR,9838,4259,5579,9605,233,ITI,ITI3,11,Marche
2021-01-07,UMB,1300,387,913,1300,0,ITI,ITI2,10,Umbria
2021-01-10,CAM,8165,3736,4429,8165,0,ITF,ITF3,15,Campania
2021-02-07,FVG,1562,482,1080,385,1177,ITH,ITH4,6,Friuli-Venezia Giulia
2021-04-17,SIC,26034,13153,12881,18968,7066,ITG,ITG1,19,Sicilia
2021-01-03,PAT,492,160,332,492,0,ITH,ITH2,4,Provincia Autonoma Trento
2021-05-24,MOL,1960,852,1108,1294,666,ITF,ITF2,14,Molise
2021-03-20,SAR,5194,2074,3120,2917,2277,ITG,ITG2,20,Sardegna
2021-02-16,BAS,906,377,529,808,98,ITF,ITF5,17,Basilicata
2021-05-07,MOL,2641,1226,1415,2044,597,ITF,ITF2,14,Molise
2021-02-06,PAB,2626,1171,1455,19,2607,ITH,ITH1,4,Provincia Autonoma Bolzano / Bozen
2021-02-13,PUG,3727,1456,2271,3031,696,ITF,ITF4,16,Puglia
2021-05-18,FVG,10714,5365,5349,8642,2072,ITH,ITH4,6,Friuli-Venezia Giulia
2021-01-10,LIG,648,262,386,648,0,ITC,ITC3,7,Liguria
2021-02-12,CAL,1710,668,1042,947,763,ITF,ITF6,18,Calabria
2021-03-03,VEN,12094,4646,7448,8595,3499,ITH,ITH3,5,Veneto
2021-03-17,SIC,14876,7351,7525,9185,5691,ITG,ITG1,19,Sicilia
2021-03-20,LOM,32500,12144,20356,22653,9847,ITC,ITC4,3,Lombardia
2021-04-20,LIG,14214,6505,7709,9867,4347,ITC,ITC3,7,Liguria
2021-04-03,CAM,21114,10314,10800,18733,2381,ITF,ITF3,15,Campania
2021-06-01,FVG,10065,5096,4969,7946,2119,ITH,ITH4,6,Friuli-Venezia Giulia
2021-06-11,VEN,46468,24188,22280,35604,10864,ITH,ITH3,5,Veneto
2021-05-18,PIE,32020,14757,17263,19383,12637,ITC,ITC1,1,Piemonte
2021-06-06,LAZ,57841,27863,29978,35399,22442,ITI,ITI4,12,Lazio
2021-06-13,SAR,9324,4578,4746,6121,3203,ITG,ITG2,20,Sardegna
2020-12-27,LOM,717,413,304,717,0,ITC,ITC4,3,Lombardia
2021-05-18,EMR,29048,13230,15818,18568,10480,ITH,ITH5,8,Emilia-Romagna
2021-02-16,ABR,1917,842,1075,1905,12,ITF,ITF1,13,Abruzzo
2021-02-03,TOS,4221,1452,2769,241,3980,ITI,ITI1,9,Toscana
2021-02-07,EMR,4794,1538,3256,1733,3061,ITH,ITH5,8,Emilia-Romagna
2021-03-02,ABR,3962,1675,2287,3278,684,ITF,ITF1,13,Abruzzo
2021-02-26,LAZ,13083,5707,7376,11721,1362,ITI,ITI4,12,Lazio
2021-02-24,EMR,9351,3566,5785,8467,884,ITH,ITH5,8,Emilia-Romagna
2021-04-21,VDA,868,410,458,620,248,ITC,ITC2,2,Valle d'Aosta / Vallée d'Aoste
2021-06-10,ABR,12366,6159,6207,10205,2161,ITF,ITF1,13,Abruzzo
2021-01-05,EMR,9361,3170,6191,9361,0,ITH,ITH5,8,Emilia-Romagna
2021-06-02,MAR,11898,5937,5961,11221,677,ITI,ITI3,11,Marche
2021-01-28,BAS,904,402,502,119,785,ITF,ITF5,17,Basilicata
2021-01-15,TOS,3878,1347,2531,3878,0,ITI,ITI1,9,Toscana
2021-01-26,UMB,816,390,426,18,798,ITI,ITI2,10,Umbria
2021-04-18,MOL,1083,483,600,149,934,ITF,ITF2,14,Molise
2021-03-21,VDA,355,165,190,355,0,ITC,ITC2,2,Valle d'Aosta / Vallée d'Aoste
2021-04-29,EMR,44947,21133,23814,27400,17547,ITH,ITH5,8,Emilia-Romagna
2021-01-19,EMR,2045,505,1540,2028,17,ITH,ITH5,8,Emilia-Romagna
2021-02-22,MAR,3413,1499,1914,3338,75,ITI,ITI3,11,Marche
2021-02-12,UMB,671,224,447,665,6,ITI,ITI2,10,Umbria
2021-02-22,PAT,745,259,486,661,84,ITH,ITH2,4,Provincia Autonoma Trento
2021-04-04,MOL,253,141,112,238,15,ITF,ITF2,14,Molise
2021-02-26,UMB,660,253,407,652,8,ITI,ITI2,10,Umbria
2021-03-29,FVG,6983,3107,3876,5402,1581,ITH,ITH4,6,Friuli-Venezia Giulia
2021-06-06,SIC,49502,23914,25588,41682,7820,ITG,ITG1,19,Sicilia
2021-01-29,SAR,2955,1069,1886,48,2907,ITG,ITG2,20,Sardegna
2021-03-18,MOL,1156,476,680,692,464,ITF,ITF2,14,Molise
2021-01-03,PIE,3063,967,2096,3063,0,ITC,ITC1,1,Piemonte
2021-03-28,PAB,569,212,357,11,558,ITH,ITH1,4,Provincia Autonoma Bolzano / Bozen
2021-05-23,LIG,2305,1119,1186,1182,1123,ITC,ITC3,7,Liguria
2021-01-14,BAS,969,413,556,969,0,ITF,ITF5,17,Basilicata
2021-02-26,SIC,11883,5811,6072,10202,1681,ITG,ITG1,19,Sicilia
2021-04-22,VEN,31967,13908,18059,16224,15743,ITH,ITH3,5,Veneto
2021-01-28,ABR,1434,495,939,12,1422,ITF,ITF1,13,Abruzzo
2021-03-01,LIG,3526,1444,2082,3404,122,ITC,ITC3,7,Liguria
2021-04-03,CAL,8901,3815,5086,4288,4613,ITF,ITF6,18,Calabria
2021-05-06,SIC,29230,13928,15302,18516,10714,ITG,ITG1,19,Sicilia
2021-05-23,CAM,58735,28633,30102,37841,20894,ITF,ITF3,15,Campania
2021-05-01,LAZ,37943,17080,20863,25988,11955,ITI,ITI4,12,Lazio
2021-05-09,LOM,69616,32849,36767,56427,13189,ITC,ITC4,3,Lombardia
2021-06-09,LIG,18605,9346,9259,12073,6532,ITC,ITC3,7,Liguria
2021-02-12,CAM,6529,2861,3668,6343,186,ITF,ITF3,15,Campania
2021-04-07,BAS,1213,550,663,1175,38,ITF,ITF5,17,Basilicata
2021-01-29,LOM,13475,4125,9350,685,12790,ITC,ITC4,3,Lombardia
2021-04-17,LAZ,32340,14196,18144,20370,11970,ITI,ITI4,12,Lazio
2021-05-18,PAT,4247,2009,2238,3405,842,ITH,ITH2,4,Provincia Autonoma Trento
2021-03-29,EMR,21403,9600,11803,16753,4650,ITH,ITH5,8,Emilia-Romagna
2021-03-29,PIE,15161,6385,8776,8549,6612,ITC,ITC1,1,Piemonte
2021-01-11,ABR,1551,557,994,1551,0,ITF,ITF1,13,Abruzzo
2021-05-06,UMB,9462,4313,5149,6151,3311,ITI,ITI2,10,Umbria
2021-06-10,VDA,1002,558,444,960,42,ITC,ITC2,2,Valle d'Aosta / Vallée d'Aoste
2021-03-25,TOS,23885,10371,13514,15535,8350,ITI,ITI1,9,Toscana
2021-01-29,CAM,10052,4812,5240,47,10005,ITF,ITF3,15,Campania
2021-03-02,VDA,339,166,173,336,3,ITC,ITC2,2,Valle d'Aosta / Vallée d'Aoste
2021-04-21,ABR,6388,3100,3288,4714,1674,ITF,ITF1,13,Abruzzo
2021-01-28,CAL,2236,1110,1126,83,2153,ITF,ITF6,18,Calabria
2021-04-25,BAS,2985,1457,1528,2933,52,ITF,ITF5,17,Basilicata
2021-05-09,PUG,30616,12543,18073,15031,15585,ITF,ITF4,16,Puglia
2021-06-13,LOM,75180,40153,35027,73117,2063,ITC,ITC4,3,Lombardia
2021-01-28,SAR,2971,1045,1926,69,2902,ITG,ITG2,20,Sardegna
2021-04-12,PIE,22944,10363,12581,19954,2990,ITC,ITC1,1,Piemonte
2021-04-12,TOS,2612,1183,1429,1958,654,ITI,ITI1,9,Toscana
2021-02-21,EMR,4450,1708,2742,4010,440,ITH,ITH5,8,Emilia-Romagna
2021-03-05,LOM,28899,11918,16981,20497,8402,ITC,ITC4,3,Lombardia
2021-03-27,MAR,7380,3074,4306,5022,2358,ITI,ITI3,11,Marche
2021-05-08,CAL,18401,8377,10024,10586,7815,ITF,ITF6,18,Calabria
2021-01-02,PIE,3545,1134,2411,3545,0,ITC,ITC1,1,Piemonte
2021-03-19,CAM,11141,4972,6169,7269,3872,ITF,ITF3,15,Campania
2021-02-10,MOL,151,79,72,131,20,ITF,ITF2,14,Molise
2021-03-12,PAT,2509,937,1572,1703,806,ITH,ITH2,4,Provincia Autonoma Trento
2021-04-10,MAR,10916,4620,6296,10603,313,ITI,ITI3,11,Marche
2021-05-22,CAL,22160,10552,11608,14322,7838,ITF,ITF6,18,Calabria
2021-01-03,MAR,907,354,553,907,0,ITI,ITI3,11,Marche
2021-04-22,PUG,23000,10528,12472,18081,4919,ITF,ITF4,16,Puglia
2021-05-12,BAS,4724,2326,2398,2841,1883,ITF,ITF5,17,Basilicata
2021-05-21,MOL,2095,1050,1045,1773,322,ITF,ITF2,14,Molise
2021-03-19,LOM,32414,12912,19502,19219,13195,ITC,ITC4,3,Lombardia
2021-05-13,TOS,34996,15430,19566,13831,21165,ITI,ITI1,9,Toscana
2021-01-27,MOL,674,251,423,8,666,ITF,ITF2,14,Molise
2021-03-31,SIC,14398,6673,7725,9465,4933,ITG,ITG1,19,Sicilia
2021-05-15,FVG,12618,6084,6534,7934,4684,ITH,ITH4,6,Friuli-Venezia Giulia
2021-04-03,LIG,5404,2497,2907,4461,943,ITC,ITC3,7,Liguria
2021-04-21,CAL,11569,5808,5761,8630,2939,ITF,ITF6,18,Calabria
2021-05-01,FVG,7188,3244,3944,6145,1043,ITH,ITH4,6,Friuli-Venezia Giulia
2021-06-10,UMB,7414,3700,3714,6664,750,ITI,ITI2,10,Umbria
2021-01-07,SIC,8895,4118,4777,8895,0,ITG,ITG1,19,Sicilia
2021-04-06,ABR,7681,3581,4100,5362,2319,ITF,ITF1,13,Abruzzo
2021-04-29,TOS,39315,17706,21609,19246,20069,ITI,ITI1,9,Toscana
2021-06-10,CAM,73302,35371,37931,66294,7008,ITF,ITF3,15,Campania
2021-01-21,FVG,896,345,551,1,895,ITH,ITH4,6,Friuli-Venezia Giulia
2021-03-12,LAZ,23694,10820,12874,17377,6317,ITI,ITI4,12,Lazio
2021-06-04,PAB,6457,3237,3220,4928,1529,ITH,ITH1,4,Provincia Autonoma Bolzano / Bozen
2021-02-24,PAB,1367,406,961,1355,12,ITH,ITH1,4,Provincia Autonoma Bolzano / Bozen
2021-06-08,VEN,43123,22317,20806,37087,6036,ITH,ITH3,5,Veneto
2021-01-02,PAT,502,143,359,502,0,ITH,ITH2,4,Provincia Autonoma Trento
2021-05-25,VEN,27686,13368,14318,11703,15983,ITH,ITH3,5,Veneto
2021-05-27,SAR,17458,8973,8485,12253,5205,ITG,ITG2,20,Sardegna
2021-02-14,VEN,125,56,69,112,13,ITH,ITH3,5,Veneto
2021-02-21,FVG,801,281,520,423,378,ITH,ITH4,6,Friuli-Venezia Giulia
2021-02-16,SAR,700,289,411,673,27,ITG,ITG2,20,Sardegna
2021-03-24,TOS,20008,8299,11709,10552,9456,ITI,ITI1,9,Toscana
2021-05-01,PIE,28532,12996,15536,16734,11798,ITC,ITC1,1,Piemonte
2021-02-12,PUG,4212,1672,2540,3120,1092,ITF,ITF4,16,Puglia
2021-03-08,MAR,6263,2743,3520,5261,1002,ITI,ITI3,11,Marche
2021-01-11,VDA,325,112,213,325,0,ITC,ITC2,2,Valle d'Aosta / Vallée d'Aoste
2021-01-21,PIE,6923,2318,4605,3427,3496,ITC,ITC1,1,Piemonte
2021-01-24,LIG,756,237,519,113,643,ITC,ITC3,7,Liguria
2021-03-05,SAR,5207,2602,2605,2853,2354,ITG,ITG2,20,Sardegna
2021-02-09,LAZ,8799,3769,5030,4580,4219,ITI,ITI4,12,Lazio
2021-03-27,PAB,3050,1553,1497,1543,1507,ITH,ITH1,4,Provincia Autonoma Bolzano / Bozen
2021-03-29,PAT,2467,960,1507,1732,735,ITH,ITH2,4,Provincia Autonoma Trento
2021-04-02,CAL,8254,3762,4492,4382,3872,ITF,ITF6,18,Calabria
2021-02-28,VEN,4136,1389,2747,3299,837,ITH,ITH3,5,Veneto
2021-02-23,LAZ,11090,4783,6307,10328,762,ITI,ITI4,12,Lazio
2021-03-13,PAB,2885,1459,1426,2784,101,ITH,ITH1,4,Provincia Autonoma Bolzano / Bozen
2021-04-12,PAT,3093,1409,1684,2597,496,ITH,ITH2,4,Provincia Autonoma Trento
2021-05-15,PIE,33695,15713,17982,20039,13656,ITC,ITC1,1,Piemonte
2021-01-29,PUG,6199,2662,3537,437,5762,ITF,ITF4,16,Puglia
2021-04-06,BAS,1268,461,807,1083,185,ITF,ITF5,17,Basilicata
2021-06-01,PIE,29165,14624,14541,24794,4371,ITC,ITC1,1,Piemonte
2021-03-17,VEN,14644,5991,8653,7849,6795,ITH,ITH3,5,Veneto
2021-05-27,LOM,94658,45372,49286,41355,53303,ITC,ITC4,3,Lombardia
2021-01-08,MOL,429,141,288,429,0,ITF,ITF2,14,Molise
2021-02-21,PIE,5090,2083,3007,4988,102,ITC,ITC1,1,Piemonte
2021-02-21,TOS,5105,2089,3016,4935,170,ITI,ITI1,9,Toscana
2021-03-19,SAR,7271,3051,4220,5056,2215,ITG,ITG2,20,Sardegna
2021-02-05,MAR,2154,653,1501,439,1715,ITI,ITI3,11,Marche
2021-03-19,CAL,4189,1950,2239,1900,2289,ITF,ITF6,18,Calabria
2021-03-20,PUG,8413,3877,4536,3819,4594,ITF,ITF4,16,Puglia
2021-06-14,BAS,4814,2150,2664,2107,2707,ITF,ITF5,17,Basilicata
2021-03-03,PUG,16745,6775,9970,14831,1914,ITF,ITF4,16,Puglia
2021-04-04,VDA,572,253,319,571,1,ITC,ITC2,2,Valle d'Aosta / Vallée d'Aoste
2021-05-08,CAM,56411,27128,29283,40584,15827,ITF,ITF3,15,Campania
2021-06-01,TOS,26868,13347,13521,23069,3799,ITI,ITI1,9,Toscana
2021-01-02,EMR,2374,915,1459,2374,0,ITH,ITH5,8,Emilia-Romagna
2021-04-24,LOM,75732,33565,42167,54622,21110,ITC,ITC4,3,Lombardia
2021-05-16,MAR,10898,4957,5941,6670,4228,ITI,ITI3,11,Marche
2021-01-28,CAM,8832,4121,4711,134,8698,ITF,ITF3,15,Campania
2021-02-05,PAB,3195,1181,2014,8,3187,ITH,ITH1,4,Provincia Autonoma Bolzano / Bozen
2021-03-23,BAS,1590,610,980,1420,170,ITF,ITF5,17,Basilicata
2021-06-11,PUG,46169,22591,23578,32778,13391,ITF,ITF4,16,Puglia
2021-01-14,LOM,26862,7788,19074,26862,0,ITC,ITC4,3,Lombardia
2021-01-21,PAT,352,95,257,228,124,ITH,ITH2,4,Provincia Autonoma Trento
2021-04-01,MOL,1469,667,802,743,726,ITF,ITF2,14,Molise
2021-05-30,MAR,9732,4689,5043,6743,2989,ITI,ITI3,11,Marche
2021-06-05,EMR,43936,22229,21707,37110,6826,ITH,ITH5,8,Emilia-Romagna
2021-05-01,PAT,4846,2467,2379,4811,35,ITH,ITH2,4,Provincia Autonoma Trento
2021-05-08,LOM,87658,40734,46924,65665,21993,ITC,ITC4,3,Lombardia
2021-02-09,SIC,4352,1803,2549,3317,1035,ITG,ITG1,19,Sicilia
2021-03-26,FVG,5986,2593,3393,3971,2015,ITH,ITH4,6,Friuli-Venezia Giulia
2021-05-09,ABR,9152,4087,5065,4284,4868,ITF,ITF1,13,Abruzzo
2021-02-12,LIG,1928,689,1239,896,1032,ITC,ITC3,7,Liguria
2021-03-12,FVG,4097,1692,2405,2716,1381,ITH,ITH4,6,Friuli-Venezia Giulia
2021-04-21,UMB,5312,2309,3003,3086,2226,ITI,ITI2,10,Umbria
2021-06-15,TOS,29968,15374,14594,25633,4335,ITI,ITI1,9,Toscana
2021-02-15,ABR,1794,831,963,1752,42,ITF,ITF1,13,Abruzzo
2021-03-10,TOS,18364,7400,10964,14346,4018,ITI,ITI1,9,Toscana
2021-06-10,CAL,15319,7042,8277,12540,2779,ITF,ITF6,18,Calabria
2021-04-21,CAM,30221,14722,15499,17995,12226,ITF,ITF3,15,Campania
2021-05-26,ABR,13406,5951,7455,8402,5004,ITF,ITF1,13,Abruzzo
2021-05-17,EMR,32370,15386,16984,22891,9479,ITH,ITH5,8,Emilia-Romagna
2021-01-02,FVG,1216,470,746,1216,0,ITH,ITH4,6,Friuli-Venezia Giulia
2021-01-21,LAZ,5602,2349,3253,549,5053,ITI,ITI4,12,Lazio
2021-04-15,PAB,4399,2307,2092,4136,263,ITH,ITH1,4,Provincia Autonoma Bolzano / Bozen
2021-06-14,ABR,10867,5376,5491,7495,3372,ITF,ITF1,13,Abruzzo
2021-01-12,VEN,5230,1516,3714,5230,0,ITH,ITH3,5,Veneto
2021-02-21,PAT,155,92,63,43,112,ITH,ITH2,4,Provincia Autonoma Trento
2021-03-02,UMB,3642,1346,2296,3638,4,ITI,ITI2,10,Umbria
2021-04-19,VEN,21534,8918,12616,5124,16410,ITH,ITH3,5,Veneto
2021-05-20,SIC,43470,20793,22677,27616,15854,ITG,ITG1,19,Sicilia
2021-04-05,VEN,19141,8367,10774,13701,5440,ITH,ITH3,5,Veneto
2021-02-02,TOS,3743,1475,2268,196,3547,ITI,ITI1,9,Toscana
2021-03-12,PIE,13949,5183,8766,11014,2935,ITC,ITC1,1,Piemonte
2021-04-07,SAR,13544,6052,7492,7896,5648,ITG,ITG2,20,Sardegna
2021-04-12,FVG,7255,3181,4074,6124,1131,ITH,ITH4,6,Friuli-Venezia Giulia
2021-01-26,VEN,6918,2091,4827,152,6766,ITH,ITH3,5,Veneto
2021-04-24,SAR,10366,4851,5515,8030,2336,ITG,ITG2,20,Sardegna
2021-04-27,MAR,9399,4309,5090,5413,3986,ITI,ITI3,11,Marche
2021-05-15,PAT,1567,815,752,679,888,ITH,ITH2,4,Provincia Autonoma Trento
2021-03-31,LAZ,27378,13125,14253,20282,7096,ITI,ITI4,12,Lazio
2021-01-14,SAR,1105,426,679,1105,0,ITG,ITG2,20,Sardegna
2021-02-01,BAS,242,91,151,46,196,ITF,ITF5,17,Basilicata
2021-03-15,LIG,7243,3097,4146,4542,2701,ITC,ITC3,7,Liguria
2021-04-03,PUG,10547,4635,5912,6993,3554,ITF,ITF4,16,Puglia
2021-03-26,PIE,17748,6981,10767,8841,8907,ITC,ITC1,1,Piemonte
2021-05-02,PAB,2457,1288,1169,1536,921,ITH,ITH1,4,Provincia Autonoma Bolzano / Bozen
2021-06-01,PAT,3985,1863,2122,1142,2843,ITH,ITH2,4,Provincia Autonoma Trento
2021-02-13,VDA,216,196,20,215,1,ITC,ITC2,2,Valle d'Aosta / Vallée d'Aoste
2021-01-22,PAB,248,143,105,124,124,ITH,ITH1,4,Provincia Autonoma Bolzano / Bozen
2021-04-07,LOM,50539,20903,29636,34734,15805,ITC,ITC4,3,Lombardia
2021-05-06,VEN,46894,21998,24896,38419,8475,ITH,ITH3,5,Veneto
2021-01-07,LAZ,7747,2902,4845,7747,0,ITI,ITI4,12,Lazio
2021-01-17,MAR,1609,688,921,1550,59,ITI,ITI3,11,Marche
2021-05-26,BAS,4619,2331,2288,1837,2782,ITF,ITF5,17,Basilicata
