data_somministrazione,area,totale,sesso_maschile,sesso_femminile,prima_dose,seconda_dose,codice_NUTS1,codice_NUTS2,codice_regione_ISTAT,nome_area
2020-12-31,LOM,714,301,413,714,0,ITC,ITC4,3,Lombardia
2021-02-01,PIE,8642,3053,5589,578,8064,ITC,ITC1,1,Piemonte
2021-02-01,UMB,1285,342,943,48,1237,ITI,ITI2,10,Umbria
2021-03-21,MOL,1246,542,704,479,767,ITF,ITF2,14,Molise
2021-05-18,LAZ,44109,20110,23999,34794,9315,ITI,ITI4,12,Lazio
2021-01-04,PAB,508,201,307,508,0,ITH,ITH1,4,Provincia Autonoma Bolzano / Bozen
2021-03-21,PUG,2692,1226,1466,588,2104,ITF,ITF4,16,Puglia
2021-04-15,BAS,3386,1659,1727,2632,754,ITF,ITF5,17,Basilicata
2021-04-23,TOS,25667,11425,14242,9353,16314,ITI,ITI1,9,Toscana
2021-01-30,CAL,2177,1149,1028,358,1819,ITF,ITF6,18,Calabria
2021-02-23,MOL,582,223,359,363,219,ITF,ITF2,14,Molise
2021-02-28,LOM,7890,3257,4633,7674,216,ITC,ITC4,3,Lombardia
2021-05-20,PUG,32511,14466,18045,20580,11931,ITF,ITF4,16,Puglia
2021-01-27,LAZ,6114,2387,3727,997,5117,ITI,ITI4,12,Lazio
2021-02-28,MAR,2836,1251,1585,2830,6,ITI,ITI3,11,Marche
2021-01-04,TOS,5065,1894,3171,5065,0,ITI,ITI1,9,Toscana
2021-02-19,PIE,5535,2175,3360,5034,501,ITC,ITC1,1,Piemonte
2021-05-10,PUG,37236,16423,20813,19420,17816,ITF,ITF4,16,Puglia
2021-04-07,FVG,7494,3321,4173,6713,781,ITH,ITH4,6,Friuli-Venezia Giulia
2021-05-14,EMR,36665,16879,19786,27119,9546,ITH,ITH5,8,Emilia-Romagna
2021-01-25,UMB,648,323,325,5,643,ITI,ITI2,10,Umbria
2021-03-03,TOS,18192,6509,11683,14586,3606,ITI,ITI1,9,Toscana
2021-04-18,SIC,19724,9863,9861,15358,4366,ITG,ITG1,19,Sicilia
2021-05-03,PAB,1829,846,983,417,1412,ITH,ITH1,4,Provincia Autonoma Bolzano / Bozen
2021-05-13,EMR,35473,16332,19141,27720,7753,ITH,ITH5,8,Emilia-Romagna
2021-04-04,CAM,7958,4012,3946,6914,1044,ITF,ITF3,15,Campania
2021-01-17,EMR,2890,887,2003,2644,246,ITH,ITH5,8,Emilia-Romagna
2021-03-07,MOL,1132,501,631,1130,2,ITF,ITF2,14,Molise
2021-03-19,LOM,32420,12907,19513,19216,13204,ITC,ITC4,3,Lombardia
2021-04-20,SAR,10933,4967,5966,7719,3214,ITG,ITG2,20,Sardegna
2021-04-02,CAL,8154,3713,4441,4329,3825,ITF,ITF6,18,Calabria
2021-05-06,PAT,5504,2725,2779,4725,779,ITH,ITH2,4,Provincia Autonoma Trento
2021-05-13,ABR,11149,5043,6106,7188,3961,ITF,ITF1,13,Abruzzo
2021-01-24,PUG,1669,749,920,153,1516,ITF,ITF4,16,Puglia
2021-04-13,LAZ,25657,11868,13789,17953,7704,ITI,ITI4,12,Lazio
2021-05-06,CAL,13272,6276,6996,8986,4286,ITF,ITF6,18,Calabria
2021-05-15,LAZ,57033,27242,29791,40611,16422,ITI,ITI4,12,Lazio
2021-01-07,LIG,3229,1095,2134,3229,0,ITC,ITC3,7,Liguria
2021-01-14,PAT,700,203,497,700,0,ITH,ITH2,4,Provincia Autonoma Trento
2021-02-15,LOM,8916,3120,5796,8495,421,ITC,ITC4,3,Lombardia
2021-02-17,SIC,5413,3278,2135,4745,668,ITG,ITG1,19,Sicilia
2021-03-15,VEN,16598,7263,9335,11381,5217,ITH,ITH3,5,Veneto
2020-12-31,EMR,2213,779,1434,2213,0,ITH,ITH5,8,Emilia-Romagna
2021-01-12,CAM,5214,2563,2651,5214,0,ITF,ITF3,15,Campania
2021-01-12,CAL,2063,1020,1043,2063,0,ITF,ITF6,18,Calabria
2021-03-11,TOS,15495,5993,9502,12169,3326,ITI,ITI1,9,Toscana
2021-05-17,ABR,11026,5040,5986,6167,4859,ITF,ITF1,13,Abruzzo
2021-05-23,SIC,34140,16615,17525,20112,14028,ITG,ITG1,19,Sicilia
2021-01-08,LIG,2926,999,1927,2926,0,ITC,ITC3,7,Liguria
2021-01-17,ABR,187,59,128,180,7,ITF,ITF1,13,Abruzzo
2021-03-19,EMR,15843,6915,8928,7876,7967,ITH,ITH5,8,Emilia-Romagna
2021-04-02,CAM,21731,10409,11322,19410,2321,ITF,ITF3,15,Campania
2021-04-20,PUG,21024,9754,11270,17581,3443,ITF,ITF4,16,Puglia
2021-01-02,UMB,304,111,193,304,0,ITI,ITI2,10,Umbria
2021-01-24,FVG,305,119,186,1,304,ITH,ITH4,6,Friuli-Venezia Giulia
2021-02-05,PIE,9455,3080,6375,657,8798,ITC,ITC1,1,Piemonte
2021-03-17,ABR,4540,1873,2667,2800,1740,ITF,ITF1,13,Abruzzo
2021-01-30,PAT,386,132,254,152,234,ITH,ITH2,4,Provincia Autonoma Trento
2021-02-10,LAZ,8187,3398,4789,4850,3337,ITI,ITI4,12,Lazio
2021-02-19,CAM,9570,3559,6011,8920,650,ITF,ITF3,15,Campania
2021-03-09,VEN,16460,7379,9081,10143,6317,ITH,ITH3,5,Veneto
2021-04-10,CAM,28341,13486,14855,23427,4914,ITF,ITF3,15,Campania
2021-04-21,SIC,22669,10880,11789,16458,6211,ITG,ITG1,19,Sicilia
2021-02-20,PAB,1802,540,1262,1784,18,ITH,ITH1,4,Provincia Autonoma Bolzano / Bozen
2021-03-05,PAT,2244,703,1541,1678,566,ITH,ITH2,4,Provincia Autonoma Trento
2021-01-31,LAZ,4458,1853,2605,475,3983,ITI,ITI4,12,Lazio
2021-02-20,TOS,4641,1790,2851,4128,513,ITI,ITI1,9,Toscana
2021-02-28,ABR,1704,510,1194,1702,2,ITF,ITF1,13,Abruzzo
2021-04-05,PIE,14746,6233,8513,12189,2557,ITC,ITC1,1,Piemonte
2021-05-11,PAT,3688,1744,1944,2845,843,ITH,ITH2,4,Provincia Autonoma Trento
2021-05-13,VDA,1139,556,583,540,599,ITC,ITC2,2,Valle d'Aosta / Vallée d'Aoste
2021-05-14,VDA,960,442,518,291,669,ITC,ITC2,2,Valle d'Aosta / Vallée d'Aoste
2021-05-23,BAS,4515,2300,2215,1534,2981,ITF,ITF5,17,Basilicata
2021-01-11,UMB,1315,346,969,1315,0,ITI,ITI2,10,Umbria
2021-03-15,PAT,1410,545,865,946,464,ITH,ITH2,4,Provincia Autonoma Trento
2021-03-09,UMB,4051,1971,2080,2760,1291,ITI,ITI2,10,Umbria
2021-04-12,UMB,7086,3076,4010,5369,1717,ITI,ITI2,10,Umbria
2021-02-18,LOM,14041,4926,9115,13013,1028,ITC,ITC4,3,Lombardia
2021-03-10,BAS,1674,837,837,835,839,ITF,ITF5,17,Basilicata
2021-03-11,PAB,1681,823,858,1143,538,ITH,ITH1,4,Provincia Autonoma Bolzano / Bozen
2021-05-12,CAM,40790,19909,20881,31656,9134,ITF,ITF3,15,Campania
2021-05-17,MAR,11854,5568,6286,7691,4163,ITI,ITI3,11,Marche
2021-05-22,LIG,6529,3186,3343,4921,1608,ITC,ITC3,7,Liguria
2021-04-12,EMR,19216,8993,10223,14773,4443,ITH,ITH5,8,Emilia-Romagna
2021-04-23,PAB,4540,2149,2391,3249,1291,ITH,ITH1,4,Provincia Autonoma Bolzano / Bozen
2021-05-12,PIE,31609,15030,16579,18920,12689,ITC,ITC1,1,Piemonte
2021-05-27,CAL,17418,8581,8837,9727,7691,ITF,ITF6,18,Calabria
2021-05-27,PAT,3496,1668,1828,978,2518,ITH,ITH2,4,Provincia Autonoma Trento
2021-01-07,PAB,917,327,590,917,0,ITH,ITH1,4,Provincia Autonoma Bolzano / Bozen
2021-05-16,BAS,4969,2466,2503,2858,2111,ITF,ITF5,17,Basilicata
2021-01-13,MOL,474,160,314,474,0,ITF,ITF2,14,Molise
2021-03-29,VEN,31391,13631,17760,27557,3834,ITH,ITH3,5,Veneto
2021-05-10,SAR,9709,4326,5383,7172,2537,ITG,ITG2,20,Sardegna
2021-05-13,LOM,86734,41600,45134,58186,28548,ITC,ITC4,3,Lombardia
2021-01-02,VEN,5743,1766,3977,5743,0,ITH,ITH3,5,Veneto
2021-04-24,SIC,31343,14801,16542,23603,7740,ITG,ITG1,19,Sicilia
2021-01-26,BAS,796,352,444,101,695,ITF,ITF5,17,Basilicata
2021-04-25,PIE,20223,9303,10920,17722,2501,ITC,ITC1,1,Piemonte
2021-03-25,MAR,6657,2774,3883,3247,3410,ITI,ITI3,11,Marche
2021-04-26,EMR,27846,12907,14939,18541,9305,ITH,ITH5,8,Emilia-Romagna
2021-01-08,LOM,12698,3916,8782,12698,0,ITC,ITC4,3,Lombardia
2021-03-05,PUG,17225,6823,10402,15061,2164,ITF,ITF4,16,Puglia
2021-01-30,PUG,5528,2515,3013,411,5117,ITF,ITF4,16,Puglia
2021-04-29,PAT,4621,2232,2389,4412,209,ITH,ITH2,4,Provincia Autonoma Trento
2021-05-20,CAL,16898,8438,8460,11293,5605,ITF,ITF6,18,Calabria
2020-12-30,LOM,114,42,72,114,0,ITC,ITC4,3,Lombardia
2021-02-21,LOM,5052,1862,3190,5034,18,ITC,ITC4,3,Lombardia
2021-04-27,MAR,9401,4309,5092,5413,3988,ITI,ITI3,11,Marche
2021-05-27,PUG,33952,15729,18223,19874,14078,ITF,ITF4,16,Puglia
2021-01-19,TOS,1104,531,573,1104,0,ITI,ITI1,9,Toscana
2021-03-23,SIC,21065,10076,10989,15411,5654,ITG,ITG1,19,Sicilia
2021-03-20,VDA,208,86,122,172,36,ITC,ITC2,2,Valle d'Aosta / Vallée d'Aoste
2021-04-19,PIE,22531,10762,11769,18167,4364,ITC,ITC1,1,Piemonte
2021-04-26,ABR,8564,4067,4497,7349,1215,ITF,ITF1,13,Abruzzo
2021-02-13,LAZ,6608,2626,3982,6194,414,ITI,ITI4,12,Lazio
2021-01-31,BAS,77,24,53,0,77,ITF,ITF5,17,Basilicata
2021-03-18,TOS,9970,3981,5989,6005,3965,ITI,ITI1,9,Toscana
2021-03-28,LOM,20474,7807,12667,14310,6164,ITC,ITC4,3,Lombardia
2021-04-13,BAS,2115,1053,1062,1295,820,ITF,ITF5,17,Basilicata
2021-05-03,UMB,5090,2270,2820,2203,2887,ITI,ITI2,10,Umbria
2021-01-01,CAM,919,506,413,919,0,ITF,ITF3,15,Campania
2021-01-14,FVG,2584,789,1795,2584,0,ITH,ITH4,6,Friuli-Venezia Giulia
2021-01-23,ABR,263,114,149,57,206,ITF,ITF1,13,Abruzzo
2021-02-20,PIE,3833,1253,2580,3659,174,ITC,ITC1,1,Piemonte
2021-02-20,UMB,282,100,182,258,24,ITI,ITI2,10,Umbria
2021-03-29,SAR,4425,1559,2866,3837,588,ITG,ITG2,20,Sardegna
2021-05-10,VEN,36322,16982,19340,26493,9829,ITH,ITH3,5,Veneto
2021-03-26,CAM,19455,8927,10528,15642,3813,ITF,ITF3,15,Campania
2021-05-08,BAS,4838,2400,2438,3431,1407,ITF,ITF5,17,Basilicata
2021-04-25,TOS,11054,5248,5806,8917,2137,ITI,ITI1,9,Toscana
2021-05-16,VDA,688,341,347,347,341,ITC,ITC2,2,Valle d'Aosta / Vallée d'Aoste
2021-01-31,SIC,4109,1959,2150,113,3996,ITG,ITG1,19,Sicilia
2021-04-28,PIE,25958,11691,14267,15954,10004,ITC,ITC1,1,Piemonte
2021-02-11,CAM,6278,2704,3574,6212,66,ITF,ITF3,15,Campania
2021-02-13,TOS,7785,2360,5425,7558,227,ITI,ITI1,9,Toscana
2021-01-02,SAR,60,21,39,60,0,ITG,ITG2,20,Sardegna
2021-02-01,PAB,1451,440,1011,12,1439,ITH,ITH1,4,Provincia Autonoma Bolzano / Bozen
2021-02-19,LIG,3213,1305,1908,3037,176,ITC,ITC3,7,Liguria
2021-03-18,LAZ,14224,6077,8147,7834,6390,ITI,ITI4,12,Lazio
2021-04-06,ABR,7681,3581,4100,5362,2319,ITF,ITF1,13,Abruzzo
2021-04-09,VDA,237,111,126,204,33,ITC,ITC2,2,Valle d'Aosta / Vallée d'Aoste
2021-02-09,ABR,908,311,597,499,409,ITF,ITF1,13,Abruzzo
2021-03-22,ABR,4281,1852,2429,2311,1970,ITF,ITF1,13,Abruzzo
2021-01-21,PAT,351,94,257,228,123,ITH,ITH2,4,Provincia Autonoma Trento
2021-02-27,FVG,3527,1200,2327,3526,1,ITH,ITH4,6,Friuli-Venezia Giulia
2021-03-08,BAS,1454,709,745,843,611,ITF,ITF5,17,Basilicata
2021-05-24,PAB,1442,761,681,1109,333,ITH,ITH1,4,Provincia Autonoma Bolzano / Bozen
2021-02-01,TOS,5509,1958,3551,521,4988,ITI,ITI1,9,Toscana
2021-02-02,MOL,539,176,363,216,323,ITF,ITF2,14,Molise
2021-03-04,PAT,2358,793,1565,1580,778,ITH,ITH2,4,Provincia Autonoma Trento
2021-03-28,EMR,13455,6001,7454,9591,3864,ITH,ITH5,8,Emilia-Romagna
2021-05-23,LAZ,46940,22705,24235,39683,7257,ITI,ITI4,12,Lazio
2021-04-20,VEN,22405,9487,12918,8407,13998,ITH,ITH3,5,Veneto
2021-05-20,PAT,4971,2349,2622,3365,1606,ITH,ITH2,4,Provincia Autonoma Trento
2021-02-04,ABR,1679,615,1064,609,1070,ITF,ITF1,13,Abruzzo
2021-02-16,MAR,1287,475,812,1257,30,ITI,ITI3,11,Marche
2021-05-19,LOM,82590,39484,43106,33765,48825,ITC,ITC4,3,Lombardia
2021-02-10,SIC,4420,1813,2607,3999,421,ITG,ITG1,19,Sicilia
2021-02-25,LAZ,12655,5518,7137,11605,1050,ITI,ITI4,12,Lazio
2021-03-09,SAR,5645,2629,3016,4916,729,ITG,ITG2,20,Sardegna
2021-03-20,EMR,16086,6831,9255,9122,6964,ITH,ITH5,8,Emilia-Romagna
2021-05-24,TOS,33329,16383,16946,24068,9261,ITI,ITI1,9,Toscana
2021-02-09,LOM,12285,3344,8941,4113,8172,ITC,ITC4,3,Lombardia
2021-04-06,LOM,43045,17563,25482,25092,17953,ITC,ITC4,3,Lombardia
2021-04-28,CAM,36394,17614,18780,26645,9749,ITF,ITF3,15,Campania
2021-05-10,PAT,3205,1644,1561,2701,504,ITH,ITH2,4,Provincia Autonoma Trento
2021-02-25,TOS,10635,4306,6329,9636,999,ITI,ITI1,9,Toscana
2021-03-15,PUG,11780,5622,6158,5280,6500,ITF,ITF4,16,Puglia
2021-03-26,PIE,17748,6982,10766,8840,8908,ITC,ITC1,1,Piemonte
2021-03-27,BAS,2224,848,1376,1816,408,ITF,ITF5,17,Basilicata
2021-04-05,PAB,301,144,157,23,278,ITH,ITH1,4,Provincia Autonoma Bolzano / Bozen
2021-02-07,EMR,4793,1537,3256,1732,3061,ITH,ITH5,8,Emilia-Romagna
2021-02-24,VDA,183,82,101,164,19,ITC,ITC2,2,Valle d'Aosta / Vallée d'Aoste
2021-04-14,CAL,8155,3928,4227,6701,1454,ITF,ITF6,18,Calabria
2021-05-22,CAL,22066,10519,11547,14218,7848,ITF,ITF6,18,Calabria
2021-01-23,MAR,557,190,367,123,434,ITI,ITI3,11,Marche
2021-05-01,MOL,2640,1265,1375,419,2221,ITF,ITF2,14,Molise
2021-01-26,LAZ,7958,3125,4833,724,7234,ITI,ITI4,12,Lazio
2021-01-02,FVG,1216,470,746,1216,0,ITH,ITH4,6,Friuli-Venezia Giulia
2021-03-22,MAR,5655,2376,3279,2527,3128,ITI,ITI3,11,Marche
2021-04-06,EMR,24617,11110,13507,19880,4737,ITH,ITH5,8,Emilia-Romagna
2021-05-06,PUG,39203,17109,22094,19581,19622,ITF,ITF4,16,Puglia
2021-01-24,PAT,547,276,271,224,323,ITH,ITH2,4,Provincia Autonoma Trento
2021-04-05,TOS,15279,6823,8456,14542,737,ITI,ITI1,9,Toscana
2021-01-14,PUG,4069,1589,2480,4069,0,ITF,ITF4,16,Puglia
2021-02-10,BAS,547,237,310,495,52,ITF,ITF5,17,Basilicata
2021-02-18,LIG,2762,1126,1636,2431,331,ITC,ITC3,7,Liguria
2021-03-12,MOL,1459,637,822,1423,36,ITF,ITF2,14,Molise
2021-03-15,SAR,2688,1219,1469,2315,373,ITG,ITG2,20,Sardegna
2021-03-21,PAT,129,69,60,129,0,ITH,ITH2,4,Provincia Autonoma Trento
2021-05-11,FVG,8909,4266,4643,7121,1788,ITH,ITH4,6,Friuli-Venezia Giulia
2021-05-19,EMR,33199,14750,18449,18202,14997,ITH,ITH5,8,Emilia-Romagna
2021-01-29,VDA,318,138,180,2,316,ITC,ITC2,2,Valle d'Aosta / Vallée d'Aoste
2021-05-09,SIC,28146,13164,14982,19875,8271,ITG,ITG1,19,Sicilia
2020-12-28,SAR,65,25,40,65,0,ITG,ITG2,20,Sardegna
2021-01-03,TOS,3335,1051,2284,3335,0,ITI,ITI1,9,Toscana
2021-01-29,BAS,614,229,385,63,551,ITF,ITF5,17,Basilicata
2021-02-06,TOS,4527,1550,2977,1294,3233,ITI,ITI1,9,Toscana
2021-04-10,UMB,7466,3512,3954,7331,135,ITI,ITI2,10,Umbria
2021-02-26,SAR,2800,1108,1692,2494,306,ITG,ITG2,20,Sardegna
2021-05-19,BAS,2872,1500,1372,1196,1676,ITF,ITF5,17,Basilicata
2021-01-20,LAZ,4806,1942,2864,3263,1543,ITI,ITI4,12,Lazio
2021-02-07,BAS,373,159,214,49,324,ITF,ITF5,17,Basilicata
2021-03-04,FVG,3445,1595,1850,2787,658,ITH,ITH4,6,Friuli-Venezia Giulia
2021-02-06,PAB,2626,1171,1455,19,2607,ITH,ITH1,4,Provincia Autonoma Bolzano / Bozen
2021-03-02,LAZ,16989,7431,9558,13055,3934,ITI,ITI4,12,Lazio
2021-03-12,CAM,14247,7096,7151,8165,6082,ITF,ITF3,15,Campania
2021-05-02,TOS,11168,4931,6237,9205,1963,ITI,ITI1,9,Toscana
2021-01-13,SAR,573,178,395,573,0,ITG,ITG2,20,Sardegna
2021-03-03,PUG,16663,6700,9963,14751,1912,ITF,ITF4,16,Puglia
2021-03-29,ABR,5625,2524,3101,2986,2639,ITF,ITF1,13,Abruzzo
2021-04-17,PAB,5232,2598,2634,5188,44,ITH,ITH1,4,Provincia Autonoma Bolzano / Bozen
2021-03-28,BAS,2139,741,1398,2122,17,ITF,ITF5,17,Basilicata
2021-05-02,PAB,2457,1288,1169,1536,921,ITH,ITH1,4,Provincia Autonoma Bolzano / Bozen
2021-04-13,TOS,8490,3508,4982,6032,2458,ITI,ITI1,9,Toscana
2021-04-14,PUG,31784,15003,16781,28478,3306,ITF,ITF4,16,Puglia
2021-05-08,LAZ,45160,20603,24557,29803,15357,ITI,ITI4,12,Lazio
2021-02-15,ABR,1794,831,963,1752,42,ITF,ITF1,13,Abruzzo
2021-03-05,EMR,17678,5752,11926,14230,3448,ITH,ITH5,8,Emilia-Romagna
2021-03-21,SAR,4030,1809,2221,2590,1440,ITG,ITG2,20,Sardegna
2021-05-26,TOS,34855,16604,18251,19891,14964,ITI,ITI1,9,Toscana
2021-04-17,TOS,20533,9206,11327,18411,2122,ITI,ITI1,9,Toscana
2021-01-18,CAM,957,399,558,713,244,ITF,ITF3,15,Campania
2021-03-15,LOM,31570,11333,20237,23052,8518,ITC,ITC4,3,Lombardia
2021-04-27,SIC,26421,12721,13700,15591,10830,ITG,ITG1,19,Sicilia
2020-12-29,LIG,125,33,92,125,0,ITC,ITC3,7,Liguria
2021-01-02,MAR,453,139,314,453,0,ITI,ITI3,11,Marche
2021-02-23,SAR,1519,1010,509,1285,234,ITG,ITG2,20,Sardegna
2021-04-30,PAB,3337,1592,1745,1561,1776,ITH,ITH1,4,Provincia Autonoma Bolzano / Bozen
2021-05-11,VDA,645,325,320,494,151,ITC,ITC2,2,Valle d'Aosta / Vallée d'Aoste
2021-05-27,LOM,92942,44707,48235,40965,51977,ITC,ITC4,3,Lombardia
2021-03-13,CAM,14249,6795,7454,8967,5282,ITF,ITF3,15,Campania
2021-03-26,FVG,5799,2424,3375,3787,2012,ITH,ITH4,6,Friuli-Venezia Giulia
2021-03-29,VDA,493,233,260,453,40,ITC,ITC2,2,Valle d'Aosta / Vallée d'Aoste
2021-02-19,LOM,14115,5369,8746,13435,680,ITC,ITC4,3,Lombardia
2021-02-26,TOS,10076,3833,6243,8870,1206,ITI,ITI1,9,Toscana
2021-03-20,BAS,1286,566,720,275,1011,ITF,ITF5,17,Basilicata
2021-01-10,LAZ,4039,1700,2339,4039,0,ITI,ITI4,12,Lazio
2021-01-30,EMR,10077,3519,6558,141,9936,ITH,ITH5,8,Emilia-Romagna
2021-02-22,CAM,10680,3294,7386,10417,263,ITF,ITF3,15,Campania
2021-03-24,MOL,1631,658,973,1229,402,ITF,ITF2,14,Molise
2021-04-04,CAL,1762,886,876,1261,501,ITF,ITF6,18,Calabria
2021-05-26,LAZ,45657,20349,25308,34825,10832,ITI,ITI4,12,Lazio
2021-01-13,PUG,4541,1731,2810,4541,0,ITF,ITF4,16,Puglia
2021-02-03,PAB,1503,478,1025,5,1498,ITH,ITH1,4,Provincia Autonoma Bolzano / Bozen
2021-02-24,BAS,1803,743,1060,1734,69,ITF,ITF5,17,Basilicata
2021-05-21,MOL,2018,1011,1007,1707,311,ITF,ITF2,14,Molise
2021-05-24,PIE,28412,13015,15397,16935,11477,ITC,ITC1,1,Piemonte
2021-05-24,UMB,9014,4479,4535,8168,846,ITI,ITI2,10,Umbria
2021-02-23,PUG,9348,4422,4926,8873,475,ITF,ITF4,16,Puglia
2021-04-06,BAS,1267,461,806,1083,184,ITF,ITF5,17,Basilicata
2021-02-05,UMB,780,234,546,18,762,ITI,ITI2,10,Umbria
2021-02-15,MAR,967,412,555,954,13,ITI,ITI3,11,Marche
2021-04-19,FVG,6705,3131,3574,3293,3412,ITH,ITH4,6,Friuli-Venezia Giulia
2021-05-11,MAR,10623,4832,5791,5678,4945,ITI,ITI3,11,Marche
2021-01-07,FVG,2090,717,1373,2090,0,ITH,ITH4,6,Friuli-Venezia Giulia
2021-01-19,PIE,6462,2105,4357,6450,12,ITC,ITC1,1,Piemonte
2021-01-19,UMB,103,23,80,103,0,ITI,ITI2,10,Umbria
2021-02-11,LIG,1974,767,1207,1103,871,ITC,ITC3,7,Liguria
2021-03-18,VEN,12608,5136,7472,7382,5226,ITH,ITH3,5,Veneto
2021-03-29,MAR,5860,2567,3293,3435,2425,ITI,ITI3,11,Marche
2021-04-28,FVG,7246,3194,4052,3782,3464,ITH,ITH4,6,Friuli-Venezia Giulia
2021-03-08,TOS,6370,2630,3740,1551,4819,ITI,ITI1,9,Toscana
2021-03-11,SAR,6035,2725,3310,4834,1201,ITG,ITG2,20,Sardegna
2021-04-28,LIG,14448,6520,7928,6460,7988,ITC,ITC3,7,Liguria
2021-01-08,FVG,2322,747,1575,2322,0,ITH,ITH4,6,Friuli-Venezia Giulia
2021-01-11,EMR,9349,3273,6076,9349,0,ITH,ITH5,8,Emilia-Romagna
2021-01-16,CAM,3369,1675,1694,3369,0,ITF,ITF3,15,Campania
2021-03-15,VDA,362,123,239,159,203,ITC,ITC2,2,Valle d'Aosta / Vallée d'Aoste
2021-04-15,PIE,29587,13566,16021,24109,5478,ITC,ITC1,1,Piemonte
2021-01-01,LIG,144,55,89,144,0,ITC,ITC3,7,Liguria
2021-01-06,CAM,7652,3749,3903,7652,0,ITF,ITF3,15,Campania
2021-03-16,CAL,3835,1884,1951,2176,1659,ITF,ITF6,18,Calabria
2021-05-27,EMR,35348,15562,19786,8331,27017,ITH,ITH5,8,Emilia-Romagna
2021-01-12,LOM,20219,6697,13522,20219,0,ITC,ITC4,3,Lombardia
2021-04-25,PAT,1970,939,1031,1963,7,ITH,ITH2,4,Provincia Autonoma Trento
2021-02-03,TOS,4221,1452,2769,241,3980,ITI,ITI1,9,Toscana
2021-03-16,CAM,8086,3519,4567,3772,4314,ITF,ITF3,15,Campania
2021-03-26,LIG,9122,3854,5268,5968,3154,ITC,ITC3,7,Liguria
2021-04-26,BAS,4465,2165,2300,4245,220,ITF,ITF5,17,Basilicata
2021-05-07,LAZ,48105,22552,25553,30405,17700,ITI,ITI4,12,Lazio
2021-01-22,TOS,2866,1064,1802,528,2338,ITI,ITI1,9,Toscana
2021-01-25,EMR,6456,2145,4311,207,6249,ITH,ITH5,8,Emilia-Romagna
2021-02-26,PAB,1526,551,975,1496,30,ITH,ITH1,4,Provincia Autonoma Bolzano / Bozen
2021-02-05,VEN,8371,2534,5837,1413,6958,ITH,ITH3,5,Veneto
2021-02-08,CAM,5113,2449,2664,4310,803,ITF,ITF3,15,Campania
2021-02-12,TOS,7606,2683,4923,7393,213,ITI,ITI1,9,Toscana
2021-03-23,MOL,1642,694,948,1435,207,ITF,ITF2,14,Molise
2021-03-06,PAB,3969,2079,1890,3758,211,ITH,ITH1,4,Provincia Autonoma Bolzano / Bozen
2021-03-07,PUG,4919,1943,2976,4348,571,ITF,ITF4,16,Puglia
2021-03-19,ABR,5794,2584,3210,2774,3020,ITF,ITF1,13,Abruzzo
2021-04-02,LOM,41136,16828,24308,26690,14446,ITC,ITC4,3,Lombardia
2021-05-14,ABR,10601,5076,5525,5443,5158,ITF,ITF1,13,Abruzzo
2021-01-07,SAR,3111,1077,2034,3111,0,ITG,ITG2,20,Sardegna
2021-05-09,MOL,2051,932,1119,1955,96,ITF,ITF2,14,Molise
2021-05-12,UMB,6440,3004,3436,4300,2140,ITI,ITI2,10,Umbria
2021-01-22,PAB,248,143,105,124,124,ITH,ITH1,4,Provincia Autonoma Bolzano / Bozen
2021-02-25,CAL,2866,1545,1321,2280,586,ITF,ITF6,18,Calabria
2021-03-08,LAZ,20062,8314,11748,14789,5273,ITI,ITI4,12,Lazio
2021-04-03,CAM,21112,10314,10798,18734,2378,ITF,ITF3,15,Campania
2021-04-19,PUG,27497,12759,14738,24464,3033,ITF,ITF4,16,Puglia
2021-04-22,TOS,35718,15302,20416,18279,17439,ITI,ITI1,9,Toscana
2021-05-07,TOS,32055,14668,17387,11983,20072,ITI,ITI1,9,Toscana
2021-01-16,PIE,7771,2630,5141,7771,0,ITC,ITC1,1,Piemonte
2021-02-13,PIE,4153,1334,2819,2931,1222,ITC,ITC1,1,Piemonte
2021-03-09,MAR,5429,2293,3136,4549,880,ITI,ITI3,11,Marche
2021-04-23,SAR,12836,5730,7106,7375,5461,ITG,ITG2,20,Sardegna
2021-05-06,MAR,12655,5820,6835,5582,7073,ITI,ITI3,11,Marche
2021-01-18,PIE,6165,2047,4118,5916,249,ITC,ITC1,1,Piemonte
2021-03-16,LOM,25476,10112,15364,16418,9058,ITC,ITC4,3,Lombardia
2021-04-05,PAT,35,17,18,33,2,ITH,ITH2,4,Provincia Autonoma Trento
2021-01-21,ABR,157,47,110,157,0,ITF,ITF1,13,Abruzzo
2021-03-13,LIG,3826,1616,2210,2971,855,ITC,ITC3,7,Liguria
2021-02-07,ABR,777,307,470,201,576,ITF,ITF1,13,Abruzzo
2021-01-07,UMB,1300,387,913,1300,0,ITI,ITI2,10,Umbria
2021-02-26,UMB,660,253,407,652,8,ITI,ITI2,10,Umbria
2021-04-01,PIE,19329,8073,11256,11209,8120,ITC,ITC1,1,Piemonte
2021-05-22,EMR,32670,14016,18654,16739,15931,ITH,ITH5,8,Emilia-Romagna
2021-01-13,VEN,5985,1606,4379,5985,0,ITH,ITH3,5,Veneto
2021-03-13,PAB,2885,1459,1426,2784,101,ITH,ITH1,4,Provincia Autonoma Bolzano / Bozen
2021-04-16,PAB,2949,1418,1531,2438,511,ITH,ITH1,4,Provincia Autonoma Bolzano / Bozen
2021-02-21,VDA,18,3,15,0,18,ITC,ITC2,2,Valle d'Aosta / Vallée d'Aoste
2021-03-21,VEN,11983,4754,7229,8521,3462,ITH,ITH3,5,Veneto
2021-04-29,MAR,13246,6061,7185,7149,6097,ITI,ITI3,11,Marche
2020-12-27,MOL,50,20,30,50,0,ITF,ITF2,14,Molise
2021-01-01,LOM,24,7,17,24,0,ITC,ITC4,3,Lombardia
2021-04-16,TOS,28949,12887,16062,22045,6904,ITI,ITI1,9,Toscana
2021-04-25,PUG,11170,5181,5989,10013,1157,ITF,ITF4,16,Puglia
2021-01-09,VDA,443,199,244,443,0,ITC,ITC2,2,Valle d'Aosta / Vallée d'Aoste
2021-01-21,EMR,2164,729,1435,819,1345,ITH,ITH5,8,Emilia-Romagna
2021-03-12,LIG,6150,2814,3336,3681,2469,ITC,ITC3,7,Liguria
2021-04-20,LOM,67613,30813,36800,57284,10329,ITC,ITC4,3,Lombardia
2021-01-21,VDA,33,12,21,33,0,ITC,ITC2,2,Valle d'Aosta / Vallée d'Aoste
2021-02-03,UMB,725,174,551,67,658,ITI,ITI2,10,Umbria
2021-02-03,PIE,10198,3303,6895,611,9587,ITC,ITC1,1,Piemonte
2021-03-28,ABR,2415,1017,1398,2044,371,ITF,ITF1,13,Abruzzo
2021-04-23,VEN,31138,13796,17342,22441,8697,ITH,ITH3,5,Veneto
2021-05-13,BAS,5982,2966,3016,3385,2597,ITF,ITF5,17,Basilicata
2021-03-07,CAL,3313,1682,1631,3224,89,ITF,ITF6,18,Calabria
2021-03-07,PAT,22,6,16,22,0,ITH,ITH2,4,Provincia Autonoma Trento
2021-04-08,LAZ,26644,12170,14474,18962,7682,ITI,ITI4,12,Lazio
2021-05-12,FVG,10663,4934,5729,9308,1355,ITH,ITH4,6,Friuli-Venezia Giulia
2021-02-05,PAB,3195,1181,2014,8,3187,ITH,ITH1,4,Provincia Autonoma Bolzano / Bozen
2021-02-12,PIE,6890,2214,4676,3930,2960,ITC,ITC1,1,Piemonte
2021-02-16,VDA,325,53,272,320,5,ITC,ITC2,2,Valle d'Aosta / Vallée d'Aoste
2021-03-03,PAT,1656,622,1034,1139,517,ITH,ITH2,4,Provincia Autonoma Trento
2021-03-11,VEN,19703,8772,10931,14122,5581,ITH,ITH3,5,Veneto
2021-01-07,VEN,8358,2318,6040,8358,0,ITH,ITH3,5,Veneto
2021-02-21,MAR,376,141,235,375,1,ITI,ITI3,11,Marche
2021-04-11,EMR,15259,6926,8333,12214,3045,ITH,ITH5,8,Emilia-Romagna
2021-04-21,MOL,1862,788,1074,967,895,ITF,ITF2,14,Molise
2021-05-19,ABR,10696,5112,5584,7656,3040,ITF,ITF1,13,Abruzzo
2021-02-26,VEN,8292,3270,5022,7036,1256,ITH,ITH3,5,Veneto
2021-05-12,LIG,11938,5353,6585,6598,5340,ITC,ITC3,7,Liguria
2021-01-04,PIE,5564,1679,3885,5564,0,ITC,ITC1,1,Piemonte
2021-05-08,SIC,35749,17073,18676,25433,10316,ITG,ITG1,19,Sicilia
2021-05-10,LOM,85181,40855,44326,63677,21504,ITC,ITC4,3,Lombardia
2021-05-20,EMR,39562,17994,21568,18550,21012,ITH,ITH5,8,Emilia-Romagna
2021-01-04,UMB,810,398,412,810,0,ITI,ITI2,10,Umbria
2021-01-19,PAB,853,371,482,723,130,ITH,ITH1,4,Provincia Autonoma Bolzano / Bozen
2021-03-25,VDA,389,154,235,379,10,ITC,ITC2,2,Valle d'Aosta / Vallée d'Aoste
2021-04-19,PAT,2622,1235,1387,2599,23,ITH,ITH2,4,Provincia Autonoma Trento
2021-01-13,PAT,421,123,298,421,0,ITH,ITH2,4,Provincia Autonoma Trento
2021-01-21,LOM,5342,1569,3773,4653,689,ITC,ITC4,3,Lombardia
2021-02-11,CAL,2332,1041,1291,1082,1250,ITF,ITF6,18,Calabria
2021-02-18,FVG,3217,1492,1725,2811,406,ITH,ITH4,6,Friuli-Venezia Giulia
2021-03-18,SAR,7255,3070,4185,5652,1603,ITG,ITG2,20,Sardegna
2021-05-15,CAL,26659,12745,13914,19891,6768,ITF,ITF6,18,Calabria
2021-02-19,FVG,3251,1289,1962,2824,427,ITH,ITH4,6,Friuli-Venezia Giulia
2021-03-11,UMB,3565,1697,1868,2559,1006,ITI,ITI2,10,Umbria
2021-05-14,BAS,5906,2797,3109,3374,2532,ITF,ITF5,17,Basilicata
2021-01-17,BAS,328,133,195,327,1,ITF,ITF5,17,Basilicata
2021-01-18,LIG,2135,745,1390,1978,157,ITC,ITC3,7,Liguria
2021-02-05,SAR,1897,749,1148,433,1464,ITG,ITG2,20,Sardegna
2021-02-06,UMB,396,138,258,34,362,ITI,ITI2,10,Umbria
2021-04-01,CAM,24337,11685,12652,20204,4133,ITF,ITF3,15,Campania
2021-05-25,MOL,1959,885,1074,1329,630,ITF,ITF2,14,Molise
2021-01-10,SIC,3622,1616,2006,3622,0,ITG,ITG1,19,Sicilia
2021-04-10,LIG,7887,3558,4329,6973,914,ITC,ITC3,7,Liguria
2021-01-16,LIG,1278,557,721,1278,0,ITC,ITC3,7,Liguria
2021-04-14,PAT,3115,1464,1651,2379,736,ITH,ITH2,4,Provincia Autonoma Trento
2021-02-07,VDA,292,120,172,190,102,ITC,ITC2,2,Valle d'Aosta / Vallée d'Aoste
2021-02-22,LIG,3334,1467,1867,3192,142,ITC,ITC3,7,Liguria
2021-02-23,VEN,7373,3248,4125,7105,268,ITH,ITH3,5,Veneto
2021-04-10,PAB,5390,2664,2726,4802,588,ITH,ITH1,4,Provincia Autonoma Bolzano / Bozen
2021-03-19,BAS,2290,992,1298,262,2028,ITF,ITF5,17,Basilicata
2021-04-18,MOL,1083,483,600,149,934,ITF,ITF2,14,Molise
2021-02-21,ABR,1218,550,668,1217,1,ITF,ITF1,13,Abruzzo
2021-02-23,PAT,1108,395,713,897,211,ITH,ITH2,4,Provincia Autonoma Trento
2021-03-16,LIG,6073,2722,3351,2349,3724,ITC,ITC3,7,Liguria
2021-04-02,LIG,11671,5117,6554,9185,2486,ITC,ITC3,7,Liguria
2021-04-28,LOM,95576,43600,51976,68725,26851,ITC,ITC4,3,Lombardia
2021-04-04,LIG,756,366,390,507,249,ITC,ITC3,7,Liguria
2021-01-03,PIE,3063,967,2096,3063,0,ITC,ITC1,1,Piemonte
2021-03-14,SIC,8777,3928,4849,4943,3834,ITG,ITG1,19,Sicilia
2021-02-17,SAR,1407,577,830,1333,74,ITG,ITG2,20,Sardegna
2021-02-24,PUG,10035,4703,5332,9446,589,ITF,ITF4,16,Puglia
2021-03-06,SAR,2639,1079,1560,858,1781,ITG,ITG2,20,Sardegna
2021-03-06,EMR,20623,5882,14741,17893,2730,ITH,ITH5,8,Emilia-Romagna
2021-04-15,CAM,34337,16658,17679,24440,9897,ITF,ITF3,15,Campania
2020-12-27,CAL,281,156,125,281,0,ITF,ITF6,18,Calabria
2021-01-06,UMB,846,325,521,846,0,ITI,ITI2,10,Umbria
2021-01-22,SAR,83,47,36,55,28,ITG,ITG2,20,Sardegna
2021-01-29,CAM,10052,4812,5240,47,10005,ITF,ITF3,15,Campania
2021-01-29,PUG,6193,2660,3533,436,5757,ITF,ITF4,16,Puglia
2021-01-22,ABR,118,57,61,118,0,ITF,ITF1,13,Abruzzo
2021-03-05,ABR,5348,1957,3391,4650,698,ITF,ITF1,13,Abruzzo
2021-03-18,PAT,2318,957,1361,1238,1080,ITH,ITH2,4,Provincia Autonoma Trento
2021-03-31,SAR,10152,4049,6103,7705,2447,ITG,ITG2,20,Sardegna
2021-05-07,LOM,92036,43572,48464,69869,22167,ITC,ITC4,3,Lombardia
2021-05-20,BAS,5855,2965,2890,2891,2964,ITF,ITF5,17,Basilicata
2021-01-05,LIG,2879,896,1983,2879,0,ITC,ITC3,7,Liguria
2021-03-30,TOS,16861,7498,9363,13297,3564,ITI,ITI1,9,Toscana
2021-05-23,PAT,1952,993,959,447,1505,ITH,ITH2,4,Provincia Autonoma Trento
2021-01-21,BAS,30,10,20,30,0,ITF,ITF5,17,Basilicata
2021-03-02,TOS,10599,3798,6801,7155,3444,ITI,ITI1,9,Toscana
2021-03-08,LOM,29765,11185,18580,22694,7071,ITC,ITC4,3,Lombardia
2021-03-16,EMR,12240,5026,7214,4932,7308,ITH,ITH5,8,Emilia-Romagna
2021-03-27,PAT,1615,709,906,1363,252,ITH,ITH2,4,Provincia Autonoma Trento
2021-04-17,EMR,27027,12931,14096,17731,9296,ITH,ITH5,8,Emilia-Romagna
2021-05-04,PIE,28438,13053,15385,16385,12053,ITC,ITC1,1,Piemonte
2021-04-01,MAR,7578,3183,4395,4162,3416,ITI,ITI3,11,Marche
2021-04-17,SAR,10049,4486,5563,5452,4597,ITG,ITG2,20,Sardegna
2021-01-22,EMR,1829,477,1352,1088,741,ITH,ITH5,8,Emilia-Romagna
2021-02-03,MAR,2124,741,1383,119,2005,ITI,ITI3,11,Marche
2021-04-26,PUG,26029,11919,14110,22790,3239,ITF,ITF4,16,Puglia
2021-01-10,MOL,270,72,198,270,0,ITF,ITF2,14,Molise
2021-02-08,FVG,2357,694,1663,92,2265,ITH,ITH4,6,Friuli-Venezia Giulia
2021-02-09,MOL,359,170,189,197,162,ITF,ITF2,14,Molise
2021-04-01,LIG,12378,5468,6910,9608,2770,ITC,ITC3,7,Liguria
2021-04-22,PAB,2923,1500,1423,1981,942,ITH,ITH1,4,Provincia Autonoma Bolzano / Bozen
2021-05-16,PIE,28099,12757,15342,15053,13046,ITC,ITC1,1,Piemonte
2021-05-07,EMR,34510,16596,17914,22709,11801,ITH,ITH5,8,Emilia-Romagna
2021-01-31,MOL,268,70,198,6,262,ITF,ITF2,14,Molise
2021-02-13,PAT,537,333,204,172,365,ITH,ITH2,4,Provincia Autonoma Trento
2021-05-13,CAL,15871,7612,8259,11213,4658,ITF,ITF6,18,Calabria
2021-05-26,ABR,13309,5906,7403,8382,4927,ITF,ITF1,13,Abruzzo
2021-02-26,ABR,3914,1670,2244,2946,968,ITF,ITF1,13,Abruzzo
2021-03-03,SAR,3858,2072,1786,2610,1248,ITG,ITG2,20,Sardegna
2021-02-12,PUG,4101,1629,2472,3010,1091,ITF,ITF4,16,Puglia
2021-02-16,SAR,700,289,411,673,27,ITG,ITG2,20,Sardegna
2021-03-01,PAB,922,221,701,921,1,ITH,ITH1,4,Provincia Autonoma Bolzano / Bozen
2021-04-06,MOL,1494,701,793,1151,343,ITF,ITF2,14,Molise
2021-04-30,ABR,12391,5803,6588,6702,5689,ITF,ITF1,13,Abruzzo
2021-01-15,MAR,1771,500,1271,1771,0,ITI,ITI3,11,Marche
2021-01-22,LOM,3105,866,2239,3035,70,ITC,ITC4,3,Lombardia
2021-01-30,VDA,439,202,237,14,425,ITC,ITC2,2,Valle d'Aosta / Vallée d'Aoste
2021-02-27,PIE,12691,4851,7840,12346,345,ITC,ITC1,1,Piemonte
2021-05-07,SAR,14065,6422,7643,9619,4446,ITG,ITG2,20,Sardegna
2021-05-16,PUG,24192,10908,13284,12511,11681,ITF,ITF4,16,Puglia
2021-05-18,PUG,28085,12886,15199,15556,12529,ITF,ITF4,16,Puglia
2021-01-12,ABR,1804,666,1138,1804,0,ITF,ITF1,13,Abruzzo
2021-02-16,PAB,530,205,325,530,0,ITH,ITH1,4,Provincia Autonoma Bolzano / Bozen
2021-03-14,UMB,66,48,18,66,0,ITI,ITI2,10,Umbria
2021-03-15,SIC,10813,4712,6101,5747,5066,ITG,ITG1,19,Sicilia
2021-05-04,CAM,48431,23331,25100,39543,8888,ITF,ITF3,15,Campania
2021-01-08,MOL,429,141,288,429,0,ITF,ITF2,14,Molise
2021-04-11,BAS,848,330,518,786,62,ITF,ITF5,17,Basilicata
2021-04-22,EMR,29003,13420,15583,14952,14051,ITH,ITH5,8,Emilia-Romagna
2021-03-01,VEN,9392,3714,5678,7572,1820,ITH,ITH3,5,Veneto
2021-03-20,PIE,11919,4898,7021,6021,5898,ITC,ITC1,1,Piemonte
2021-04-22,SAR,10463,4632,5831,5545,4918,ITG,ITG2,20,Sardegna
2021-05-05,LAZ,46697,21423,25274,30893,15804,ITI,ITI4,12,Lazio
2021-01-03,MAR,896,348,548,896,0,ITI,ITI3,11,Marche
2021-01-04,MAR,1503,565,938,1503,0,ITI,ITI3,11,Marche
2021-02-12,ABR,1228,567,661,1039,189,ITF,ITF1,13,Abruzzo
2021-05-15,PUG,42760,18634,24126,23233,19527,ITF,ITF4,16,Puglia
2021-01-24,TOS,3349,1073,2276,201,3148,ITI,ITI1,9,Toscana
2021-04-17,LOM,48360,21248,27112,37591,10769,ITC,ITC4,3,Lombardia
2021-03-10,UMB,4012,1927,2085,2756,1256,ITI,ITI2,10,Umbria
2021-03-12,LOM,35244,12952,22292,25039,10205,ITC,ITC4,3,Lombardia
2021-03-18,CAL,4369,2037,2332,2343,2026,ITF,ITF6,18,Calabria
2021-04-04,EMR,9885,4718,5167,7616,2269,ITH,ITH5,8,Emilia-Romagna
2021-01-09,SAR,4026,1417,2609,4026,0,ITG,ITG2,20,Sardegna
2021-02-08,LOM,10081,2918,7163,2139,7942,ITC,ITC4,3,Lombardia
2021-01-15,LIG,2257,754,1503,2257,0,ITC,ITC3,7,Liguria
2021-04-12,CAM,23304,10917,12387,20266,3038,ITF,ITF3,15,Campania
2021-01-29,SAR,2953,1068,1885,48,2905,ITG,ITG2,20,Sardegna
2021-03-09,PIE,13964,5429,8535,11622,2342,ITC,ITC1,1,Piemonte
2021-04-22,LOM,73759,33323,40436,57466,16293,ITC,ITC4,3,Lombardia
2021-05-16,CAM,51081,23174,27907,33552,17529,ITF,ITF3,15,Campania
2020-12-27,CAM,720,422,298,720,0,ITF,ITF3,15,Campania
2021-02-21,MOL,573,227,346,571,2,ITF,ITF2,14,Molise
2021-03-15,MAR,4401,2026,2375,1311,3090,ITI,ITI3,11,Marche
2021-04-20,LAZ,30992,14226,16766,19712,11280,ITI,ITI4,12,Lazio
2021-01-28,SIC,9316,4396,4920,405,8911,ITG,ITG1,19,Sicilia
2021-02-20,FVG,2068,933,1135,1924,144,ITH,ITH4,6,Friuli-Venezia Giulia
2021-03-14,MOL,595,239,356,17,578,ITF,ITF2,14,Molise
2021-03-19,CAL,4186,1947,2239,1900,2286,ITF,ITF6,18,Calabria
2021-03-20,PUG,8256,3734,4522,3667,4589,ITF,ITF4,16,Puglia
2021-05-27,ABR,12877,5854,7023,8211,4666,ITF,ITF1,13,Abruzzo
2021-01-29,PIE,5943,1886,4057,455,5488,ITC,ITC1,1,Piemonte
2021-02-08,CAL,1847,733,1114,661,1186,ITF,ITF6,18,Calabria
2021-02-17,PIE,4792,2155,2637,3803,989,ITC,ITC1,1,Piemonte
2021-04-27,SAR,7605,3547,4058,5564,2041,ITG,ITG2,20,Sardegna
2021-01-14,VDA,237,69,168,237,0,ITC,ITC2,2,Valle d'Aosta / Vallée d'Aoste
2021-03-06,ABR,4176,1357,2819,3606,570,ITF,ITF1,13,Abruzzo
2021-03-16,SIC,9789,4366,5423,3671,6118,ITG,ITG1,19,Sicilia
2021-04-18,CAM,27214,13281,13933,18316,8898,ITF,ITF3,15,Campania
2021-01-24,LAZ,5694,2229,3465,612,5082,ITI,ITI4,12,Lazio
2021-03-08,CAL,5383,2876,2507,4321,1062,ITF,ITF6,18,Calabria
2021-03-25,TOS,23613,10124,13489,15275,8338,ITI,ITI1,9,Toscana
2021-05-26,LOM,92616,44153,48463,43369,49247,ITC,ITC4,3,Lombardia
2021-01-27,PUG,4578,1928,2650,611,3967,ITF,ITF4,16,Puglia
2021-05-06,VDA,1063,509,554,679,384,ITC,ITC2,2,Valle d'Aosta / Vallée d'Aoste
2021-02-16,VEN,6638,2870,3768,6461,177,ITH,ITH3,5,Veneto
2021-02-22,VDA,316,94,222,213,103,ITC,ITC2,2,Valle d'Aosta / Vallée d'Aoste
2021-02-24,CAL,1847,942,905,1372,475,ITF,ITF6,18,Calabria
2021-04-24,MOL,2540,1197,1343,699,1841,ITF,ITF2,14,Molise
2021-01-22,VEN,1080,332,748,25,1055,ITH,ITH3,5,Veneto
2021-01-28,LAZ,8279,3165,5114,782,7497,ITI,ITI4,12,Lazio
2021-03-21,BAS,1046,481,565,352,694,ITF,ITF5,17,Basilicata
2021-04-27,UMB,5664,2403,3261,3088,2576,ITI,ITI2,10,Umbria
2021-01-29,CAL,2044,985,1059,230,1814,ITF,ITF6,18,Calabria
2021-03-31,VEN,38570,16218,22352,31077,7493,ITH,ITH3,5,Veneto
2021-01-24,MAR,880,339,541,5,875,ITI,ITI3,11,Marche
2021-02-12,PAT,1010,340,670,589,421,ITH,ITH2,4,Provincia Autonoma Trento
2021-02-17,VEN,6022,2772,3250,5928,94,ITH,ITH3,5,Veneto
2021-03-12,FVG,3938,1544,2394,2557,1381,ITH,ITH4,6,Friuli-Venezia Giulia
2021-04-18,EMR,17493,8391,9102,12567,4926,ITH,ITH5,8,Emilia-Romagna
2021-05-20,ABR,12546,5784,6762,7330,5216,ITF,ITF1,13,Abruzzo
2021-01-22,CAL,658,274,384,656,2,ITF,ITF6,18,Calabria
2021-03-05,BAS,1855,857,998,1109,746,ITF,ITF5,17,Basilicata
2021-03-08,PIE,13945,5292,8653,11232,2713,ITC,ITC1,1,Piemonte
2021-03-10,LOM,33228,12725,20503,25373,7855,ITC,ITC4,3,Lombardia
2021-05-21,CAL,21313,10848,10465,13954,7359,ITF,ITF6,18,Calabria
2021-03-06,UMB,4267,1110,3157,4124,143,ITI,ITI2,10,Umbria
2021-03-31,CAL,8861,4024,4837,4906,3955,ITF,ITF6,18,Calabria
2021-04-07,LAZ,24957,11318,13639,17653,7304,ITI,ITI4,12,Lazio
2021-01-27,FVG,1272,425,847,450,822,ITH,ITH4,6,Friuli-Venezia Giulia
2021-03-04,VDA,291,139,152,42,249,ITC,ITC2,2,Valle d'Aosta / Vallée d'Aoste
2021-05-10,ABR,10110,4787,5323,5459,4651,ITF,ITF1,13,Abruzzo
2021-05-18,FVG,10507,5246,5261,8509,1998,ITH,ITH4,6,Friuli-Venezia Giulia
2021-05-25,MAR,11676,5760,5916,8723,2953,ITI,ITI3,11,Marche
2021-02-05,VDA,294,102,192,101,193,ITC,ITC2,2,Valle d'Aosta / Vallée d'Aoste
2021-03-06,VEN,10633,4320,6313,7365,3268,ITH,ITH3,5,Veneto
2021-04-17,VEN,22403,9079,13324,15122,7281,ITH,ITH3,5,Veneto
2021-04-29,VDA,1291,634,657,757,534,ITC,ITC2,2,Valle d'Aosta / Vallée d'Aoste
2021-01-06,PAB,59,18,41,59,0,ITH,ITH1,4,Provincia Autonoma Bolzano / Bozen
2021-01-18,FVG,1961,606,1355,1867,94,ITH,ITH4,6,Friuli-Venezia Giulia
2021-01-30,LAZ,7009,2891,4118,807,6202,ITI,ITI4,12,Lazio
2021-04-16,VDA,599,261,338,597,2,ITC,ITC2,2,Valle d'Aosta / Vallée d'Aoste
2021-05-21,FVG,10969,4886,6083,8104,2865,ITH,ITH4,6,Friuli-Venezia Giulia
2021-01-13,VDA,337,110,227,337,0,ITC,ITC2,2,Valle d'Aosta / Vallée d'Aoste
2021-02-16,UMB,1308,655,653,1299,9,ITI,ITI2,10,Umbria
2021-05-26,CAL,18482,9134,9348,10289,8193,ITF,ITF6,18,Calabria
2021-02-13,ABR,848,383,465,436,412,ITF,ITF1,13,Abruzzo
2021-02-13,FVG,567,179,388,561,6,ITH,ITH4,6,Friuli-Venezia Giulia
2021-02-26,BAS,2149,904,1245,2069,80,ITF,ITF5,17,Basilicata
2021-03-20,CAL,6688,3065,3623,4196,2492,ITF,ITF6,18,Calabria
2021-03-20,PAT,872,402,470,670,202,ITH,ITH2,4,Provincia Autonoma Trento
2021-03-22,TOS,4890,2451,2439,4446,444,ITI,ITI1,9,Toscana
2021-05-21,CAM,63367,29334,34033,43174,20193,ITF,ITF3,15,Campania
2021-01-20,LIG,1550,555,995,1538,12,ITC,ITC3,7,Liguria
2021-03-27,PIE,18383,7827,10556,9552,8831,ITC,ITC1,1,Piemonte
2021-05-25,LIG,13644,6574,7070,10721,2923,ITC,ITC3,7,Liguria
2021-01-29,VEN,9019,2788,6231,368,8651,ITH,ITH3,5,Veneto
2021-03-01,SAR,2162,1055,1107,1503,659,ITG,ITG2,20,Sardegna
2021-05-15,PAT,1567,815,752,679,888,ITH,ITH2,4,Provincia Autonoma Trento
2021-01-27,CAL,1456,733,723,396,1060,ITF,ITF6,18,Calabria
2021-01-27,PAT,802,277,525,91,711,ITH,ITH2,4,Provincia Autonoma Trento
2021-03-01,PIE,12041,4845,7196,11232,809,ITC,ITC1,1,Piemonte
2021-03-10,EMR,18724,7683,11041,13081,5643,ITH,ITH5,8,Emilia-Romagna
2021-04-08,TOS,29651,12535,17116,23276,6375,ITI,ITI1,9,Toscana
2021-04-20,MAR,10698,4996,5702,9281,1417,ITI,ITI3,11,Marche
2021-04-24,UMB,4562,1963,2599,3384,1178,ITI,ITI2,10,Umbria
2021-01-14,TOS,3255,1179,2076,3255,0,ITI,ITI1,9,Toscana
2021-02-28,MOL,829,331,498,787,42,ITF,ITF2,14,Molise
2021-04-03,LIG,5406,2498,2908,4463,943,ITC,ITC3,7,Liguria
2021-04-03,PAB,831,364,467,22,809,ITH,ITH1,4,Provincia Autonoma Bolzano / Bozen
2021-05-06,TOS,31263,13590,17673,14145,17118,ITI,ITI1,9,Toscana
2021-01-25,BAS,1023,429,594,74,949,ITF,ITF5,17,Basilicata
2021-04-10,VDA,404,190,214,399,5,ITC,ITC2,2,Valle d'Aosta / Vallée d'Aoste
2021-04-20,SIC,19273,9080,10193,13933,5340,ITG,ITG1,19,Sicilia
2021-03-13,MAR,5763,2653,3110,1806,3957,ITI,ITI3,11,Marche
2021-03-15,LAZ,19273,8330,10943,12534,6739,ITI,ITI4,12,Lazio
2021-04-22,UMB,5427,2230,3197,2766,2661,ITI,ITI2,10,Umbria
2021-01-29,PAT,1353,331,1022,55,1298,ITH,ITH2,4,Provincia Autonoma Trento
2021-02-02,LIG,2668,1005,1663,134,2534,ITC,ITC3,7,Liguria
2021-03-10,SAR,6011,2918,3093,5161,850,ITG,ITG2,20,Sardegna
2021-03-18,ABR,3896,1651,2245,2065,1831,ITF,ITF1,13,Abruzzo
2021-04-19,VDA,751,325,426,542,209,ITC,ITC2,2,Valle d'Aosta / Vallée d'Aoste
2021-01-23,TOS,3949,1354,2595,640,3309,ITI,ITI1,9,Toscana
2021-03-18,PUG,9401,4254,5147,3284,6117,ITF,ITF4,16,Puglia
2021-04-12,BAS,2173,1052,1121,1680,493,ITF,ITF5,17,Basilicata
2021-04-15,PAT,3182,1437,1745,3028,154,ITH,ITH2,4,Provincia Autonoma Trento
2021-04-30,UMB,6232,2962,3270,2843,3389,ITI,ITI2,10,Umbria
2021-05-21,LOM,93405,45066,48339,29027,64378,ITC,ITC4,3,Lombardia
2021-01-07,BAS,640,319,321,640,0,ITF,ITF5,17,Basilicata
2021-01-19,MAR,228,83,145,142,86,ITI,ITI3,11,Marche
2021-04-27,MOL,1593,767,826,465,1128,ITF,ITF2,14,Molise
2021-05-23,PUG,17632,8243,9389,13865,3767,ITF,ITF4,16,Puglia
2021-03-10,PAB,1261,524,737,1118,143,ITH,ITH1,4,Provincia Autonoma Bolzano / Bozen
2021-05-12,VDA,1137,549,588,467,670,ITC,ITC2,2,Valle d'Aosta / Vallée d'Aoste
2021-02-18,MOL,319,74,245,306,13,ITF,ITF2,14,Molise
2021-01-06,LIG,1660,616,1044,1660,0,ITC,ITC3,7,Liguria
2021-03-13,VDA,145,86,59,145,0,ITC,ITC2,2,Valle d'Aosta / Vallée d'Aoste
2021-05-05,SIC,26310,12182,14128,16713,9597,ITG,ITG1,19,Sicilia
2021-01-02,SIC,4882,2539,2343,4882,0,ITG,ITG1,19,Sicilia
2021-01-10,LIG,648,262,386,648,0,ITC,ITC3,7,Liguria
2021-05-13,PUG,38231,17009,21222,21232,16999,ITF,ITF4,16,Puglia
2021-05-18,PAT,4245,2008,2237,3403,842,ITH,ITH2,4,Provincia Autonoma Trento
2021-04-21,UMB,5310,2308,3002,3084,2226,ITI,ITI2,10,Umbria
2021-02-13,PUG,3726,1455,2271,3031,695,ITF,ITF4,16,Puglia
2021-03-03,VEN,12044,4597,7447,8546,3498,ITH,ITH3,5,Veneto
2021-01-26,MOL,450,184,266,8,442,ITF,ITF2,14,Molise
2021-02-17,UMB,1618,748,870,1267,351,ITI,ITI2,10,Umbria
2021-04-21,EMR,23919,10952,12967,14184,9735,ITH,ITH5,8,Emilia-Romagna
2021-04-28,SIC,29352,13770,15582,20275,9077,ITG,ITG1,19,Sicilia
2021-04-22,VEN,31882,13878,18004,16136,15746,ITH,ITH3,5,Veneto
2021-04-23,MAR,11159,5140,6019,8104,3055,ITI,ITI3,11,Marche
2021-02-01,FVG,2097,688,1409,16,2081,ITH,ITH4,6,Friuli-Venezia Giulia
2021-02-14,SIC,1058,403,655,918,140,ITG,ITG1,19,Sicilia
2021-03-21,ABR,2134,913,1221,843,1291,ITF,ITF1,13,Abruzzo
2021-05-07,VEN,47916,22979,24937,39324,8592,ITH,ITH3,5,Veneto
2021-05-16,CAL,13775,6726,7049,9960,3815,ITF,ITF6,18,Calabria
2021-05-18,CAL,15545,7785,7760,12079,3466,ITF,ITF6,18,Calabria
2021-02-23,BAS,1901,771,1130,1763,138,ITF,ITF5,17,Basilicata
2021-03-11,MAR,6594,2784,3810,5224,1370,ITI,ITI3,11,Marche
2021-05-16,PAT,1321,729,592,1083,238,ITH,ITH2,4,Provincia Autonoma Trento
2021-05-24,FVG,10949,5249,5700,7493,3456,ITH,ITH4,6,Friuli-Venezia Giulia
2021-05-03,SIC,23461,10822,12639,13575,9886,ITG,ITG1,19,Sicilia
2020-12-27,ABR,37,19,18,37,0,ITF,ITF1,13,Abruzzo
2021-01-06,EMR,8285,2954,5331,8285,0,ITH,ITH5,8,Emilia-Romagna
2021-01-11,LAZ,5529,2104,3425,5529,0,ITI,ITI4,12,Lazio
2021-01-21,PUG,2132,904,1228,1271,861,ITF,ITF4,16,Puglia
2021-02-09,SAR,2287,837,1450,1290,997,ITG,ITG2,20,Sardegna
2021-04-07,LIG,13585,6032,7553,11296,2289,ITC,ITC3,7,Liguria
2021-04-14,LAZ,29270,13262,16008,19149,10121,ITI,ITI4,12,Lazio
2021-04-24,CAL,19017,9487,9530,15591,3426,ITF,ITF6,18,Calabria
2021-01-31,EMR,7696,2762,4934,241,7455,ITH,ITH5,8,Emilia-Romagna
2021-02-15,TOS,8770,3375,5395,7945,825,ITI,ITI1,9,Toscana
2021-03-05,CAL,6213,3608,2605,5640,573,ITF,ITF6,18,Calabria
2021-03-14,EMR,8696,3744,4952,4899,3797,ITH,ITH5,8,Emilia-Romagna
2021-01-22,PUG,1409,578,831,991,418,ITF,ITF4,16,Puglia
2021-04-24,CAM,36313,17511,18802,25073,11240,ITF,ITF3,15,Campania
2021-05-02,VDA,765,345,420,605,160,ITC,ITC2,2,Valle d'Aosta / Vallée d'Aoste
2021-05-17,LOM,94465,45253,49212,30192,64273,ITC,ITC4,3,Lombardia
2021-01-28,LIG,2847,971,1876,39,2808,ITC,ITC3,7,Liguria
2021-03-19,TOS,10136,4457,5679,7271,2865,ITI,ITI1,9,Toscana
2021-03-04,TOS,17625,6759,10866,14543,3082,ITI,ITI1,9,Toscana
2021-04-03,UMB,2111,716,1395,1058,1053,ITI,ITI2,10,Umbria
2021-04-21,LOM,71645,32503,39142,57055,14590,ITC,ITC4,3,Lombardia
2021-02-16,CAM,5438,2411,3027,4667,771,ITF,ITF3,15,Campania
2021-04-14,TOS,20155,8334,11821,15048,5107,ITI,ITI1,9,Toscana
2021-03-11,SIC,15451,6518,8933,12886,2565,ITG,ITG1,19,Sicilia
2021-04-21,CAM,30215,14720,15495,17990,12225,ITF,ITF3,15,Campania
2021-05-01,SIC,24478,11328,13150,19320,5158,ITG,ITG1,19,Sicilia
2021-02-16,PIE,3967,1756,2211,3209,758,ITC,ITC1,1,Piemonte
2021-04-03,EMR,19935,8765,11170,16195,3740,ITH,ITH5,8,Emilia-Romagna
2021-04-18,LOM,36343,16203,20140,31116,5227,ITC,ITC4,3,Lombardia
2021-03-31,PIE,19105,8102,11003,10413,8692,ITC,ITC1,1,Piemonte
2021-05-13,PAT,3405,1579,1826,2304,1101,ITH,ITH2,4,Provincia Autonoma Trento
2021-02-02,SIC,5536,2621,2915,629,4907,ITG,ITG1,19,Sicilia
2021-02-10,PUG,3643,1435,2208,2133,1510,ITF,ITF4,16,Puglia
2021-01-25,CAM,5744,2926,2818,164,5580,ITF,ITF3,15,Campania
2021-03-27,VDA,333,164,169,302,31,ITC,ITC2,2,Valle d'Aosta / Vallée d'Aoste
2021-04-17,ABR,7346,3398,3948,4293,3053,ITF,ITF1,13,Abruzzo
2021-04-21,CAL,11562,5811,5751,8638,2924,ITF,ITF6,18,Calabria
2021-05-11,PIE,31940,15387,16553,18821,13119,ITC,ITC1,1,Piemonte
2021-05-25,SIC,33160,15028,18132,14084,19076,ITG,ITG1,19,Sicilia
2021-03-08,PUG,14599,6085,8514,12200,2399,ITF,ITF4,16,Puglia
2021-03-17,LOM,26235,10483,15752,15245,10990,ITC,ITC4,3,Lombardia
2021-02-14,PIE,1476,498,978,876,600,ITC,ITC1,1,Piemonte
2021-02-17,LOM,11969,3746,8223,10579,1390,ITC,ITC4,3,Lombardia
2021-02-25,EMR,9228,3497,5731,8274,954,ITH,ITH5,8,Emilia-Romagna
2021-02-28,VEN,4136,1389,2747,3299,837,ITH,ITH3,5,Veneto
2021-05-17,CAL,15079,7534,7545,10357,4722,ITF,ITF6,18,Calabria
2021-01-26,VEN,6918,2091,4827,153,6765,ITH,ITH3,5,Veneto
2021-02-27,CAM,13950,4473,9477,12308,1642,ITF,ITF3,15,Campania
2021-03-07,LAZ,14099,5435,8664,10506,3593,ITI,ITI4,12,Lazio
2021-04-13,SAR,7603,3592,4011,5778,1825,ITG,ITG2,20,Sardegna
2021-04-19,TOS,9097,4506,4591,8069,1028,ITI,ITI1,9,Toscana
2021-02-18,CAM,9080,3812,5268,8372,708,ITF,ITF3,15,Campania
2021-02-28,CAL,2253,1026,1227,2101,152,ITF,ITF6,18,Calabria
2021-04-13,EMR,23641,11086,12555,19343,4298,ITH,ITH5,8,Emilia-Romagna
2021-04-20,MOL,2318,1025,1293,1220,1098,ITF,ITF2,14,Molise
2021-05-07,ABR,12202,5707,6495,7771,4431,ITF,ITF1,13,Abruzzo
2021-02-04,VEN,7326,2017,5309,553,6773,ITH,ITH3,5,Veneto
2021-04-19,LAZ,30059,13661,16398,19383,10676,ITI,ITI4,12,Lazio
2020-12-27,LOM,717,413,304,717,0,ITC,ITC4,3,Lombardia
2021-01-09,PUG,4885,2250,2635,4885,0,ITF,ITF4,16,Puglia
2021-03-10,VEN,18937,8638,10299,13254,5683,ITH,ITH3,5,Veneto
2021-05-02,MAR,8898,3936,4962,3160,5738,ITI,ITI3,11,Marche
2021-05-07,PUG,49209,21939,27270,25979,23230,ITF,ITF4,16,Puglia
2021-03-29,PAT,2461,958,1503,1726,735,ITH,ITH2,4,Provincia Autonoma Trento
2021-05-08,PUG,53800,22755,31045,24200,29600,ITF,ITF4,16,Puglia
2021-02-05,MAR,2155,653,1502,440,1715,ITI,ITI3,11,Marche
2021-04-16,MAR,10081,4702,5379,9556,525,ITI,ITI3,11,Marche
2021-05-17,VEN,26321,12914,13407,16420,9901,ITH,ITH3,5,Veneto
2021-02-17,CAM,7388,3210,4178,6328,1060,ITF,ITF3,15,Campania
2021-03-08,FVG,4065,1594,2471,1977,2088,ITH,ITH4,6,Friuli-Venezia Giulia
2021-03-30,MAR,7418,3044,4374,4603,2815,ITI,ITI3,11,Marche
2021-04-28,MOL,1674,904,770,457,1217,ITF,ITF2,14,Molise
2021-04-29,TOS,39337,17711,21626,19233,20104,ITI,ITI1,9,Toscana
2021-05-13,TOS,34757,15264,19493,13718,21039,ITI,ITI1,9,Toscana
2021-05-17,PAB,3109,1499,1610,2425,684,ITH,ITH1,4,Provincia Autonoma Bolzano / Bozen
2021-02-21,SAR,1589,710,879,1559,30,ITG,ITG2,20,Sardegna
2021-03-01,ABR,3477,1384,2093,2725,752,ITF,ITF1,13,Abruzzo
2021-01-13,LAZ,5671,2145,3526,5671,0,ITI,ITI4,12,Lazio
2021-03-17,EMR,13714,5690,8024,5869,7845,ITH,ITH5,8,Emilia-Romagna
2021-04-18,CAL,5837,2788,3049,4930,907,ITF,ITF6,18,Calabria
2021-05-09,LIG,2822,1242,1580,1112,1710,ITC,ITC3,7,Liguria
2021-05-22,SIC,48204,22884,25320,28704,19500,ITG,ITG1,19,Sicilia
2021-05-26,PUG,35429,16656,18773,24857,10572,ITF,ITF4,16,Puglia
2021-01-09,PIE,6184,2185,3999,6184,0,ITC,ITC1,1,Piemonte
2021-02-02,EMR,9484,3053,6431,527,8957,ITH,ITH5,8,Emilia-Romagna
2021-02-24,PIE,11409,4629,6780,10904,505,ITC,ITC1,1,Piemonte
2021-01-09,CAM,10567,5024,5543,10567,0,ITF,ITF3,15,Campania
2021-01-17,TOS,2536,871,1665,2023,513,ITI,ITI1,9,Toscana
2021-02-12,FVG,1193,428,765,1146,47,ITH,ITH4,6,Friuli-Venezia Giulia
2021-04-22,ABR,6662,3193,3469,4981,1681,ITF,ITF1,13,Abruzzo
2021-04-30,FVG,7293,3214,4079,3680,3613,ITH,ITH4,6,Friuli-Venezia Giulia
2021-05-14,PAB,5086,2289,2797,3071,2015,ITH,ITH1,4,Provincia Autonoma Bolzano / Bozen
2021-03-10,PAT,2411,928,1483,1490,921,ITH,ITH2,4,Provincia Autonoma Trento
2021-05-05,MOL,2413,1042,1371,2272,141,ITF,ITF2,14,Molise
2021-01-31,SAR,2121,750,1371,48,2073,ITG,ITG2,20,Sardegna
2021-03-08,ABR,5121,1666,3455,4149,972,ITF,ITF1,13,Abruzzo
2021-01-21,CAL,960,445,515,930,30,ITF,ITF6,18,Calabria
2021-04-15,FVG,6486,2859,3627,5216,1270,ITH,ITH4,6,Friuli-Venezia Giulia
2021-05-07,PAT,5984,3077,2907,5147,837,ITH,ITH2,4,Provincia Autonoma Trento
2021-02-15,PUG,3252,1268,1984,2632,620,ITF,ITF4,16,Puglia
2021-04-14,VDA,941,430,511,717,224,ITC,ITC2,2,Valle d'Aosta / Vallée d'Aoste
2021-01-09,PAT,190,40,150,190,0,ITH,ITH2,4,Provincia Autonoma Trento
2021-04-19,MAR,9603,4498,5105,8022,1581,ITI,ITI3,11,Marche
2021-05-27,BAS,3593,1851,1742,1078,2515,ITF,ITF5,17,Basilicata
2021-01-07,PIE,5387,1739,3648,5387,0,ITC,ITC1,1,Piemonte
2021-03-28,TOS,6212,2808,3404,5958,254,ITI,ITI1,9,Toscana
2021-03-14,CAL,2687,1060,1627,2274,413,ITF,ITF6,18,Calabria
2021-03-31,ABR,6648,2879,3769,4581,2067,ITF,ITF1,13,Abruzzo
2021-04-15,VDA,810,377,433,671,139,ITC,ITC2,2,Valle d'Aosta / Vallée d'Aoste
2021-01-11,PAB,1569,513,1056,1569,0,ITH,ITH1,4,Provincia Autonoma Bolzano / Bozen
2021-02-09,VEN,5246,1890,3356,3446,1800,ITH,ITH3,5,Veneto
2021-03-03,BAS,1744,814,930,1186,558,ITF,ITF5,17,Basilicata
2021-05-19,LAZ,46425,21198,25227,36627,9798,ITI,ITI4,12,Lazio
2021-03-29,PUG,12870,6002,6868,6139,6731,ITF,ITF4,16,Puglia
2020-12-28,SIC,211,126,85,211,0,ITG,ITG1,19,Sicilia
2021-01-02,LIG,691,245,446,691,0,ITC,ITC3,7,Liguria
2021-01-11,SIC,5913,2597,3316,5913,0,ITG,ITG1,19,Sicilia
2021-04-09,LIG,12423,5556,6867,10684,1739,ITC,ITC3,7,Liguria
2021-05-11,PUG,32137,14133,18004,13839,18298,ITF,ITF4,16,Puglia
2021-04-24,EMR,28572,13212,15360,14361,14211,ITH,ITH5,8,Emilia-Romagna
2021-05-04,FVG,9500,4282,5218,6149,3351,ITH,ITH4,6,Friuli-Venezia Giulia
2021-03-24,SIC,21145,9907,11238,15307,5838,ITG,ITG1,19,Sicilia
2021-05-05,LIG,13709,6138,7571,5291,8418,ITC,ITC3,7,Liguria
2021-03-03,ABR,4621,1879,2742,3715,906,ITF,ITF1,13,Abruzzo
2021-04-17,BAS,3461,1655,1806,2199,1262,ITF,ITF5,17,Basilicata
2021-05-26,PAT,3598,1686,1912,1025,2573,ITH,ITH2,4,Provincia Autonoma Trento
2021-01-02,PAB,91,48,43,91,0,ITH,ITH1,4,Provincia Autonoma Bolzano / Bozen
2021-03-15,MOL,832,338,494,587,245,ITF,ITF2,14,Molise
2021-03-19,PUG,7951,3648,4303,3407,4544,ITF,ITF4,16,Puglia
2021-04-09,PAB,2926,1292,1634,2196,730,ITH,ITH1,4,Provincia Autonoma Bolzano / Bozen
2021-01-13,MAR,2105,746,1359,2105,0,ITI,ITI3,11,Marche
2021-01-26,EMR,8334,3000,5334,215,8119,ITH,ITH5,8,Emilia-Romagna
2021-02-04,LOM,27654,8072,19582,1971,25683,ITC,ITC4,3,Lombardia
2021-01-11,LIG,2654,990,1664,2654,0,ITC,ITC3,7,Liguria
2021-02-14,PAB,297,130,167,297,0,ITH,ITH1,4,Provincia Autonoma Bolzano / Bozen
2021-04-04,BAS,610,225,385,197,413,ITF,ITF5,17,Basilicata
2021-04-17,PAT,2203,1120,1083,2146,57,ITH,ITH2,4,Provincia Autonoma Trento
2021-03-01,UMB,1503,774,729,1389,114,ITI,ITI2,10,Umbria
2021-01-31,VEN,4769,1562,3207,392,4377,ITH,ITH3,5,Veneto
2021-02-09,CAL,2147,905,1242,948,1199,ITF,ITF6,18,Calabria
2021-05-19,TOS,27701,13413,14288,18860,8841,ITI,ITI1,9,Toscana
2021-01-09,VEN,7927,2539,5388,7927,0,ITH,ITH3,5,Veneto
2021-05-07,CAL,16061,7571,8490,9694,6367,ITF,ITF6,18,Calabria
2021-02-24,PAT,1318,523,795,922,396,ITH,ITH2,4,Provincia Autonoma Trento
2021-03-07,VDA,64,30,34,11,53,ITC,ITC2,2,Valle d'Aosta / Vallée d'Aoste
2021-05-17,SAR,12090,5665,6425,9201,2889,ITG,ITG2,20,Sardegna
2021-05-22,LAZ,54514,26531,27983,44199,10315,ITI,ITI4,12,Lazio
2021-02-06,MAR,2461,901,1560,523,1938,ITI,ITI3,11,Marche
2021-05-07,BAS,4641,2280,2361,3285,1356,ITF,ITF5,17,Basilicata
2021-01-09,CAL,1923,1040,883,1923,0,ITF,ITF6,18,Calabria
2021-01-22,PAT,1668,433,1235,329,1339,ITH,ITH2,4,Provincia Autonoma Trento
2021-03-17,VEN,14642,5991,8651,7848,6794,ITH,ITH3,5,Veneto
2021-04-13,VEN,14013,6317,7696,8527,5486,ITH,ITH3,5,Veneto
2021-01-08,CAM,10455,4968,5487,10455,0,ITF,ITF3,15,Campania
2021-05-17,PIE,30594,14365,16229,17656,12938,ITC,ITC1,1,Piemonte
2021-01-26,SAR,1336,453,883,27,1309,ITG,ITG2,20,Sardegna
2021-04-11,CAM,17522,8604,8918,15440,2082,ITF,ITF3,15,Campania
2021-04-26,TOS,10152,4943,5209,7597,2555,ITI,ITI1,9,Toscana
2021-02-04,EMR,9938,3207,6731,1250,8688,ITH,ITH5,8,Emilia-Romagna
2021-02-16,PAT,663,244,419,658,5,ITH,ITH2,4,Provincia Autonoma Trento
2021-02-19,MOL,169,93,76,167,2,ITF,ITF2,14,Molise
2021-02-21,VEN,4633,1209,3424,4628,5,ITH,ITH3,5,Veneto
2021-04-11,CAL,4165,1894,2271,2223,1942,ITF,ITF6,18,Calabria
2021-05-16,FVG,9935,4756,5179,8544,1391,ITH,ITH4,6,Friuli-Venezia Giulia
2020-12-30,PAB,388,182,206,388,0,ITH,ITH1,4,Provincia Autonoma Bolzano / Bozen
2021-01-15,SIC,5088,2236,2852,5088,0,ITG,ITG1,19,Sicilia
2021-03-06,BAS,1352,535,817,757,595,ITF,ITF5,17,Basilicata
2021-03-07,SIC,9270,3457,5813,8187,1083,ITG,ITG1,19,Sicilia
2021-01-22,BAS,67,24,43,67,0,ITF,ITF5,17,Basilicata
2021-04-22,BAS,5037,2346,2691,3434,1603,ITF,ITF5,17,Basilicata
2021-01-18,VDA,213,74,139,213,0,ITC,ITC2,2,Valle d'Aosta / Vallée d'Aoste
2021-01-28,MOL,613,217,396,17,596,ITF,ITF2,14,Molise
2021-02-23,ABR,2782,1275,1507,2771,11,ITF,ITF1,13,Abruzzo
2021-03-31,LOM,41959,16982,24977,26736,15223,ITC,ITC4,3,Lombardia
2021-03-10,ABR,4947,1638,3309,3991,956,ITF,ITF1,13,Abruzzo
2021-01-05,UMB,854,429,425,854,0,ITI,ITI2,10,Umbria
2021-03-14,VEN,15165,5934,9231,14271,894,ITH,ITH3,5,Veneto
2021-02-28,SAR,368,169,199,142,226,ITG,ITG2,20,Sardegna
2021-03-08,PAT,1398,433,965,1045,353,ITH,ITH2,4,Provincia Autonoma Trento
2021-02-15,BAS,622,232,390,580,42,ITF,ITF5,17,Basilicata
2021-05-13,SAR,11209,5179,6030,8259,2950,ITG,ITG2,20,Sardegna
2021-02-22,LAZ,11457,4990,6467,10955,502,ITI,ITI4,12,Lazio
2021-03-04,ABR,5937,2358,3579,5016,921,ITF,ITF1,13,Abruzzo
2021-03-13,PUG,10379,4103,6276,8647,1732,ITF,ITF4,16,Puglia
2021-04-01,UMB,4374,1836,2538,2366,2008,ITI,ITI2,10,Umbria
2021-05-27,FVG,11625,5478,6147,6724,4901,ITH,ITH4,6,Friuli-Venezia Giulia
2021-02-08,PAB,2,1,1,1,1,ITH,ITH1,4,Provincia Autonoma Bolzano / Bozen
2021-05-14,SAR,13735,6286,7449,10625,3110,ITG,ITG2,20,Sardegna
2021-05-15,PIE,33542,15649,17893,19936,13606,ITC,ITC1,1,Piemonte
2021-03-03,CAL,4999,2729,2270,3928,1071,ITF,ITF6,18,Calabria
2021-04-19,LOM,60079,27335,32744,50672,9407,ITC,ITC4,3,Lombardia
2021-04-27,EMR,29857,13805,16052,17397,12460,ITH,ITH5,8,Emilia-Romagna
2021-01-14,PAB,1946,575,1371,1946,0,ITH,ITH1,4,Provincia Autonoma Bolzano / Bozen
2021-02-09,PIE,7378,2314,5064,722,6656,ITC,ITC1,1,Piemonte
2021-04-24,ABR,8710,3970,4740,7179,1531,ITF,ITF1,13,Abruzzo
2021-01-19,PUG,1221,452,769,1211,10,ITF,ITF4,16,Puglia
2021-02-07,VEN,2315,862,1453,714,1601,ITH,ITH3,5,Veneto
2021-03-18,VDA,136,43,93,99,37,ITC,ITC2,2,Valle d'Aosta / Vallée d'Aoste
2021-04-26,CAL,10212,5080,5132,7791,2421,ITF,ITF6,18,Calabria
2021-03-22,LAZ,21695,9064,12631,15034,6661,ITI,ITI4,12,Lazio
2021-05-04,TOS,18299,8207,10092,12852,5447,ITI,ITI1,9,Toscana
2021-05-20,PIE,38145,17622,20523,13489,24656,ITC,ITC1,1,Piemonte
2021-01-23,PAT,577,334,243,388,189,ITH,ITH2,4,Provincia Autonoma Trento
2021-05-24,SAR,13581,6501,7080,8419,5162,ITG,ITG2,20,Sardegna
2020-12-30,VEN,699,245,454,699,0,ITH,ITH3,5,Veneto
2021-02-24,LAZ,12047,5204,6843,11053,994,ITI,ITI4,12,Lazio
2021-02-26,PAT,1218,435,783,923,295,ITH,ITH2,4,Provincia Autonoma Trento
2021-04-17,CAL,10846,5083,5763,9047,1799,ITF,ITF6,18,Calabria
2021-02-28,SIC,7167,3064,4103,6537,630,ITG,ITG1,19,Sicilia
2021-03-29,PAB,1171,499,672,412,759,ITH,ITH1,4,Provincia Autonoma Bolzano / Bozen
2021-04-02,LAZ,28532,13368,15164,21204,7328,ITI,ITI4,12,Lazio
2021-04-06,CAL,7526,3395,4131,4197,3329,ITF,ITF6,18,Calabria
2021-01-17,SAR,860,277,583,859,1,ITG,ITG2,20,Sardegna
2021-03-10,MAR,5668,2401,3267,4531,1137,ITI,ITI3,11,Marche
2021-03-20,LAZ,18224,6810,11414,12340,5884,ITI,ITI4,12,Lazio
2021-04-19,ABR,6227,2857,3370,3856,2371,ITF,ITF1,13,Abruzzo
2021-03-17,PUG,10345,4702,5643,4171,6174,ITF,ITF4,16,Puglia
2021-03-26,SIC,18026,8377,9649,12490,5536,ITG,ITG1,19,Sicilia
2021-04-10,LAZ,23804,10313,13491,16622,7182,ITI,ITI4,12,Lazio
2021-05-15,BAS,6527,3341,3186,3955,2572,ITF,ITF5,17,Basilicata
2021-05-24,PUG,34274,15877,18397,23987,10287,ITF,ITF4,16,Puglia
2021-03-19,SAR,7267,3048,4219,5054,2213,ITG,ITG2,20,Sardegna
2021-03-20,UMB,2298,833,1465,2273,25,ITI,ITI2,10,Umbria
2021-04-02,TOS,31944,13533,18411,23920,8024,ITI,ITI1,9,Toscana
2021-02-11,SIC,5321,2097,3224,4858,463,ITG,ITG1,19,Sicilia
2021-03-16,LAZ,13538,5732,7806,7094,6444,ITI,ITI4,12,Lazio
2021-04-07,PAT,2599,1012,1587,1658,941,ITH,ITH2,4,Provincia Autonoma Trento
2021-04-08,PAT,3114,1294,1820,1996,1118,ITH,ITH2,4,Provincia Autonoma Trento
2021-04-10,FVG,4985,2164,2821,3760,1225,ITH,ITH4,6,Friuli-Venezia Giulia
2021-04-24,LOM,75650,33527,42123,54589,21061,ITC,ITC4,3,Lombardia
2020-12-30,LAZ,1630,629,1001,1630,0,ITI,ITI4,12,Lazio
2021-04-02,FVG,6566,2915,3651,4733,1833,ITH,ITH4,6,Friuli-Venezia Giulia
2021-04-26,LAZ,29135,13402,15733,19934,9201,ITI,ITI4,12,Lazio
2021-03-15,TOS,8356,3331,5025,3914,4442,ITI,ITI1,9,Toscana
2021-04-03,TOS,15013,6646,8367,13887,1126,ITI,ITI1,9,Toscana
2021-05-17,SIC,32145,15467,16678,19347,12798,ITG,ITG1,19,Sicilia
2021-01-27,PIE,4196,1453,2743,999,3197,ITC,ITC1,1,Piemonte
2021-02-04,CAL,3475,1659,1816,652,2823,ITF,ITF6,18,Calabria
2021-04-30,PIE,31744,14258,17486,18426,13318,ITC,ITC1,1,Piemonte
2021-02-18,TOS,8819,3284,5535,7924,895,ITI,ITI1,9,Toscana
2021-03-02,PUG,16333,6061,10272,15035,1298,ITF,ITF4,16,Puglia
2021-04-09,LAZ,27292,12265,15027,19074,8218,ITI,ITI4,12,Lazio
2021-05-23,ABR,9875,4696,5179,7189,2686,ITF,ITF1,13,Abruzzo
2021-03-15,PAB,1192,451,741,710,482,ITH,ITH1,4,Provincia Autonoma Bolzano / Bozen
2021-03-19,PAB,1906,773,1133,799,1107,ITH,ITH1,4,Provincia Autonoma Bolzano / Bozen
2021-04-18,ABR,5811,2726,3085,4869,942,ITF,ITF1,13,Abruzzo
2021-01-16,SAR,1492,525,967,1492,0,ITG,ITG2,20,Sardegna
2021-02-24,UMB,1520,565,955,1505,15,ITI,ITI2,10,Umbria
2021-01-14,LIG,2981,1055,1926,2981,0,ITC,ITC3,7,Liguria
2021-01-18,MAR,673,230,443,547,126,ITI,ITI3,11,Marche
2021-04-29,CAM,41280,20004,21276,24816,16464,ITF,ITF3,15,Campania
2021-02-06,CAL,2906,1337,1569,442,2464,ITF,ITF6,18,Calabria
2021-04-25,SAR,4495,2269,2226,3716,779,ITG,ITG2,20,Sardegna
2021-05-25,PAB,3808,1967,1841,2935,873,ITH,ITH1,4,Provincia Autonoma Bolzano / Bozen
2021-01-24,ABR,50,22,28,6,44,ITF,ITF1,13,Abruzzo
2021-02-27,MOL,1366,568,798,1347,19,ITF,ITF2,14,Molise
2021-01-04,VEN,6736,2033,4703,6736,0,ITH,ITH3,5,Veneto
2021-02-02,PAB,1745,506,1239,8,1737,ITH,ITH1,4,Provincia Autonoma Bolzano / Bozen
2021-03-10,MOL,1737,720,1017,1687,50,ITF,ITF2,14,Molise
2021-05-18,CAM,52045,23141,28904,32506,19539,ITF,ITF3,15,Campania
2021-03-01,FVG,2957,1041,1916,2905,52,ITH,ITH4,6,Friuli-Venezia Giulia
2021-01-02,VDA,6,5,1,6,0,ITC,ITC2,2,Valle d'Aosta / Vallée d'Aoste
2021-01-04,PUG,4505,2014,2491,4505,0,ITF,ITF4,16,Puglia
2021-02-19,MAR,1962,712,1250,1827,135,ITI,ITI3,11,Marche
2021-03-13,SIC,12416,5475,6941,7833,4583,ITG,ITG1,19,Sicilia
2021-03-17,PAT,2067,790,1277,1199,868,ITH,ITH2,4,Provincia Autonoma Trento
2021-03-30,MOL,2003,857,1146,1491,512,ITF,ITF2,14,Molise
2021-04-07,PUG,15325,6789,8536,8655,6670,ITF,ITF4,16,Puglia
2021-04-26,SAR,6820,3263,3557,5945,875,ITG,ITG2,20,Sardegna
2021-05-10,TOS,26096,12332,13764,15486,10610,ITI,ITI1,9,Toscana
2021-05-14,UMB,5237,2435,2802,3432,1805,ITI,ITI2,10,Umbria
2021-05-18,VDA,969,484,485,353,616,ITC,ITC2,2,Valle d'Aosta / Vallée d'Aoste
2021-05-26,VDA,1208,586,622,575,633,ITC,ITC2,2,Valle d'Aosta / Vallée d'Aoste
2021-01-06,PIE,3116,1111,2005,3116,0,ITC,ITC1,1,Piemonte
2021-01-29,FVG,2414,814,1600,264,2150,ITH,ITH4,6,Friuli-Venezia Giulia
2021-03-13,BAS,1794,888,906,749,1045,ITF,ITF5,17,Basilicata
2021-04-01,SAR,10101,4026,6075,7088,3013,ITG,ITG2,20,Sardegna
2021-04-07,SIC,15559,7636,7923,8394,7165,ITG,ITG1,19,Sicilia
2021-05-03,MOL,2480,1162,1318,2317,163,ITF,ITF2,14,Molise
2021-05-12,SIC,36869,17353,19516,21926,14943,ITG,ITG1,19,Sicilia
2021-02-16,LIG,2397,954,1443,2004,393,ITC,ITC3,7,Liguria
2021-03-15,EMR,13267,6090,7177,6768,6499,ITH,ITH5,8,Emilia-Romagna
2021-04-16,CAL,10350,5058,5292,8698,1652,ITF,ITF6,18,Calabria
2021-05-08,LOM,87340,40585,46755,65657,21683,ITC,ITC4,3,Lombardia
2021-05-13,UMB,5896,2655,3241,3823,2073,ITI,ITI2,10,Umbria
2021-01-21,TOS,1589,686,903,867,722,ITI,ITI1,9,Toscana
2021-02-06,VDA,289,104,185,92,197,ITC,ITC2,2,Valle d'Aosta / Vallée d'Aoste
2021-02-18,MAR,2101,745,1356,1815,286,ITI,ITI3,11,Marche
2021-01-31,ABR,1501,487,1014,286,1215,ITF,ITF1,13,Abruzzo
2021-04-17,MOL,3051,1500,1551,1565,1486,ITF,ITF2,14,Molise
2021-03-02,PAT,1304,440,864,928,376,ITH,ITH2,4,Provincia Autonoma Trento
2021-03-22,FVG,3541,1343,2198,1586,1955,ITH,ITH4,6,Friuli-Venezia Giulia
2021-04-05,LOM,27387,11697,15690,19277,8110,ITC,ITC4,3,Lombardia
2021-04-06,SIC,17869,8541,9328,13544,4325,ITG,ITG1,19,Sicilia
2021-04-25,CAL,15834,8033,7801,14697,1137,ITF,ITF6,18,Calabria
2021-01-22,MOL,126,35,91,126,0,ITF,ITF2,14,Molise
2021-02-08,UMB,637,203,434,88,549,ITI,ITI2,10,Umbria
2021-05-11,CAM,39866,19243,20623,30498,9368,ITF,ITF3,15,Campania
2021-05-24,PAT,4355,2002,2353,1325,3030,ITH,ITH2,4,Provincia Autonoma Trento
2021-01-17,LAZ,4894,2028,2866,4682,212,ITI,ITI4,12,Lazio
2021-05-21,TOS,28535,13204,15331,17400,11135,ITI,ITI1,9,Toscana
2021-01-15,PAB,3282,1228,2054,3282,0,ITH,ITH1,4,Provincia Autonoma Bolzano / Bozen
2021-03-29,EMR,21196,9441,11755,16545,4651,ITH,ITH5,8,Emilia-Romagna
2021-01-31,LOM,9747,3763,5984,34,9713,ITC,ITC4,3,Lombardia
2021-02-05,CAL,3799,1710,2089,490,3309,ITF,ITF6,18,Calabria
2021-03-27,MAR,7377,3072,4305,5019,2358,ITI,ITI3,11,Marche
2021-01-16,SIC,2781,1198,1583,2781,0,ITG,ITG1,19,Sicilia
2021-02-04,SIC,6932,3187,3745,1455,5477,ITG,ITG1,19,Sicilia
2021-04-28,LAZ,32831,14987,17844,21287,11544,ITI,ITI4,12,Lazio
2021-05-13,LAZ,49473,22165,27308,31845,17628,ITI,ITI4,12,Lazio
2021-01-28,PUG,5472,2277,3195,472,5000,ITF,ITF4,16,Puglia
2021-02-27,VDA,231,85,146,124,107,ITC,ITC2,2,Valle d'Aosta / Vallée d'Aoste
2021-05-15,ABR,11423,5174,6249,6127,5296,ITF,ITF1,13,Abruzzo
2021-01-14,CAM,7073,2977,4096,7073,0,ITF,ITF3,15,Campania
2021-01-18,VEN,2762,776,1986,2563,199,ITH,ITH3,5,Veneto
2021-01-27,ABR,1364,515,849,39,1325,ITF,ITF1,13,Abruzzo
2021-02-10,MAR,1439,452,987,1080,359,ITI,ITI3,11,Marche
2021-01-09,LIG,1335,481,854,1335,0,ITC,ITC3,7,Liguria
2021-02-09,BAS,491,213,278,316,175,ITF,ITF5,17,Basilicata
2020-12-29,LAZ,488,176,312,488,0,ITI,ITI4,12,Lazio
2021-01-10,EMR,7168,2683,4485,7168,0,ITH,ITH5,8,Emilia-Romagna
2021-03-09,ABR,5168,1795,3373,4229,939,ITF,ITF1,13,Abruzzo
2021-03-13,PAT,830,380,450,782,48,ITH,ITH2,4,Provincia Autonoma Trento
2021-03-25,BAS,1879,601,1278,1533,346,ITF,ITF5,17,Basilicata
2021-05-05,VDA,1038,566,472,456,582,ITC,ITC2,2,Valle d'Aosta / Vallée d'Aoste
2021-05-06,CAM,57249,27889,29360,42807,14442,ITF,ITF3,15,Campania
2021-05-26,EMR,32338,14302,18036,10073,22265,ITH,ITH5,8,Emilia-Romagna
2021-01-17,CAL,867,418,449,801,66,ITF,ITF6,18,Calabria
2021-04-11,PUG,16439,7238,9201,14782,1657,ITF,ITF4,16,Puglia
2020-12-31,VEN,3219,1042,2177,3219,0,ITH,ITH3,5,Veneto
2021-05-12,PAT,3296,1490,1806,2113,1183,ITH,ITH2,4,Provincia Autonoma Trento
2021-01-09,PAB,612,326,286,612,0,ITH,ITH1,4,Provincia Autonoma Bolzano / Bozen
2021-02-27,CAL,3889,2003,1886,3510,379,ITF,ITF6,18,Calabria
2021-03-20,SAR,5193,2073,3120,2916,2277,ITG,ITG2,20,Sardegna
2021-04-06,SAR,7446,3113,4333,5018,2428,ITG,ITG2,20,Sardegna
2021-04-05,VEN,19137,8367,10770,13697,5440,ITH,ITH3,5,Veneto
2021-02-03,PUG,5036,2005,3031,730,4306,ITF,ITF4,16,Puglia
2021-03-16,BAS,1901,800,1101,228,1673,ITF,ITF5,17,Basilicata
2021-04-04,SIC,6832,3330,3502,5540,1292,ITG,ITG1,19,Sicilia
2021-01-22,VDA,56,21,35,20,36,ITC,ITC2,2,Valle d'Aosta / Vallée d'Aoste
2021-01-23,PUG,3040,1294,1746,886,2154,ITF,ITF4,16,Puglia
2021-02-26,PUG,13712,5026,8686,12678,1034,ITF,ITF4,16,Puglia
2021-05-05,CAL,13616,6519,7097,8489,5127,ITF,ITF6,18,Calabria
2021-05-26,MOL,1451,629,822,778,673,ITF,ITF2,14,Molise
2021-01-23,SIC,4296,2214,2082,218,4078,ITG,ITG1,19,Sicilia
2021-02-01,VEN,8557,2500,6057,161,8396,ITH,ITH3,5,Veneto
2021-02-01,LOM,16056,5317,10739,304,15752,ITC,ITC4,3,Lombardia
2021-02-25,CAM,12425,4478,7947,11237,1188,ITF,ITF3,15,Campania
2021-03-31,FVG,8030,3500,4530,7185,845,ITH,ITH4,6,Friuli-Venezia Giulia
2021-04-13,MOL,1630,718,912,1043,587,ITF,ITF2,14,Molise
2021-01-12,EMR,9475,3124,6351,9475,0,ITH,ITH5,8,Emilia-Romagna
2021-01-19,VEN,1309,472,837,1159,150,ITH,ITH3,5,Veneto
2021-02-24,SAR,2412,1293,1119,2223,189,ITG,ITG2,20,Sardegna
2021-03-27,TOS,8860,4150,4710,8645,215,ITI,ITI1,9,Toscana
2021-04-17,MAR,11700,5317,6383,10625,1075,ITI,ITI3,11,Marche
2021-01-09,BAS,557,160,397,557,0,ITF,ITF5,17,Basilicata
2021-01-31,MAR,1920,770,1150,105,1815,ITI,ITI3,11,Marche
2021-05-19,SAR,14825,7272,7553,11361,3464,ITG,ITG2,20,Sardegna
2021-02-15,PIE,4432,1597,2835,3227,1205,ITC,ITC1,1,Piemonte
2021-01-16,UMB,221,73,148,221,0,ITI,ITI2,10,Umbria
2021-03-03,LIG,4582,1847,2735,3556,1026,ITC,ITC3,7,Liguria
2021-04-08,PUG,17434,7565,9869,11261,6173,ITF,ITF4,16,Puglia
2021-01-15,TOS,3878,1347,2531,3878,0,ITI,ITI1,9,Toscana
2021-03-12,VEN,18570,8123,10447,11824,6746,ITH,ITH3,5,Veneto
2021-03-23,ABR,4782,2143,2639,2216,2566,ITF,ITF1,13,Abruzzo
2021-01-14,MAR,2010,692,1318,2010,0,ITI,ITI3,11,Marche
2021-03-28,SAR,4619,1814,2805,4540,79,ITG,ITG2,20,Sardegna
2021-01-15,UMB,701,215,486,701,0,ITI,ITI2,10,Umbria
2021-02-03,LOM,25577,7908,17669,1151,24426,ITC,ITC4,3,Lombardia
2021-02-26,EMR,7866,2996,4870,6821,1045,ITH,ITH5,8,Emilia-Romagna
2021-03-11,VDA,197,76,121,66,131,ITC,ITC2,2,Valle d'Aosta / Vallée d'Aoste
2021-04-09,SAR,12261,5436,6825,7909,4352,ITG,ITG2,20,Sardegna
2021-04-24,PAB,5103,2449,2654,4618,485,ITH,ITH1,4,Provincia Autonoma Bolzano / Bozen
2021-05-01,LAZ,37910,17063,20847,25967,11943,ITI,ITI4,12,Lazio
2020-12-30,MAR,17,5,12,17,0,ITI,ITI3,11,Marche
2021-03-28,LAZ,18837,7541,11296,13527,5310,ITI,ITI4,12,Lazio
2021-04-24,LIG,8170,3785,4385,5018,3152,ITC,ITC3,7,Liguria
2021-01-21,VEN,2291,719,1572,21,2270,ITH,ITH3,5,Veneto
2021-03-04,CAL,5453,3176,2277,4657,796,ITF,ITF6,18,Calabria
2021-03-05,PAB,1839,625,1214,1397,442,ITH,ITH1,4,Provincia Autonoma Bolzano / Bozen
2021-03-20,TOS,6489,2882,3607,5354,1135,ITI,ITI1,9,Toscana
2021-03-30,VEN,35881,15234,20647,30632,5249,ITH,ITH3,5,Veneto
2021-01-08,PAT,1449,313,1136,1449,0,ITH,ITH2,4,Provincia Autonoma Trento
2021-03-22,MOL,1146,439,707,903,243,ITF,ITF2,14,Molise
2021-02-22,FVG,2484,1193,1291,2067,417,ITH,ITH4,6,Friuli-Venezia Giulia
2021-03-05,SAR,5036,2445,2591,2682,2354,ITG,ITG2,20,Sardegna
2021-05-26,CAM,51937,25340,26597,21076,30861,ITF,ITF3,15,Campania
2021-01-31,CAL,1107,555,552,154,953,ITF,ITF6,18,Calabria
2021-02-20,MAR,4121,1705,2416,4010,111,ITI,ITI3,11,Marche
2021-01-05,BAS,946,409,537,946,0,ITF,ITF5,17,Basilicata
2021-01-20,BAS,84,22,62,84,0,ITF,ITF5,17,Basilicata
2021-02-05,MOL,593,269,324,55,538,ITF,ITF2,14,Molise
2021-04-11,PAT,2340,1135,1205,2248,92,ITH,ITH2,4,Provincia Autonoma Trento
2021-04-13,CAM,26600,12682,13918,21070,5530,ITF,ITF3,15,Campania
2021-01-04,ABR,1401,575,826,1401,0,ITF,ITF1,13,Abruzzo
2021-03-01,PAT,1237,454,783,942,295,ITH,ITH2,4,Provincia Autonoma Trento
2021-04-28,MAR,10734,4890,5844,6003,4731,ITI,ITI3,11,Marche
2021-05-17,FVG,8583,3976,4607,6286,2297,ITH,ITH4,6,Friuli-Venezia Giulia
2021-01-27,BAS,411,175,236,113,298,ITF,ITF5,17,Basilicata
2021-03-11,ABR,5419,2183,3236,4280,1139,ITF,ITF1,13,Abruzzo
2021-03-21,EMR,11919,5273,6646,7315,4604,ITH,ITH5,8,Emilia-Romagna
2021-05-20,UMB,9820,4581,5239,6183,3637,ITI,ITI2,10,Umbria
2021-03-28,CAL,2567,1183,1384,1433,1134,ITF,ITF6,18,Calabria
2021-04-09,MAR,9558,4189,5369,9357,201,ITI,ITI3,11,Marche
2021-04-18,LIG,2584,1151,1433,2115,469,ITC,ITC3,7,Liguria
2021-04-26,MAR,8980,3983,4997,5958,3022,ITI,ITI3,11,Marche
2021-04-20,PIE,25449,11653,13796,19106,6343,ITC,ITC1,1,Piemonte
2021-01-03,LOM,854,316,538,854,0,ITC,ITC4,3,Lombardia
2021-02-20,CAM,8573,3080,5493,8270,303,ITF,ITF3,15,Campania
2021-04-01,SIC,14403,6675,7728,9684,4719,ITG,ITG1,19,Sicilia
2021-05-21,BAS,4748,2402,2346,1631,3117,ITF,ITF5,17,Basilicata
2021-02-24,TOS,10372,4467,5905,10171,201,ITI,ITI1,9,Toscana
2021-04-30,PAT,4910,2396,2514,4765,145,ITH,ITH2,4,Provincia Autonoma Trento
2021-01-13,EMR,9074,2940,6134,9074,0,ITH,ITH5,8,Emilia-Romagna
2021-02-28,FVG,2684,1002,1682,2291,393,ITH,ITH4,6,Friuli-Venezia Giulia
2021-03-10,VDA,438,183,255,225,213,ITC,ITC2,2,Valle d'Aosta / Vallée d'Aoste
2021-04-10,MOL,2635,1259,1376,2483,152,ITF,ITF2,14,Molise
2021-05-19,CAL,18441,9136,9305,11422,7019,ITF,ITF6,18,Calabria
2021-02-07,LAZ,4942,2023,2919,387,4555,ITI,ITI4,12,Lazio
2021-05-09,PIE,26986,12857,14129,13380,13606,ITC,ITC1,1,Piemonte
2021-01-03,VEN,5157,1562,3595,5157,0,ITH,ITH3,5,Veneto
2021-02-09,PAT,915,287,628,442,473,ITH,ITH2,4,Provincia Autonoma Trento
2021-02-15,SIC,3927,1818,2109,3362,565,ITG,ITG1,19,Sicilia
2021-03-09,BAS,1392,707,685,788,604,ITF,ITF5,17,Basilicata
2021-02-10,CAM,6904,3413,3491,6728,176,ITF,ITF3,15,Campania
2021-05-06,FVG,11834,5499,6335,7883,3951,ITH,ITH4,6,Friuli-Venezia Giulia
2021-05-22,VDA,940,494,446,540,400,ITC,ITC2,2,Valle d'Aosta / Vallée d'Aoste
2020-12-31,PUG,1634,782,852,1634,0,ITF,ITF4,16,Puglia
2021-01-04,LOM,6080,2098,3982,6080,0,ITC,ITC4,3,Lombardia
2021-01-20,PIE,6615,2089,4526,5898,717,ITC,ITC1,1,Piemonte
2021-05-25,SAR,13541,6617,6924,8255,5286,ITG,ITG2,20,Sardegna
2021-02-03,VEN,5938,1664,4274,480,5458,ITH,ITH3,5,Veneto
2021-02-12,CAL,1710,667,1043,945,765,ITF,ITF6,18,Calabria
2021-03-11,PIE,13773,5077,8696,10677,3096,ITC,ITC1,1,Piemonte
2021-01-11,SAR,1183,505,678,1183,0,ITG,ITG2,20,Sardegna
2021-02-19,SIC,5129,2732,2397,4562,567,ITG,ITG1,19,Sicilia
2021-03-20,MAR,4135,1740,2395,1049,3086,ITI,ITI3,11,Marche
2021-05-06,LIG,14474,6407,8067,6173,8301,ITC,ITC3,7,Liguria
2021-05-06,PAB,5181,2747,2434,2612,2569,ITH,ITH1,4,Provincia Autonoma Bolzano / Bozen
2021-05-16,SAR,8176,3812,4364,6016,2160,ITG,ITG2,20,Sardegna
2021-01-18,PUG,1845,770,1075,1496,349,ITF,ITF4,16,Puglia
2021-02-06,EMR,7600,2406,5194,2131,5469,ITH,ITH5,8,Emilia-Romagna
2021-03-16,MOL,614,230,384,267,347,ITF,ITF2,14,Molise
2021-04-28,CAL,12532,6060,6472,9674,2858,ITF,ITF6,18,Calabria
2021-05-08,CAL,18266,8322,9944,10455,7811,ITF,ITF6,18,Calabria
2021-01-28,LOM,12196,3693,8503,777,11419,ITC,ITC4,3,Lombardia
2021-02-17,TOS,8175,3169,5006,7423,752,ITI,ITI1,9,Toscana
2021-05-18,LOM,87916,41997,45919,32532,55384,ITC,ITC4,3,Lombardia
2021-01-06,PUG,3945,1668,2277,3945,0,ITF,ITF4,16,Puglia
2021-01-25,SAR,588,212,376,22,566,ITG,ITG2,20,Sardegna
2021-02-20,VDA,251,210,41,241,10,ITC,ITC2,2,Valle d'Aosta / Vallée d'Aoste
2021-02-25,FVG,3160,1651,1509,3135,25,ITH,ITH4,6,Friuli-Venezia Giulia
2021-03-23,BAS,1586,610,976,1409,177,ITF,ITF5,17,Basilicata
2021-01-09,UMB,1745,499,1246,1745,0,ITI,ITI2,10,Umbria
2021-03-14,CAM,8502,3721,4781,4363,4139,ITF,ITF3,15,Campania
2021-04-18,PAB,3110,1607,1503,2100,1010,ITH,ITH1,4,Provincia Autonoma Bolzano / Bozen
2021-02-08,LAZ,9739,4153,5586,4508,5231,ITI,ITI4,12,Lazio
2021-01-02,BAS,949,380,569,949,0,ITF,ITF5,17,Basilicata
2021-02-18,SIC,5472,3152,2320,5044,428,ITG,ITG1,19,Sicilia
2021-04-22,PAT,3145,1468,1677,3101,44,ITH,ITH2,4,Provincia Autonoma Trento
2021-03-27,SIC,15749,7437,8312,10836,4913,ITG,ITG1,19,Sicilia
2021-04-23,EMR,29547,13807,15740,14670,14877,ITH,ITH5,8,Emilia-Romagna
2021-05-27,PAB,5962,3134,2828,3978,1984,ITH,ITH1,4,Provincia Autonoma Bolzano / Bozen
2021-03-06,PAT,783,277,506,632,151,ITH,ITH2,4,Provincia Autonoma Trento
2021-04-09,TOS,24532,10546,13986,21123,3409,ITI,ITI1,9,Toscana
2021-04-12,SAR,6990,3179,3811,5276,1714,ITG,ITG2,20,Sardegna
2021-05-21,PIE,35708,16527,19181,20312,15396,ITC,ITC1,1,Piemonte
2021-01-05,PIE,5381,1603,3778,5381,0,ITC,ITC1,1,Piemonte
2021-02-24,MAR,3486,1515,1971,3408,78,ITI,ITI3,11,Marche
2021-04-08,VDA,584,282,302,441,143,ITC,ITC2,2,Valle d'Aosta / Vallée d'Aoste
2021-05-03,CAM,40742,19882,20860,28897,11845,ITF,ITF3,15,Campania
2021-05-10,PIE,28536,13679,14857,15526,13010,ITC,ITC1,1,Piemonte
2021-01-09,LAZ,6294,2561,3733,6294,0,ITI,ITI4,12,Lazio
2020-12-31,PAT,1624,449,1175,1624,0,ITH,ITH2,4,Provincia Autonoma Trento
2021-01-30,VEN,8747,2672,6075,693,8054,ITH,ITH3,5,Veneto
2021-02-14,CAM,3928,1923,2005,3894,34,ITF,ITF3,15,Campania
2021-02-23,TOS,7721,3324,4397,7560,161,ITI,ITI1,9,Toscana
2021-03-21,PAB,768,285,483,14,754,ITH,ITH1,4,Provincia Autonoma Bolzano / Bozen
2021-05-24,MAR,10795,5111,5684,8121,2674,ITI,ITI3,11,Marche
2021-01-11,VDA,325,112,213,325,0,ITC,ITC2,2,Valle d'Aosta / Vallée d'Aoste
2021-03-02,VDA,339,166,173,336,3,ITC,ITC2,2,Valle d'Aosta / Vallée d'Aoste
2021-04-02,PIE,20129,8298,11831,11702,8427,ITC,ITC1,1,Piemonte
2021-05-04,VEN,42681,20216,22465,34700,7981,ITH,ITH3,5,Veneto
2021-05-20,PAB,4662,2294,2368,3206,1456,ITH,ITH1,4,Provincia Autonoma Bolzano / Bozen
2021-01-17,MAR,1606,687,919,1550,56,ITI,ITI3,11,Marche
2021-03-29,LAZ,23957,10756,13201,16924,7033,ITI,ITI4,12,Lazio
2021-05-06,UMB,9451,4309,5142,6145,3306,ITI,ITI2,10,Umbria
2021-01-14,UMB,752,201,551,752,0,ITI,ITI2,10,Umbria
2021-01-18,PAT,643,154,489,588,55,ITH,ITH2,4,Provincia Autonoma Trento
2021-01-20,VDA,23,8,15,23,0,ITC,ITC2,2,Valle d'Aosta / Vallée d'Aoste
2021-04-15,CAL,7605,3725,3880,5981,1624,ITF,ITF6,18,Calabria
2021-01-20,ABR,447,156,291,445,2,ITF,ITF1,13,Abruzzo
2021-05-04,SIC,26841,12469,14372,17654,9187,ITG,ITG1,19,Sicilia
2021-01-13,PAB,1691,557,1134,1691,0,ITH,ITH1,4,Provincia Autonoma Bolzano / Bozen
2021-01-31,LIG,624,270,354,9,615,ITC,ITC3,7,Liguria
2021-04-16,EMR,28837,13560,15277,20002,8835,ITH,ITH5,8,Emilia-Romagna
2021-04-18,UMB,1530,680,850,600,930,ITI,ITI2,10,Umbria
2021-05-10,BAS,4806,2383,2423,2766,2040,ITF,ITF5,17,Basilicata
2021-03-05,UMB,4591,1379,3212,3935,656,ITI,ITI2,10,Umbria
2021-04-11,SAR,5393,2442,2951,4273,1120,ITG,ITG2,20,Sardegna
2021-04-22,PUG,22888,10459,12429,18022,4866,ITF,ITF4,16,Puglia
2021-01-06,PAT,42,13,29,42,0,ITH,ITH2,4,Provincia Autonoma Trento
2021-02-21,FVG,801,281,520,423,378,ITH,ITH4,6,Friuli-Venezia Giulia
2021-03-08,SAR,4008,1790,2218,2788,1220,ITG,ITG2,20,Sardegna
2021-04-05,MAR,5688,2355,3333,4419,1269,ITI,ITI3,11,Marche
2021-02-13,CAL,1393,602,791,1030,363,ITF,ITF6,18,Calabria
2021-02-18,CAL,1823,825,998,1596,227,ITF,ITF6,18,Calabria
2021-03-06,PUG,15953,5960,9993,13883,2070,ITF,ITF4,16,Puglia
2021-03-27,PUG,12136,5701,6435,6976,5160,ITF,ITF4,16,Puglia
2021-04-29,FVG,6681,2931,3750,4160,2521,ITH,ITH4,6,Friuli-Venezia Giulia
2021-05-18,LIG,13331,6016,7315,10045,3286,ITC,ITC3,7,Liguria
2021-05-24,VDA,1135,516,619,688,447,ITC,ITC2,2,Valle d'Aosta / Vallée d'Aoste
2020-12-28,LAZ,959,412,547,959,0,ITI,ITI4,12,Lazio
2021-03-29,UMB,3844,1692,2152,2365,1479,ITI,ITI2,10,Umbria
2021-01-15,SAR,1563,573,990,1563,0,ITG,ITG2,20,Sardegna
2021-02-12,SAR,2237,933,1304,2178,59,ITG,ITG2,20,Sardegna
2021-05-20,SAR,15206,7247,7959,10894,4312,ITG,ITG2,20,Sardegna
2021-04-29,LIG,15551,6975,8576,6732,8819,ITC,ITC3,7,Liguria
2021-01-18,SIC,1648,668,980,1495,153,ITG,ITG1,19,Sicilia
2021-05-05,EMR,29362,13653,15709,18125,11237,ITH,ITH5,8,Emilia-Romagna
2021-05-22,SAR,24238,11598,12640,19294,4944,ITG,ITG2,20,Sardegna
2021-01-08,PUG,5592,2346,3246,5592,0,ITF,ITF4,16,Puglia
2021-03-17,MOL,908,385,523,576,332,ITF,ITF2,14,Molise
2021-01-25,CAL,1066,513,553,148,918,ITF,ITF6,18,Calabria
2021-04-03,SIC,16376,7790,8586,13540,2836,ITG,ITG1,19,Sicilia
2021-04-30,SAR,11086,5274,5812,6877,4209,ITG,ITG2,20,Sardegna
2021-05-01,EMR,28377,12763,15614,15608,12769,ITH,ITH5,8,Emilia-Romagna
2021-02-19,CAL,1508,681,827,1247,261,ITF,ITF6,18,Calabria
2021-03-07,TOS,5647,2356,3291,2105,3542,ITI,ITI1,9,Toscana
2021-02-10,LIG,2312,837,1475,1020,1292,ITC,ITC3,7,Liguria
2021-02-21,SIC,5168,2501,2667,5062,106,ITG,ITG1,19,Sicilia
2021-03-01,PUG,15091,5862,9229,13721,1370,ITF,ITF4,16,Puglia
2021-04-17,VDA,638,407,231,636,2,ITC,ITC2,2,Valle d'Aosta / Vallée d'Aoste
2021-05-23,CAL,11376,5557,5819,7041,4335,ITF,ITF6,18,Calabria
2021-02-25,LOM,15198,6303,8895,13645,1553,ITC,ITC4,3,Lombardia
2021-05-08,ABR,10302,4876,5426,6466,3836,ITF,ITF1,13,Abruzzo
2021-02-05,EMR,9315,2966,6349,1637,7678,ITH,ITH5,8,Emilia-Romagna
2021-02-01,ABR,1632,573,1059,271,1361,ITF,ITF1,13,Abruzzo
2021-02-15,PAT,533,187,346,419,114,ITH,ITH2,4,Provincia Autonoma Trento
2021-04-12,CAL,6901,3349,3552,5248,1653,ITF,ITF6,18,Calabria
2021-04-27,CAM,32095,15586,16509,24178,7917,ITF,ITF3,15,Campania
2021-05-02,SAR,5879,2667,3212,5298,581,ITG,ITG2,20,Sardegna
2021-01-19,LOM,8125,2348,5777,7651,474,ITC,ITC4,3,Lombardia
2021-02-09,PUG,3840,1570,2270,2168,1672,ITF,ITF4,16,Puglia
2021-05-13,MAR,12602,5695,6907,7103,5499,ITI,ITI3,11,Marche
2021-03-02,MAR,4953,1941,3012,4387,566,ITI,ITI3,11,Marche
2021-01-05,LAZ,7374,2802,4572,7374,0,ITI,ITI4,12,Lazio
2021-02-14,LOM,3578,1546,2032,2944,634,ITC,ITC4,3,Lombardia
2021-04-30,PUG,34530,15438,19092,22599,11931,ITF,ITF4,16,Puglia
2021-05-25,UMB,8750,4258,4492,7733,1017,ITI,ITI2,10,Umbria
2021-02-27,LOM,13950,5872,8078,13308,642,ITC,ITC4,3,Lombardia
2020-12-27,BAS,106,41,65,106,0,ITF,ITF5,17,Basilicata
2021-02-02,UMB,944,274,670,32,912,ITI,ITI2,10,Umbria
2021-05-01,BAS,4699,2135,2564,3948,751,ITF,ITF5,17,Basilicata
2021-03-10,CAL,6548,3310,3238,5269,1279,ITF,ITF6,18,Calabria
2021-03-18,LOM,27425,10957,16468,16196,11229,ITC,ITC4,3,Lombardia
2021-01-11,CAL,2155,1041,1114,2155,0,ITF,ITF6,18,Calabria
2021-01-13,TOS,4062,1398,2664,4062,0,ITI,ITI1,9,Toscana
2021-03-15,UMB,4596,1930,2666,2828,1768,ITI,ITI2,10,Umbria
2021-04-20,BAS,4034,1921,2113,2203,1831,ITF,ITF5,17,Basilicata
2021-01-26,CAM,7340,3726,3614,351,6989,ITF,ITF3,15,Campania
2021-03-19,LAZ,17214,7363,9851,10887,6327,ITI,ITI4,12,Lazio
2021-04-05,ABR,2693,1147,1546,1813,880,ITF,ITF1,13,Abruzzo
2021-01-04,CAL,1051,517,534,1051,0,ITF,ITF6,18,Calabria
2021-03-07,UMB,845,180,665,838,7,ITI,ITI2,10,Umbria
2021-04-11,MAR,7117,3115,4002,6831,286,ITI,ITI3,11,Marche
2021-03-23,EMR,18698,8069,10629,12011,6687,ITH,ITH5,8,Emilia-Romagna
2021-04-20,PAT,2872,1372,1500,2836,36,ITH,ITH2,4,Provincia Autonoma Trento
2021-05-02,BAS,4180,2000,2180,3552,628,ITF,ITF5,17,Basilicata
2021-02-10,UMB,715,349,366,700,15,ITI,ITI2,10,Umbria
2021-04-07,ABR,7130,3283,3847,4405,2725,ITF,ITF1,13,Abruzzo
2021-01-14,SAR,1105,426,679,1105,0,ITG,ITG2,20,Sardegna
2021-02-06,CAM,5340,2665,2675,2102,3238,ITF,ITF3,15,Campania
2021-03-26,PAT,3154,1226,1928,2555,599,ITH,ITH2,4,Provincia Autonoma Trento
2021-04-23,CAM,32296,15505,16791,23160,9136,ITF,ITF3,15,Campania
2021-01-24,EMR,2443,885,1558,298,2145,ITH,ITH5,8,Emilia-Romagna
2021-04-02,EMR,23294,10491,12803,18832,4462,ITH,ITH5,8,Emilia-Romagna
2021-01-03,ABR,471,185,286,471,0,ITF,ITF1,13,Abruzzo
2021-01-09,MAR,1709,605,1104,1709,0,ITI,ITI3,11,Marche
2021-03-25,LOM,42653,15932,26721,30074,12579,ITC,ITC4,3,Lombardia
2021-01-23,SAR,60,22,38,0,60,ITG,ITG2,20,Sardegna
2021-02-16,TOS,9279,3339,5940,8558,721,ITI,ITI1,9,Toscana
2021-04-16,VEN,24417,10479,13938,12534,11883,ITH,ITH3,5,Veneto
2021-05-09,BAS,4686,2341,2345,2991,1695,ITF,ITF5,17,Basilicata
2021-03-15,ABR,3628,1393,2235,1820,1808,ITF,ITF1,13,Abruzzo
2021-04-30,VDA,831,355,476,485,346,ITC,ITC2,2,Valle d'Aosta / Vallée d'Aoste
2021-05-21,LIG,12839,5952,6887,9714,3125,ITC,ITC3,7,Liguria
2021-05-01,LOM,95870,43642,52228,66745,29125,ITC,ITC4,3,Lombardia
2021-01-13,UMB,450,139,311,450,0,ITI,ITI2,10,Umbria
2021-03-27,PAB,3049,1553,1496,1543,1506,ITH,ITH1,4,Provincia Autonoma Bolzano / Bozen
2021-03-28,MOL,1626,747,879,524,1102,ITF,ITF2,14,Molise
2021-04-07,UMB,5568,2289,3279,3562,2006,ITI,ITI2,10,Umbria
2021-04-11,VDA,479,208,271,479,0,ITC,ITC2,2,Valle d'Aosta / Vallée d'Aoste
2021-02-22,MOL,265,129,136,250,15,ITF,ITF2,14,Molise
2021-04-04,TOS,13910,6601,7309,13657,253,ITI,ITI1,9,Toscana
2021-01-10,CAM,8165,3736,4429,8165,0,ITF,ITF3,15,Campania
2021-02-13,VEN,3267,1474,1793,3247,20,ITH,ITH3,5,Veneto
2021-03-15,FVG,3765,1636,2129,1446,2319,ITH,ITH4,6,Friuli-Venezia Giulia
2021-02-12,MAR,1582,618,964,1430,152,ITI,ITI3,11,Marche
2021-04-09,PIE,25844,11385,14459,21336,4508,ITC,ITC1,1,Piemonte
2021-05-08,MOL,2972,1453,1519,1728,1244,ITF,ITF2,14,Molise
2021-04-27,FVG,8076,3703,4373,3619,4457,ITH,ITH4,6,Friuli-Venezia Giulia
2021-05-19,MOL,2335,1205,1130,1912,423,ITF,ITF2,14,Molise
2021-05-22,PIE,33216,14989,18227,17164,16052,ITC,ITC1,1,Piemonte
2021-03-30,LOM,39491,15488,24003,24704,14787,ITC,ITC4,3,Lombardia
2021-04-14,UMB,8147,3673,4474,6168,1979,ITI,ITI2,10,Umbria
2021-05-03,LOM,83633,39728,43905,71519,12114,ITC,ITC4,3,Lombardia
2021-05-24,LIG,11625,5416,6209,9156,2469,ITC,ITC3,7,Liguria
2021-02-03,ABR,2061,717,1344,419,1642,ITF,ITF1,13,Abruzzo
2021-04-18,LAZ,23772,10556,13216,16138,7634,ITI,ITI4,12,Lazio
2021-02-12,SIC,4675,1848,2827,4407,268,ITG,ITG1,19,Sicilia
2021-02-07,LOM,7308,2821,4487,340,6968,ITC,ITC4,3,Lombardia
2021-02-09,VDA,251,84,167,68,183,ITC,ITC2,2,Valle d'Aosta / Vallée d'Aoste
2021-04-03,FVG,3983,1969,2014,2655,1328,ITH,ITH4,6,Friuli-Venezia Giulia
2020-12-31,FVG,1053,384,669,1053,0,ITH,ITH4,6,Friuli-Venezia Giulia
2021-01-27,SIC,7529,3837,3692,187,7342,ITG,ITG1,19,Sicilia
2021-02-17,VDA,327,144,183,227,100,ITC,ITC2,2,Valle d'Aosta / Vallée d'Aoste
2021-04-13,ABR,5880,2753,3127,4680,1200,ITF,ITF1,13,Abruzzo
2021-05-15,SIC,57090,26668,30422,41720,15370,ITG,ITG1,19,Sicilia
2021-05-22,BAS,5632,2778,2854,2002,3630,ITF,ITF5,17,Basilicata
2021-02-27,LAZ,11427,4268,7159,10472,955,ITI,ITI4,12,Lazio
2021-03-06,VDA,22,4,18,22,0,ITC,ITC2,2,Valle d'Aosta / Vallée d'Aoste
2021-01-05,PAT,709,232,477,709,0,ITH,ITH2,4,Provincia Autonoma Trento
2021-01-24,VEN,4117,1219,2898,28,4089,ITH,ITH3,5,Veneto
2021-02-02,CAL,2288,1114,1174,177,2111,ITF,ITF6,18,Calabria
2021-03-02,CAL,4367,2489,1878,3611,756,ITF,ITF6,18,Calabria
2021-03-04,EMR,16433,5345,11088,13421,3012,ITH,ITH5,8,Emilia-Romagna
2021-05-01,VEN,38716,18181,20535,29794,8922,ITH,ITH3,5,Veneto
2021-04-26,MOL,1156,520,636,825,331,ITF,ITF2,14,Molise
2021-05-20,LAZ,50627,24154,26473,37396,13231,ITI,ITI4,12,Lazio
2021-01-09,TOS,4485,1596,2889,4485,0,ITI,ITI1,9,Toscana
2021-01-12,SAR,865,408,457,865,0,ITG,ITG2,20,Sardegna
2021-03-01,TOS,4472,1733,2739,832,3640,ITI,ITI1,9,Toscana
2021-03-13,UMB,1731,524,1207,1486,245,ITI,ITI2,10,Umbria
2021-01-28,ABR,1433,495,938,12,1421,ITF,ITF1,13,Abruzzo
2021-01-31,PUG,1812,827,985,74,1738,ITF,ITF4,16,Puglia
2021-04-02,SIC,14007,6594,7413,9220,4787,ITG,ITG1,19,Sicilia
2021-04-09,ABR,8791,4139,4652,6252,2539,ITF,ITF1,13,Abruzzo
2021-02-01,MOL,562,201,361,14,548,ITF,ITF2,14,Molise
2021-02-08,MOL,334,141,193,216,118,ITF,ITF2,14,Molise
2021-03-22,EMR,17462,7651,9811,10598,6864,ITH,ITH5,8,Emilia-Romagna
2021-03-28,MAR,4126,1739,2387,2435,1691,ITI,ITI3,11,Marche
2021-01-04,FVG,1507,558,949,1507,0,ITH,ITH4,6,Friuli-Venezia Giulia
2021-01-15,BAS,813,350,463,813,0,ITF,ITF5,17,Basilicata
2021-04-18,TOS,8333,4081,4252,7337,996,ITI,ITI1,9,Toscana
2021-04-20,CAM,31987,15489,16498,20682,11305,ITF,ITF3,15,Campania
2021-03-21,LAZ,17857,6826,11031,12807,5050,ITI,ITI4,12,Lazio
2021-04-04,PUG,5939,2952,2987,5933,6,ITF,ITF4,16,Puglia
2021-04-10,EMR,20904,9291,11613,16761,4143,ITH,ITH5,8,Emilia-Romagna
2021-04-21,VDA,868,410,458,620,248,ITC,ITC2,2,Valle d'Aosta / Vallée d'Aoste
2021-05-05,CAM,51071,24816,26255,44695,6376,ITF,ITF3,15,Campania
2021-05-20,TOS,29337,13610,15727,18859,10478,ITI,ITI1,9,Toscana
2021-03-24,EMR,21061,9295,11766,13691,7370,ITH,ITH5,8,Emilia-Romagna
2021-01-18,UMB,614,219,395,529,85,ITI,ITI2,10,Umbria
2021-02-26,VDA,207,58,149,122,85,ITC,ITC2,2,Valle d'Aosta / Vallée d'Aoste
2021-03-30,PAB,1298,532,766,218,1080,ITH,ITH1,4,Provincia Autonoma Bolzano / Bozen
2021-04-11,SIC,15342,7577,7765,8313,7029,ITG,ITG1,19,Sicilia
2021-04-13,LOM,47574,21237,26337,33508,14066,ITC,ITC4,3,Lombardia
2021-04-21,MAR,10781,4967,5814,9587,1194,ITI,ITI3,11,Marche
2021-01-15,PIE,8970,2955,6015,8970,0,ITC,ITC1,1,Piemonte
2021-01-21,LIG,1103,385,718,672,431,ITC,ITC3,7,Liguria
2021-02-24,SIC,9561,4850,4711,8971,590,ITG,ITG1,19,Sicilia
2021-03-22,VEN,18089,8133,9956,13046,5043,ITH,ITH3,5,Veneto
2021-02-05,CAM,7260,3463,3797,2133,5127,ITF,ITF3,15,Campania
2021-05-07,MAR,12836,5805,7031,3659,9177,ITI,ITI3,11,Marche
2021-01-25,MAR,1595,558,1037,97,1498,ITI,ITI3,11,Marche
2021-04-06,LAZ,23878,10653,13225,16776,7102,ITI,ITI4,12,Lazio
2021-05-10,VDA,782,381,401,547,235,ITC,ITC2,2,Valle d'Aosta / Vallée d'Aoste
2021-02-07,FVG,1561,483,1078,386,1175,ITH,ITH4,6,Friuli-Venezia Giulia
2021-03-23,VEN,22149,10187,11962,17429,4720,ITH,ITH3,5,Veneto
2021-05-09,CAM,43173,20277,22896,32084,11089,ITF,ITF3,15,Campania
2021-04-12,MAR,8567,3772,4795,8083,484,ITI,ITI3,11,Marche
2021-01-26,LOM,8376,2721,5655,371,8005,ITC,ITC4,3,Lombardia
2021-02-06,VEN,4094,1354,2740,708,3386,ITH,ITH3,5,Veneto
2021-01-07,MAR,1807,636,1171,1807,0,ITI,ITI3,11,Marche
2021-03-07,SAR,1657,750,907,1117,540,ITG,ITG2,20,Sardegna
2021-04-05,FVG,2868,1425,1443,2853,15,ITH,ITH4,6,Friuli-Venezia Giulia
2021-05-13,MOL,3037,1409,1628,2580,457,ITF,ITF2,14,Molise
2021-01-05,CAM,7238,3637,3601,7238,0,ITF,ITF3,15,Campania
2021-01-19,ABR,111,55,56,91,20,ITF,ITF1,13,Abruzzo
2021-03-05,LAZ,18792,7962,10830,14060,4732,ITI,ITI4,12,Lazio
2021-03-15,CAL,3542,1682,1860,2107,1435,ITF,ITF6,18,Calabria
2021-03-19,MAR,3835,1597,2238,339,3496,ITI,ITI3,11,Marche
2021-04-25,CAM,30698,15164,15534,25309,5389,ITF,ITF3,15,Campania
2021-03-07,PAB,114,13,101,9,105,ITH,ITH1,4,Provincia Autonoma Bolzano / Bozen
2021-04-23,PAT,3599,1749,1850,3545,54,ITH,ITH2,4,Provincia Autonoma Trento
2021-02-25,PIE,12218,5252,6966,11671,547,ITC,ITC1,1,Piemonte
2021-03-24,VEN,22020,9504,12516,15212,6808,ITH,ITH3,5,Veneto
2021-04-07,PIE,23605,9994,13611,18141,5464,ITC,ITC1,1,Piemonte
2021-04-07,SAR,13476,5985,7491,7828,5648,ITG,ITG2,20,Sardegna
2021-02-23,VDA,216,123,93,216,0,ITC,ITC2,2,Valle d'Aosta / Vallée d'Aoste
2021-04-08,BAS,764,348,416,754,10,ITF,ITF5,17,Basilicata
2021-01-14,CAL,2634,1248,1386,2634,0,ITF,ITF6,18,Calabria
2021-02-13,SIC,3098,1165,1933,2842,256,ITG,ITG1,19,Sicilia
2021-03-11,BAS,1785,920,865,826,959,ITF,ITF5,17,Basilicata
2021-04-19,BAS,4162,1910,2252,2525,1637,ITF,ITF5,17,Basilicata
2021-05-10,SIC,28304,13595,14709,16187,12117,ITG,ITG1,19,Sicilia
2021-04-10,VEN,27444,11971,15473,18963,8481,ITH,ITH3,5,Veneto
2020-12-30,FVG,626,244,382,626,0,ITH,ITH4,6,Friuli-Venezia Giulia
2021-02-28,PUG,6045,1806,4239,5859,186,ITF,ITF4,16,Puglia
2021-03-09,SIC,13158,5590,7568,10786,2372,ITG,ITG1,19,Sicilia
2021-04-12,SIC,18952,9205,9747,11612,7340,ITG,ITG1,19,Sicilia
2021-02-13,EMR,3627,1085,2542,3029,598,ITH,ITH5,8,Emilia-Romagna
2021-03-02,SAR,2865,1459,1406,1712,1153,ITG,ITG2,20,Sardegna
2021-01-17,MOL,78,38,40,48,30,ITF,ITF2,14,Molise
2021-03-26,PUG,11534,5418,6116,6889,4645,ITF,ITF4,16,Puglia
2021-01-28,PIE,5590,1809,3781,384,5206,ITC,ITC1,1,Piemonte
2021-04-14,SAR,8250,3902,4348,7013,1237,ITG,ITG2,20,Sardegna
2021-04-19,MOL,1827,842,985,1049,778,ITF,ITF2,14,Molise
2021-05-23,MOL,1698,863,835,1693,5,ITF,ITF2,14,Molise
2020-12-28,LOM,107,47,60,107,0,ITC,ITC4,3,Lombardia
2021-05-10,MAR,9447,4336,5111,4895,4552,ITI,ITI3,11,Marche
2021-01-25,SIC,7514,3695,3819,314,7200,ITG,ITG1,19,Sicilia
2021-05-25,BAS,4194,2109,2085,875,3319,ITF,ITF5,17,Basilicata
2021-01-07,TOS,6018,1751,4267,6018,0,ITI,ITI1,9,Toscana
2021-01-11,PIE,8742,2980,5762,8742,0,ITC,ITC1,1,Piemonte
2021-03-31,TOS,32575,13136,19439,20419,12156,ITI,ITI1,9,Toscana
2021-05-02,PIE,25039,11258,13781,14294,10745,ITC,ITC1,1,Piemonte
2021-03-07,LOM,12019,5347,6672,9460,2559,ITC,ITC4,3,Lombardia
2021-03-19,MOL,1184,482,702,757,427,ITF,ITF2,14,Molise
2021-05-05,PAT,4972,2575,2397,4689,283,ITH,ITH2,4,Provincia Autonoma Trento
2021-03-17,VDA,433,185,248,273,160,ITC,ITC2,2,Valle d'Aosta / Vallée d'Aoste
2021-03-20,SIC,18815,9031,9784,13490,5325,ITG,ITG1,19,Sicilia
2021-04-02,VEN,23973,10549,13424,17642,6331,ITH,ITH3,5,Veneto
2021-04-09,CAL,7935,3716,4219,5009,2926,ITF,ITF6,18,Calabria
2021-01-30,CAM,10721,5079,5642,38,10683,ITF,ITF3,15,Campania
2021-02-11,SAR,1315,490,825,1204,111,ITG,ITG2,20,Sardegna
2021-05-04,LIG,13603,6081,7522,5376,8227,ITC,ITC3,7,Liguria
2021-01-11,BAS,183,66,117,183,0,ITF,ITF5,17,Basilicata
2021-02-06,PAT,574,298,276,433,141,ITH,ITH2,4,Provincia Autonoma Trento
2021-01-18,PAB,1772,687,1085,1767,5,ITH,ITH1,4,Provincia Autonoma Bolzano / Bozen
2021-01-28,BAS,903,401,502,119,784,ITF,ITF5,17,Basilicata
2021-02-02,PIE,10241,3509,6732,816,9425,ITC,ITC1,1,Piemonte
2021-02-04,LAZ,6302,2481,3821,987,5315,ITI,ITI4,12,Lazio
2021-01-22,LAZ,4002,1633,2369,487,3515,ITI,ITI4,12,Lazio
2021-04-14,PAB,3593,1645,1948,3502,91,ITH,ITH1,4,Provincia Autonoma Bolzano / Bozen
2021-05-27,LAZ,54769,24654,30115,42808,11961,ITI,ITI4,12,Lazio
2021-01-19,FVG,6,2,4,6,0,ITH,ITH4,6,Friuli-Venezia Giulia
2021-02-15,UMB,1368,692,676,1367,1,ITI,ITI2,10,Umbria
2021-02-20,LIG,1336,637,699,1335,1,ITC,ITC3,7,Liguria
2021-04-05,CAL,3501,1648,1853,2602,899,ITF,ITF6,18,Calabria
2021-01-03,FVG,312,122,190,312,0,ITH,ITH4,6,Friuli-Venezia Giulia
2021-01-17,LOM,8348,3347,5001,8147,201,ITC,ITC4,3,Lombardia
2021-03-07,PIE,11974,4657,7317,11097,877,ITC,ITC1,1,Piemonte
2021-03-30,ABR,5056,2197,2859,3232,1824,ITF,ITF1,13,Abruzzo
2021-01-11,CAM,4072,1871,2201,4072,0,ITF,ITF3,15,Campania
2021-03-04,PAB,1711,1001,710,1482,229,ITH,ITH1,4,Provincia Autonoma Bolzano / Bozen
2021-05-02,CAM,43474,21533,21941,32135,11339,ITF,ITF3,15,Campania
2021-02-05,FVG,2614,785,1829,90,2524,ITH,ITH4,6,Friuli-Venezia Giulia
2021-02-08,EMR,5227,1532,3695,2315,2912,ITH,ITH5,8,Emilia-Romagna
2021-04-24,TOS,13432,6163,7269,5989,7443,ITI,ITI1,9,Toscana
2021-01-14,PIE,9766,3152,6614,9766,0,ITC,ITC1,1,Piemonte
2021-03-04,VEN,12918,4828,8090,9448,3470,ITH,ITH3,5,Veneto
2021-03-10,LAZ,22009,9481,12528,16363,5646,ITI,ITI4,12,Lazio
2021-05-15,UMB,4975,1872,3103,1810,3165,ITI,ITI2,10,Umbria
2021-03-01,MAR,3724,1487,2237,3476,248,ITI,ITI3,11,Marche
2021-04-14,BAS,2041,997,1044,1367,674,ITF,ITF5,17,Basilicata
2021-01-23,PIE,4257,1325,2932,879,3378,ITC,ITC1,1,Piemonte
2021-02-15,CAL,1139,539,600,990,149,ITF,ITF6,18,Calabria
2021-04-24,LAZ,33267,14965,18302,20521,12746,ITI,ITI4,12,Lazio
2021-01-20,PUG,1545,540,1005,1537,8,ITF,ITF4,16,Puglia
2021-02-04,MAR,2341,809,1532,112,2229,ITI,ITI3,11,Marche
2021-02-08,SIC,4086,1760,2326,2129,1957,ITG,ITG1,19,Sicilia
2021-03-02,BAS,803,389,414,658,145,ITF,ITF5,17,Basilicata
2021-04-15,MOL,1923,793,1130,1079,844,ITF,ITF2,14,Molise
2021-03-11,PAT,2295,851,1444,1473,822,ITH,ITH2,4,Provincia Autonoma Trento
2021-03-25,SAR,8795,3704,5091,7490,1305,ITG,ITG2,20,Sardegna
2021-04-05,PUG,12684,6164,6520,12150,534,ITF,ITF4,16,Puglia
2021-01-14,BAS,969,413,556,969,0,ITF,ITF5,17,Basilicata
2021-01-18,BAS,463,157,306,364,99,ITF,ITF5,17,Basilicata
2021-02-22,PAB,526,143,383,514,12,ITH,ITH1,4,Provincia Autonoma Bolzano / Bozen
2021-04-19,VEN,21526,8917,12609,5116,16410,ITH,ITH3,5,Veneto
2021-05-06,VEN,46449,21790,24659,38034,8415,ITH,ITH3,5,Veneto
2021-05-13,PAB,2980,1347,1633,1050,1930,ITH,ITH1,4,Provincia Autonoma Bolzano / Bozen
2021-05-17,TOS,29477,14631,14846,20806,8671,ITI,ITI1,9,Toscana
2021-01-07,SIC,9187,4249,4938,9187,0,ITG,ITG1,19,Sicilia
2021-01-24,LOM,1201,459,742,537,664,ITC,ITC4,3,Lombardia
2021-01-02,PUG,2949,1301,1648,2949,0,ITF,ITF4,16,Puglia
2021-02-10,SAR,1959,765,1194,1441,518,ITG,ITG2,20,Sardegna
2021-03-01,VDA,181,66,115,147,34,ITC,ITC2,2,Valle d'Aosta / Vallée d'Aoste
2021-04-23,CAL,12884,6365,6519,9488,3396,ITF,ITF6,18,Calabria
2021-03-25,PIE,17062,7203,9859,8423,8639,ITC,ITC1,1,Piemonte
2021-03-30,FVG,7094,3142,3952,6172,922,ITH,ITH4,6,Friuli-Venezia Giulia
2021-04-02,PAB,2077,837,1240,720,1357,ITH,ITH1,4,Provincia Autonoma Bolzano / Bozen
2021-01-11,PUG,3753,1588,2165,3753,0,ITF,ITF4,16,Puglia
2021-02-21,PUG,2176,472,1704,2115,61,ITF,ITF4,16,Puglia
2021-03-04,LOM,29417,12149,17268,20287,9130,ITC,ITC4,3,Lombardia
2021-03-07,BAS,887,309,578,849,38,ITF,ITF5,17,Basilicata
2021-05-20,MAR,12368,5816,6552,7669,4699,ITI,ITI3,11,Marche
2021-05-23,LOM,60718,28912,31806,26787,33931,ITC,ITC4,3,Lombardia
2021-05-23,VEN,34395,16425,17970,11077,23318,ITH,ITH3,5,Veneto
2021-01-29,MOL,421,136,285,6,415,ITF,ITF2,14,Molise
2021-03-27,SAR,5714,2176,3538,5292,422,ITG,ITG2,20,Sardegna
2021-04-22,VDA,1067,449,618,684,383,ITC,ITC2,2,Valle d'Aosta / Vallée d'Aoste
2021-02-18,LAZ,10017,4976,5041,9208,809,ITI,ITI4,12,Lazio
2021-01-16,TOS,3271,1046,2225,3271,0,ITI,ITI1,9,Toscana
2021-02-03,CAL,2764,1429,1335,581,2183,ITF,ITF6,18,Calabria
2021-02-11,BAS,951,401,550,868,83,ITF,ITF5,17,Basilicata
2021-05-07,SIC,36650,17309,19341,25020,11630,ITG,ITG1,19,Sicilia
2021-01-01,VEN,1528,471,1057,1528,0,ITH,ITH3,5,Veneto
2021-04-11,LIG,4249,1931,2318,4000,249,ITC,ITC3,7,Liguria
2021-04-27,VDA,978,423,555,686,292,ITC,ITC2,2,Valle d'Aosta / Vallée d'Aoste
2021-01-16,PUG,2507,1033,1474,2507,0,ITF,ITF4,16,Puglia
2021-02-22,EMR,7481,3091,4390,7209,272,ITH,ITH5,8,Emilia-Romagna
2021-02-28,TOS,1649,667,982,922,727,ITI,ITI1,9,Toscana
2021-03-25,ABR,5686,2561,3125,3070,2616,ITF,ITF1,13,Abruzzo
2021-05-16,MOL,1246,570,676,1064,182,ITF,ITF2,14,Molise
2021-04-25,MAR,8600,3994,4606,7025,1575,ITI,ITI3,11,Marche
2021-05-25,PUG,32814,14922,17892,20139,12675,ITF,ITF4,16,Puglia
2021-01-27,UMB,840,330,510,13,827,ITI,ITI2,10,Umbria
2021-03-27,ABR,6121,2620,3501,3636,2485,ITF,ITF1,13,Abruzzo
2021-02-02,PUG,4343,1845,2498,593,3750,ITF,ITF4,16,Puglia
2021-01-08,VDA,299,130,169,299,0,ITC,ITC2,2,Valle d'Aosta / Vallée d'Aoste
2021-02-13,LIG,1080,508,572,800,280,ITC,ITC3,7,Liguria
2021-03-08,SIC,13551,5834,7717,10743,2808,ITG,ITG1,19,Sicilia
2021-03-18,MOL,1156,476,680,692,464,ITF,ITF2,14,Molise
2021-04-29,EMR,44719,21012,23707,27177,17542,ITH,ITH5,8,Emilia-Romagna
2021-05-22,PAT,3236,1588,1648,919,2317,ITH,ITH2,4,Provincia Autonoma Trento
2021-02-09,MAR,124,42,82,46,78,ITI,ITI3,11,Marche
2021-04-30,MAR,13940,6100,7840,5399,8541,ITI,ITI3,11,Marche
2021-05-01,ABR,10744,5051,5693,5769,4975,ITF,ITF1,13,Abruzzo
2021-01-30,FVG,2274,745,1529,270,2004,ITH,ITH4,6,Friuli-Venezia Giulia
2021-04-25,VDA,849,408,441,710,139,ITC,ITC2,2,Valle d'Aosta / Vallée d'Aoste
2021-05-14,PAT,5285,2528,2757,3926,1359,ITH,ITH2,4,Provincia Autonoma Trento
2021-01-05,VDA,150,54,96,150,0,ITC,ITC2,2,Valle d'Aosta / Vallée d'Aoste
2021-02-11,PIE,6764,2107,4657,3006,3758,ITC,ITC1,1,Piemonte
2021-02-13,PAB,318,79,239,312,6,ITH,ITH1,4,Provincia Autonoma Bolzano / Bozen
2021-04-01,PAT,2893,1227,1666,1800,1093,ITH,ITH2,4,Provincia Autonoma Trento
2021-04-19,EMR,20882,9789,11093,14611,6271,ITH,ITH5,8,Emilia-Romagna
2021-04-22,SIC,27113,12809,14304,20572,6541,ITG,ITG1,19,Sicilia
2021-02-19,LAZ,10312,5198,5114,9463,849,ITI,ITI4,12,Lazio
2021-03-29,SIC,15001,7035,7966,10485,4516,ITG,ITG1,19,Sicilia
2021-05-08,EMR,31156,14567,16589,19754,11402,ITH,ITH5,8,Emilia-Romagna
2021-02-03,FVG,2647,791,1856,23,2624,ITH,ITH4,6,Friuli-Venezia Giulia
2021-04-06,MAR,8879,3693,5186,8066,813,ITI,ITI3,11,Marche
2021-05-23,PAB,4332,2302,2030,4324,8,ITH,ITH1,4,Provincia Autonoma Bolzano / Bozen
2021-01-13,CAL,2031,1023,1008,2031,0,ITF,ITF6,18,Calabria
2021-03-13,SAR,2754,1075,1679,2473,281,ITG,ITG2,20,Sardegna
2021-04-13,FVG,7362,3289,4073,5758,1604,ITH,ITH4,6,Friuli-Venezia Giulia
2021-01-12,BAS,217,88,129,217,0,ITF,ITF5,17,Basilicata
2021-02-07,CAL,859,427,432,147,712,ITF,ITF6,18,Calabria
2021-02-24,LIG,3763,1560,2203,3505,258,ITC,ITC3,7,Liguria
2021-02-24,PAB,1367,406,961,1355,12,ITH,ITH1,4,Provincia Autonoma Bolzano / Bozen
2021-03-13,CAL,6828,2981,3847,5860,968,ITF,ITF6,18,Calabria
2021-05-12,VEN,36132,17481,18651,31093,5039,ITH,ITH3,5,Veneto
2021-01-13,ABR,1253,440,813,1253,0,ITF,ITF1,13,Abruzzo
2021-02-08,VEN,4976,1541,3435,1929,3047,ITH,ITH3,5,Veneto
2021-02-16,SIC,4371,2283,2088,3905,466,ITG,ITG1,19,Sicilia
2021-04-06,TOS,22170,9774,12396,18456,3714,ITI,ITI1,9,Toscana
2021-04-07,BAS,1218,549,669,1181,37,ITF,ITF5,17,Basilicata
2021-01-10,VDA,220,71,149,220,0,ITC,ITC2,2,Valle d'Aosta / Vallée d'Aoste
2021-02-27,MAR,3357,1435,1922,3147,210,ITI,ITI3,11,Marche
2021-03-29,MOL,2033,835,1198,1547,486,ITF,ITF2,14,Molise
2021-04-02,UMB,4274,1712,2562,3517,757,ITI,ITI2,10,Umbria
2021-01-12,MOL,336,114,222,336,0,ITF,ITF2,14,Molise
2021-02-01,EMR,10320,3610,6710,362,9958,ITH,ITH5,8,Emilia-Romagna
2021-02-23,LIG,3806,1559,2247,3697,109,ITC,ITC3,7,Liguria
2021-04-23,FVG,7454,3375,4079,3598,3856,ITH,ITH4,6,Friuli-Venezia Giulia
2021-02-02,PAT,907,240,667,190,717,ITH,ITH2,4,Provincia Autonoma Trento
2021-05-12,EMR,38144,17941,20203,28544,9600,ITH,ITH5,8,Emilia-Romagna
2021-05-27,MOL,2795,1336,1459,1991,804,ITF,ITF2,14,Molise
2021-01-10,FVG,2939,918,2021,2939,0,ITH,ITH4,6,Friuli-Venezia Giulia
2021-03-03,VDA,255,118,137,186,69,ITC,ITC2,2,Valle d'Aosta / Vallée d'Aoste
2021-05-25,PAT,4359,2099,2260,1674,2685,ITH,ITH2,4,Provincia Autonoma Trento
2021-01-06,MAR,2181,792,1389,2181,0,ITI,ITI3,11,Marche
2021-01-13,FVG,2650,834,1816,2650,0,ITH,ITH4,6,Friuli-Venezia Giulia
2021-01-19,CAL,1111,490,621,1101,10,ITF,ITF6,18,Calabria
2021-02-04,TOS,4253,1594,2659,961,3292,ITI,ITI1,9,Toscana
2021-03-05,MOL,1219,649,570,1015,204,ITF,ITF2,14,Molise
2021-03-24,LOM,43306,15625,27681,31438,11868,ITC,ITC4,3,Lombardia
2021-05-03,FVG,7178,3270,3908,3404,3774,ITH,ITH4,6,Friuli-Venezia Giulia
2020-12-31,VDA,18,4,14,18,0,ITC,ITC2,2,Valle d'Aosta / Vallée d'Aoste
2021-01-23,CAL,400,186,214,358,42,ITF,ITF6,18,Calabria
2021-05-15,SAR,13687,6385,7302,10260,3427,ITG,ITG2,20,Sardegna
2021-01-10,CAL,929,524,405,929,0,ITF,ITF6,18,Calabria
2021-03-07,ABR,2516,628,1888,2516,0,ITF,ITF1,13,Abruzzo
2021-03-24,ABR,6386,2785,3601,4134,2252,ITF,ITF1,13,Abruzzo
2021-04-01,PUG,13496,6151,7345,7154,6342,ITF,ITF4,16,Puglia
2021-01-15,PUG,4552,1866,2686,4552,0,ITF,ITF4,16,Puglia
2021-01-23,BAS,717,302,415,33,684,ITF,ITF5,17,Basilicata
2021-02-17,LIG,2689,1181,1508,2263,426,ITC,ITC3,7,Liguria
2021-03-14,MAR,2499,1031,1468,1906,593,ITI,ITI3,11,Marche
2021-01-31,TOS,3050,1129,1921,106,2944,ITI,ITI1,9,Toscana
2021-03-20,PAB,1757,848,909,1132,625,ITH,ITH1,4,Provincia Autonoma Bolzano / Bozen
2021-04-10,LOM,52372,21698,30674,40579,11793,ITC,ITC4,3,Lombardia
2021-05-10,LIG,12506,5505,7001,6132,6374,ITC,ITC3,7,Liguria
2021-05-14,PUG,44403,20234,24169,28465,15938,ITF,ITF4,16,Puglia
2021-03-14,VDA,392,200,192,392,0,ITC,ITC2,2,Valle d'Aosta / Vallée d'Aoste
2021-03-27,UMB,4253,1512,2741,3913,340,ITI,ITI2,10,Umbria
2021-03-26,TOS,20404,9160,11244,14644,5760,ITI,ITI1,9,Toscana
2021-05-18,EMR,28099,12792,15307,17742,10357,ITH,ITH5,8,Emilia-Romagna
2021-03-06,LIG,3304,1842,1462,2599,705,ITC,ITC3,7,Liguria
2021-04-17,LAZ,32302,14175,18127,20357,11945,ITI,ITI4,12,Lazio
2021-04-26,PAB,1541,771,770,1536,5,ITH,ITH1,4,Provincia Autonoma Bolzano / Bozen
2021-05-08,VEN,41106,18610,22496,29329,11777,ITH,ITH3,5,Veneto
2021-01-06,VDA,65,33,32,65,0,ITC,ITC2,2,Valle d'Aosta / Vallée d'Aoste
2021-01-25,LIG,2725,889,1836,478,2247,ITC,ITC3,7,Liguria
2021-02-23,MAR,3267,1397,1870,3211,56,ITI,ITI3,11,Marche
2021-03-22,LOM,40304,14291,26013,29760,10544,ITC,ITC4,3,Lombardia
2021-04-29,VEN,50223,23361,26862,37026,13197,ITH,ITH3,5,Veneto
2021-01-09,SIC,7327,3425,3902,7327,0,ITG,ITG1,19,Sicilia
2021-03-25,CAL,7380,3459,3921,4547,2833,ITF,ITF6,18,Calabria
2021-04-12,LIG,12383,5475,6908,10364,2019,ITC,ITC3,7,Liguria
2021-05-15,PAB,6995,3683,3312,6700,295,ITH,ITH1,4,Provincia Autonoma Bolzano / Bozen
2021-01-30,LOM,12323,4570,7753,173,12150,ITC,ITC4,3,Lombardia
2021-02-12,PAB,730,217,513,482,248,ITH,ITH1,4,Provincia Autonoma Bolzano / Bozen
2021-03-05,MAR,6178,2859,3319,4709,1469,ITI,ITI3,11,Marche
2021-04-01,TOS,26901,11106,15795,16299,10602,ITI,ITI1,9,Toscana
2021-01-20,PAT,291,73,218,279,12,ITH,ITH2,4,Provincia Autonoma Trento
2021-02-20,SAR,2041,855,1186,1707,334,ITG,ITG2,20,Sardegna
2021-05-05,FVG,9704,4229,5475,6263,3441,ITH,ITH4,6,Friuli-Venezia Giulia
2021-05-22,CAM,67828,32437,35391,46439,21389,ITF,ITF3,15,Campania
2021-05-27,MAR,13580,6752,6828,9345,4235,ITI,ITI3,11,Marche
2021-01-22,MAR,487,167,320,194,293,ITI,ITI3,11,Marche
2021-02-22,VEN,7013,3040,3973,6626,387,ITH,ITH3,5,Veneto
2021-01-27,PAB,84,28,56,1,83,ITH,ITH1,4,Provincia Autonoma Bolzano / Bozen
2021-02-12,LIG,1931,691,1240,899,1032,ITC,ITC3,7,Liguria
2021-03-03,MAR,6644,3047,3597,5762,882,ITI,ITI3,11,Marche
2021-03-09,PAB,1194,543,651,1192,2,ITH,ITH1,4,Provincia Autonoma Bolzano / Bozen
2021-03-23,LOM,42516,15403,27113,29639,12877,ITC,ITC4,3,Lombardia
2021-03-31,MAR,7374,3087,4287,4350,3024,ITI,ITI3,11,Marche
2021-01-02,PAT,502,143,359,502,0,ITH,ITH2,4,Provincia Autonoma Trento
2021-02-05,LOM,25601,7437,18164,2383,23218,ITC,ITC4,3,Lombardia
2021-02-15,SAR,958,349,609,927,31,ITG,ITG2,20,Sardegna
2021-02-26,LIG,3767,1524,2243,3439,328,ITC,ITC3,7,Liguria
2021-04-14,ABR,6502,2896,3606,4423,2079,ITF,ITF1,13,Abruzzo
2021-03-11,PUG,14377,6192,8185,11269,3108,ITF,ITF4,16,Puglia
2021-03-13,PIE,13042,4720,8322,11598,1444,ITC,ITC1,1,Piemonte
2021-05-09,LOM,69512,32810,36702,56428,13084,ITC,ITC4,3,Lombardia
2021-02-21,TOS,5105,2089,3016,4935,170,ITI,ITI1,9,Toscana
2021-03-04,UMB,4485,1853,2632,3657,828,ITI,ITI2,10,Umbria
2021-04-09,BAS,1152,350,802,1089,63,ITF,ITF5,17,Basilicata
2021-04-16,CAM,34301,16552,17749,23643,10658,ITF,ITF3,15,Campania
2021-05-23,EMR,25307,11775,13532,13771,11536,ITH,ITH5,8,Emilia-Romagna
2021-02-21,PAT,155,92,63,43,112,ITH,ITH2,4,Provincia Autonoma Trento
2021-03-31,SIC,14606,6750,7856,9578,5028,ITG,ITG1,19,Sicilia
2021-05-08,PAB,4416,2379,2037,3758,658,ITH,ITH1,4,Provincia Autonoma Bolzano / Bozen
2021-02-10,CAL,2509,1077,1432,884,1625,ITF,ITF6,18,Calabria
2021-02-13,UMB,115,28,87,112,3,ITI,ITI2,10,Umbria
2021-03-02,PIE,11200,4505,6695,10384,816,ITC,ITC1,1,Piemonte
2021-05-18,MOL,1645,877,768,990,655,ITF,ITF2,14,Molise
2021-01-11,PAT,730,221,509,730,0,ITH,ITH2,4,Provincia Autonoma Trento
2021-04-12,PAB,2105,946,1159,2098,7,ITH,ITH1,4,Provincia Autonoma Bolzano / Bozen
2021-04-23,VDA,921,443,478,538,383,ITC,ITC2,2,Valle d'Aosta / Vallée d'Aoste
2021-04-26,LOM,87923,40915,47008,68764,19159,ITC,ITC4,3,Lombardia
2021-03-20,LIG,2316,995,1321,1142,1174,ITC,ITC3,7,Liguria
2021-04-08,EMR,30825,14130,16695,25525,5300,ITH,ITH5,8,Emilia-Romagna
2021-04-30,LIG,14321,6382,7939,5752,8569,ITC,ITC3,7,Liguria
2021-05-06,EMR,35426,16373,19053,22400,13026,ITH,ITH5,8,Emilia-Romagna
2021-03-23,SAR,6156,2639,3517,5078,1078,ITG,ITG2,20,Sardegna
2021-05-20,SIC,43492,20773,22719,27651,15841,ITG,ITG1,19,Sicilia
2021-01-05,VEN,7330,2182,5148,7330,0,ITH,ITH3,5,Veneto
2021-01-30,SIC,7838,3571,4267,174,7664,ITG,ITG1,19,Sicilia
2021-02-07,MOL,66,32,34,19,47,ITF,ITF2,14,Molise
2021-02-14,LAZ,5773,2370,3403,5303,470,ITI,ITI4,12,Lazio
2021-03-03,FVG,3639,1627,2012,2365,1274,ITH,ITH4,6,Friuli-Venezia Giulia
2021-03-13,ABR,4124,1420,2704,3082,1042,ITF,ITF1,13,Abruzzo
2020-12-27,PUG,509,252,257,509,0,ITF,ITF4,16,Puglia
2021-05-12,ABR,9616,4586,5030,6046,3570,ITF,ITF1,13,Abruzzo
2021-03-30,LIG,12147,5379,6768,8758,3389,ITC,ITC3,7,Liguria
2021-01-14,SIC,5261,2521,2740,5261,0,ITG,ITG1,19,Sicilia
2021-03-12,ABR,6014,1985,4029,4432,1582,ITF,ITF1,13,Abruzzo
2021-02-16,MOL,156,70,86,150,6,ITF,ITF2,14,Molise
2021-03-20,MOL,2321,968,1353,1000,1321,ITF,ITF2,14,Molise
2021-04-08,PAB,2754,1336,1418,2551,203,ITH,ITH1,4,Provincia Autonoma Bolzano / Bozen
2021-03-16,MAR,3471,1485,1986,290,3181,ITI,ITI3,11,Marche
2021-03-21,SIC,15207,7330,7877,11236,3971,ITG,ITG1,19,Sicilia
2020-12-27,SAR,65,34,31,65,0,ITG,ITG2,20,Sardegna
2021-03-02,CAM,12756,4554,8202,8411,4345,ITF,ITF3,15,Campania
2021-04-01,EMR,23875,10729,13146,19339,4536,ITH,ITH5,8,Emilia-Romagna
2021-01-06,CAL,928,501,427,928,0,ITF,ITF6,18,Calabria
2021-01-17,PIE,3518,1168,2350,2870,648,ITC,ITC1,1,Piemonte
2021-04-22,LIG,13823,6196,7627,8749,5074,ITC,ITC3,7,Liguria
2021-04-27,VEN,28096,12745,15351,21178,6918,ITH,ITH3,5,Veneto
2021-01-26,PIE,6331,1879,4452,735,5596,ITC,ITC1,1,Piemonte
2021-02-17,MOL,72,32,40,57,15,ITF,ITF2,14,Molise
2021-03-22,CAM,12740,5920,6820,10700,2040,ITF,ITF3,15,Campania
2021-03-31,CAM,22682,10906,11776,19243,3439,ITF,ITF3,15,Campania
2021-04-01,LOM,42904,17206,25698,26740,16164,ITC,ITC4,3,Lombardia
2021-04-18,PUG,22526,10769,11757,21463,1063,ITF,ITF4,16,Puglia
2021-04-20,VDA,932,430,502,738,194,ITC,ITC2,2,Valle d'Aosta / Vallée d'Aoste
2020-12-27,FVG,262,149,113,262,0,ITH,ITH4,6,Friuli-Venezia Giulia
2021-01-20,VEN,1038,368,670,386,652,ITH,ITH3,5,Veneto
2021-02-12,UMB,671,224,447,665,6,ITI,ITI2,10,Umbria
2021-03-06,FVG,3496,1195,2301,3171,325,ITH,ITH4,6,Friuli-Venezia Giulia
2021-03-10,LIG,5878,2840,3038,3972,1906,ITC,ITC3,7,Liguria
2021-01-10,TOS,3001,1104,1897,3001,0,ITI,ITI1,9,Toscana
2021-03-06,LOM,21317,9087,12230,16801,4516,ITC,ITC4,3,Lombardia
2021-04-02,ABR,6684,3093,3591,5197,1487,ITF,ITF1,13,Abruzzo
2021-01-18,LOM,9156,2968,6188,8175,981,ITC,ITC4,3,Lombardia
2021-03-12,VDA,531,175,356,305,226,ITC,ITC2,2,Valle d'Aosta / Vallée d'Aoste
2021-04-26,PIE,19746,8729,11017,15351,4395,ITC,ITC1,1,Piemonte
2021-01-05,LOM,7821,2566,5255,7821,0,ITC,ITC4,3,Lombardia
2021-04-04,ABR,1630,767,863,1501,129,ITF,ITF1,13,Abruzzo
2021-05-09,SAR,6125,2873,3252,5195,930,ITG,ITG2,20,Sardegna
2021-02-02,FVG,2467,806,1661,217,2250,ITH,ITH4,6,Friuli-Venezia Giulia
2021-03-26,ABR,5305,2263,3042,3231,2074,ITF,ITF1,13,Abruzzo
2020-12-27,PAT,103,40,63,103,0,ITH,ITH2,4,Provincia Autonoma Trento
2021-01-19,EMR,2045,505,1540,2028,17,ITH,ITH5,8,Emilia-Romagna
2021-03-08,LIG,5622,2456,3166,3933,1689,ITC,ITC3,7,Liguria
2021-05-26,UMB,9553,4521,5032,8345,1208,ITI,ITI2,10,Umbria
2021-01-18,EMR,3127,879,2248,2449,678,ITH,ITH5,8,Emilia-Romagna
2021-01-23,CAM,3838,2028,1810,273,3565,ITF,ITF3,15,Campania
2021-01-16,ABR,928,428,500,928,0,ITF,ITF1,13,Abruzzo
2021-01-27,VEN,7138,2062,5076,241,6897,ITH,ITH3,5,Veneto
2021-03-17,CAM,11588,5099,6489,5008,6580,ITF,ITF3,15,Campania
2021-04-28,ABR,9513,4586,4927,7489,2024,ITF,ITF1,13,Abruzzo
2021-04-28,VDA,1218,632,586,715,503,ITC,ITC2,2,Valle d'Aosta / Vallée d'Aoste
2021-01-24,SIC,4307,2251,2056,142,4165,ITG,ITG1,19,Sicilia
2021-01-26,UMB,816,390,426,18,798,ITI,ITI2,10,Umbria
2021-03-27,LIG,3921,1538,2383,2525,1396,ITC,ITC3,7,Liguria
2021-04-03,SAR,4662,1801,2861,2695,1967,ITG,ITG2,20,Sardegna
2021-04-27,CAL,9934,4889,5045,7990,1944,ITF,ITF6,18,Calabria
2021-05-06,LAZ,48616,22612,26004,31096,17520,ITI,ITI4,12,Lazio
2021-03-01,CAL,2723,1545,1178,2269,454,ITF,ITF6,18,Calabria
2021-04-02,VDA,873,344,529,648,225,ITC,ITC2,2,Valle d'Aosta / Vallée d'Aoste
2021-04-14,MAR,10215,4564,5651,9843,372,ITI,ITI3,11,Marche
2021-05-07,LIG,13564,6024,7540,5799,7765,ITC,ITC3,7,Liguria
2021-04-17,FVG,7447,3232,4215,5965,1482,ITH,ITH4,6,Friuli-Venezia Giulia
2021-04-18,PAT,1854,844,1010,1845,9,ITH,ITH2,4,Provincia Autonoma Trento
2021-04-29,LAZ,38511,17181,21330,25303,13208,ITI,ITI4,12,Lazio
2021-02-02,SAR,1482,655,827,241,1241,ITG,ITG2,20,Sardegna
2021-02-22,LOM,11894,4808,7086,11586,308,ITC,ITC4,3,Lombardia
2021-01-20,SAR,210,77,133,208,2,ITG,ITG2,20,Sardegna
2021-01-22,UMB,276,105,171,32,244,ITI,ITI2,10,Umbria
2021-02-22,MAR,3414,1500,1914,3338,76,ITI,ITI3,11,Marche
2021-03-27,CAM,21271,10030,11241,17407,3864,ITF,ITF3,15,Campania
2021-01-12,VDA,302,72,230,302,0,ITC,ITC2,2,Valle d'Aosta / Vallée d'Aoste
2021-01-15,PAT,595,132,463,595,0,ITH,ITH2,4,Provincia Autonoma Trento
2021-03-27,LOM,32348,12325,20023,23717,8631,ITC,ITC4,3,Lombardia
2021-04-04,MAR,3824,1792,2032,2655,1169,ITI,ITI3,11,Marche
2021-04-08,PIE,25142,10929,14213,20412,4730,ITC,ITC1,1,Piemonte
2021-04-22,FVG,6755,3073,3682,3079,3676,ITH,ITH4,6,Friuli-Venezia Giulia
2021-05-18,VEN,26568,12386,14182,13205,13363,ITH,ITH3,5,Veneto
2021-01-31,UMB,1058,276,782,25,1033,ITI,ITI2,10,Umbria
2021-04-10,MAR,10917,4620,6297,10603,314,ITI,ITI3,11,Marche
2021-04-17,LIG,7382,3217,4165,6632,750,ITC,ITC3,7,Liguria
2021-05-07,FVG,10522,4807,5715,7055,3467,ITH,ITH4,6,Friuli-Venezia Giulia
2021-01-05,SAR,1327,446,881,1327,0,ITG,ITG2,20,Sardegna
2021-03-31,LIG,11844,5207,6637,9074,2770,ITC,ITC3,7,Liguria
2021-01-03,UMB,270,112,158,270,0,ITI,ITI2,10,Umbria
2021-05-21,SAR,20258,9876,10382,14812,5446,ITG,ITG2,20,Sardegna
2021-02-11,MAR,1987,657,1330,1598,389,ITI,ITI3,11,Marche
2021-03-02,PAB,695,200,495,693,2,ITH,ITH1,4,Provincia Autonoma Bolzano / Bozen
2021-05-03,BAS,4514,2044,2470,3687,827,ITF,ITF5,17,Basilicata
2021-05-23,UMB,5067,1855,3212,652,4415,ITI,ITI2,10,Umbria
2021-01-20,TOS,1331,637,694,1083,248,ITI,ITI1,9,Toscana
2021-02-06,FVG,1154,338,816,22,1132,ITH,ITH4,6,Friuli-Venezia Giulia
2021-01-13,SIC,5266,2492,2774,5266,0,ITG,ITG1,19,Sicilia
2021-02-24,MOL,666,278,388,333,333,ITF,ITF2,14,Molise
2021-03-04,BAS,1877,892,985,1082,795,ITF,ITF5,17,Basilicata
2021-02-10,PIE,7534,2371,5163,1316,6218,ITC,ITC1,1,Piemonte
2021-03-04,SIC,15199,6554,8645,11000,4199,ITG,ITG1,19,Sicilia
2021-03-05,SIC,15880,6839,9041,11561,4319,ITG,ITG1,19,Sicilia
2021-04-03,LOM,36219,14853,21366,26159,10060,ITC,ITC4,3,Lombardia
2021-01-16,LOM,15417,5725,9692,15417,0,ITC,ITC4,3,Lombardia
2021-02-23,SIC,8910,4671,4239,8447,463,ITG,ITG1,19,Sicilia
2021-03-08,UMB,3672,1801,1871,2309,1363,ITI,ITI2,10,Umbria
2021-02-14,BAS,151,48,103,151,0,ITF,ITF5,17,Basilicata
2021-04-02,MAR,6875,2973,3902,6135,740,ITI,ITI3,11,Marche
2021-04-08,LIG,13727,6157,7570,11683,2044,ITC,ITC3,7,Liguria
2021-04-17,UMB,6664,3058,3606,5324,1340,ITI,ITI2,10,Umbria
2021-05-01,FVG,7183,3243,3940,6140,1043,ITH,ITH4,6,Friuli-Venezia Giulia
2021-05-12,BAS,4721,2324,2397,2839,1882,ITF,ITF5,17,Basilicata
2021-02-17,CAL,1831,796,1035,1620,211,ITF,ITF6,18,Calabria
2021-02-17,PUG,4272,1744,2528,3670,602,ITF,ITF4,16,Puglia
2021-04-18,SAR,5155,2239,2916,2287,2868,ITG,ITG2,20,Sardegna
2021-04-18,VEN,17518,7255,10263,9946,7572,ITH,ITH3,5,Veneto
2020-12-27,VEN,880,395,485,880,0,ITH,ITH3,5,Veneto
2021-01-02,LAZ,6707,2631,4076,6707,0,ITI,ITI4,12,Lazio
2021-05-09,PAT,2322,1210,1112,1978,344,ITH,ITH2,4,Provincia Autonoma Trento
2021-01-22,FVG,90,30,60,0,90,ITH,ITH4,6,Friuli-Venezia Giulia
2021-02-22,ABR,2642,1173,1469,2612,30,ITF,ITF1,13,Abruzzo
2021-05-09,PUG,30423,12464,17959,14898,15525,ITF,ITF4,16,Puglia
2021-05-24,EMR,27553,12526,15027,16388,11165,ITH,ITH5,8,Emilia-Romagna
2021-01-10,PAB,2,2,0,2,0,ITH,ITH1,4,Provincia Autonoma Bolzano / Bozen
2021-03-24,PAT,2376,940,1436,1556,820,ITH,ITH2,4,Provincia Autonoma Trento
2021-04-10,ABR,8772,4057,4715,6264,2508,ITF,ITF1,13,Abruzzo
2021-05-07,UMB,10097,4692,5405,6898,3199,ITI,ITI2,10,Umbria
2021-01-04,EMR,7310,2526,4784,7310,0,ITH,ITH5,8,Emilia-Romagna
2021-03-02,LIG,4074,1689,2385,3764,310,ITC,ITC3,7,Liguria
2021-03-09,LAZ,20870,8938,11932,15673,5197,ITI,ITI4,12,Lazio
2021-04-16,FVG,6910,2995,3915,4987,1923,ITH,ITH4,6,Friuli-Venezia Giulia
2021-05-06,SIC,29006,13729,15277,18423,10583,ITG,ITG1,19,Sicilia
2021-04-13,UMB,7674,3397,4277,6005,1669,ITI,ITI2,10,Umbria
2021-05-04,PAT,4474,2422,2052,4384,90,ITH,ITH2,4,Provincia Autonoma Trento
2021-02-02,VEN,6506,1876,4630,394,6112,ITH,ITH3,5,Veneto
2021-03-31,PAB,1831,693,1138,820,1011,ITH,ITH1,4,Provincia Autonoma Bolzano / Bozen
2021-04-21,PAT,2893,1349,1544,2843,50,ITH,ITH2,4,Provincia Autonoma Trento
2021-03-12,EMR,18110,7550,10560,11393,6717,ITH,ITH5,8,Emilia-Romagna
2021-04-24,PIE,27427,12411,15016,21795,5632,ITC,ITC1,1,Piemonte
2021-05-17,CAM,49217,21606,27611,24078,25139,ITF,ITF3,15,Campania
2021-05-21,VEN,44284,21730,22554,20800,23484,ITH,ITH3,5,Veneto
2021-03-14,PIE,8204,3335,4869,5308,2896,ITC,ITC1,1,Piemonte
2021-03-23,PUG,10411,4999,5412,3941,6470,ITF,ITF4,16,Puglia
2021-01-12,MAR,1226,413,813,1226,0,ITI,ITI3,11,Marche
2021-01-27,SAR,1409,494,915,79,1330,ITG,ITG2,20,Sardegna
2021-02-19,BAS,1622,737,885,1560,62,ITF,ITF5,17,Basilicata
2021-04-03,CAL,8858,3800,5058,4239,4619,ITF,ITF6,18,Calabria
2021-04-28,BAS,4707,2158,2549,4266,441,ITF,ITF5,17,Basilicata
2021-02-11,ABR,815,261,554,772,43,ITF,ITF1,13,Abruzzo
2021-01-08,BAS,554,219,335,554,0,ITF,ITF5,17,Basilicata
2021-02-20,BAS,1161,531,630,1043,118,ITF,ITF5,17,Basilicata
2021-03-26,BAS,1957,703,1254,1696,261,ITF,ITF5,17,Basilicata
2021-04-29,SIC,31673,14759,16914,22327,9346,ITG,ITG1,19,Sicilia
2021-05-07,PAB,4180,2055,2125,3662,518,ITH,ITH1,4,Provincia Autonoma Bolzano / Bozen
2021-05-26,SAR,14203,7060,7143,9744,4459,ITG,ITG2,20,Sardegna
2021-01-09,MOL,450,152,298,450,0,ITF,ITF2,14,Molise
2021-01-14,LAZ,5456,2136,3320,5456,0,ITI,ITI4,12,Lazio
2021-03-01,LIG,3507,1430,2077,3385,122,ITC,ITC3,7,Liguria
2021-03-16,VDA,180,37,143,118,62,ITC,ITC2,2,Valle d'Aosta / Vallée d'Aoste
2021-04-18,FVG,6038,2799,3239,5631,407,ITH,ITH4,6,Friuli-Venezia Giulia
2021-02-17,PAT,1110,425,685,1020,90,ITH,ITH2,4,Provincia Autonoma Trento
2021-03-16,ABR,3484,1452,2032,1830,1654,ITF,ITF1,13,Abruzzo
2021-05-14,MOL,2643,1214,1429,1925,718,ITF,ITF2,14,Molise
2021-02-03,EMR,9355,2995,6360,984,8371,ITH,ITH5,8,Emilia-Romagna
2021-03-08,PAB,1200,526,674,1173,27,ITH,ITH1,4,Provincia Autonoma Bolzano / Bozen
2021-03-23,FVG,3753,1558,2195,1613,2140,ITH,ITH4,6,Friuli-Venezia Giulia
2021-03-24,FVG,3766,1530,2236,2286,1480,ITH,ITH4,6,Friuli-Venezia Giulia
2021-04-03,VEN,21907,9612,12295,14191,7716,ITH,ITH3,5,Veneto
2021-04-19,SIC,18479,8738,9741,12772,5707,ITG,ITG1,19,Sicilia
2021-03-01,CAM,12130,4247,7883,8017,4113,ITF,ITF3,15,Campania
2021-02-04,CAM,7943,3429,4514,1308,6635,ITF,ITF3,15,Campania
2021-03-30,UMB,3948,1705,2243,2416,1532,ITI,ITI2,10,Umbria
2021-03-17,PIE,12518,5055,7463,5224,7294,ITC,ITC1,1,Piemonte
2021-04-04,VDA,572,253,319,571,1,ITC,ITC2,2,Valle d'Aosta / Vallée d'Aoste
2021-02-04,PIE,10203,3339,6864,588,9615,ITC,ITC1,1,Piemonte
2021-03-07,MAR,5182,2108,3074,4428,754,ITI,ITI3,11,Marche
2021-05-26,VEN,29136,14204,14932,13400,15736,ITH,ITH3,5,Veneto
2021-01-31,PIE,4113,1753,2360,112,4001,ITC,ITC1,1,Piemonte
2021-04-21,PUG,23031,10624,12407,19298,3733,ITF,ITF4,16,Puglia
2021-04-30,LOM,116884,54635,62249,89693,27191,ITC,ITC4,3,Lombardia
2021-01-03,EMR,2762,943,1819,2762,0,ITH,ITH5,8,Emilia-Romagna
2021-01-20,UMB,613,222,391,613,0,ITI,ITI2,10,Umbria
2021-03-01,LOM,18797,8232,10565,17092,1705,ITC,ITC4,3,Lombardia
2021-03-04,LAZ,18653,8014,10639,13637,5016,ITI,ITI4,12,Lazio
2021-04-15,LOM,49375,21834,27541,35565,13810,ITC,ITC4,3,Lombardia
2021-05-02,LIG,3872,1768,2104,500,3372,ITC,ITC3,7,Liguria
2021-05-26,FVG,12235,6072,6163,9057,3178,ITH,ITH4,6,Friuli-Venezia Giulia
2021-01-16,EMR,5626,1718,3908,5626,0,ITH,ITH5,8,Emilia-Romagna
2021-02-11,VDA,231,107,124,222,9,ITC,ITC2,2,Valle d'Aosta / Vallée d'Aoste
2021-03-23,PAT,2444,943,1501,1704,740,ITH,ITH2,4,Provincia Autonoma Trento
2021-03-24,PUG,12975,5982,6993,5719,7256,ITF,ITF4,16,Puglia
2021-05-08,PIE,33840,16055,17785,18214,15626,ITC,ITC1,1,Piemonte
2021-05-08,UMB,8099,3729,4370,4904,3195,ITI,ITI2,10,Umbria
2021-01-06,LOM,7061,2492,4569,7061,0,ITC,ITC4,3,Lombardia
2021-01-20,PAB,617,252,365,409,208,ITH,ITH1,4,Provincia Autonoma Bolzano / Bozen
2021-01-28,TOS,6282,1882,4400,354,5928,ITI,ITI1,9,Toscana
2021-03-26,VDA,498,204,294,491,7,ITC,ITC2,2,Valle d'Aosta / Vallée d'Aoste
2021-04-05,BAS,723,233,490,421,302,ITF,ITF5,17,Basilicata
2021-05-04,PUG,34749,14654,20095,18369,16380,ITF,ITF4,16,Puglia
2021-02-18,PIE,4789,2093,2696,4359,430,ITC,ITC1,1,Piemonte
2021-05-15,MAR,13967,6376,7591,8076,5891,ITI,ITI3,11,Marche
2021-01-23,UMB,280,100,180,2,278,ITI,ITI2,10,Umbria
2021-02-02,MAR,1193,397,796,73,1120,ITI,ITI3,11,Marche
2021-04-07,PAB,1777,802,975,1238,539,ITH,ITH1,4,Provincia Autonoma Bolzano / Bozen
2021-04-09,EMR,25504,11566,13938,19813,5691,ITH,ITH5,8,Emilia-Romagna
2021-05-19,CAM,51008,22493,28515,34514,16494,ITF,ITF3,15,Campania
2021-01-11,TOS,5094,1691,3403,5094,0,ITI,ITI1,9,Toscana
2021-03-22,LIG,7667,3401,4266,4731,2936,ITC,ITC3,7,Liguria
2021-04-03,MAR,7573,3204,4369,6903,670,ITI,ITI3,11,Marche
2021-02-25,SIC,10120,5247,4873,8954,1166,ITG,ITG1,19,Sicilia
2021-03-20,CAM,13880,6428,7452,10141,3739,ITF,ITF3,15,Campania
2021-05-05,UMB,7173,3284,3889,3877,3296,ITI,ITI2,10,Umbria
2021-04-15,ABR,7777,3644,4133,5937,1840,ITF,ITF1,13,Abruzzo
2021-05-21,ABR,13004,6328,6676,8028,4976,ITF,ITF1,13,Abruzzo
2020-12-30,PIE,730,322,408,730,0,ITC,ITC1,1,Piemonte
2021-02-15,CAM,5470,2516,2954,5297,173,ITF,ITF3,15,Campania
2021-04-25,BAS,2985,1458,1527,2932,53,ITF,ITF5,17,Basilicata
2021-05-25,VDA,1115,530,585,541,574,ITC,ITC2,2,Valle d'Aosta / Vallée d'Aoste
2021-01-04,BAS,607,271,336,607,0,ITF,ITF5,17,Basilicata
2021-04-06,PAB,2249,1117,1132,2146,103,ITH,ITH1,4,Provincia Autonoma Bolzano / Bozen
2021-04-23,LAZ,37619,18054,19565,22385,15234,ITI,ITI4,12,Lazio
2021-01-23,PAB,197,117,80,0,197,ITH,ITH1,4,Provincia Autonoma Bolzano / Bozen
2020-12-27,VDA,20,9,11,20,0,ITC,ITC2,2,Valle d'Aosta / Vallée d'Aoste
2021-01-06,ABR,1830,664,1166,1830,0,ITF,ITF1,13,Abruzzo
2021-01-31,FVG,2715,836,1879,385,2330,ITH,ITH4,6,Friuli-Venezia Giulia
2021-05-05,PAB,4154,1945,2209,2038,2116,ITH,ITH1,4,Provincia Autonoma Bolzano / Bozen
2021-01-04,LAZ,7481,2908,4573,7481,0,ITI,ITI4,12,Lazio
2021-02-08,MAR,833,258,575,371,462,ITI,ITI3,11,Marche
2021-04-08,FVG,7207,3014,4193,5287,1920,ITH,ITH4,6,Friuli-Venezia Giulia
2021-05-24,LAZ,42717,19112,23605,33980,8737,ITI,ITI4,12,Lazio
2021-03-08,EMR,12173,5062,7111,9500,2673,ITH,ITH5,8,Emilia-Romagna
2021-05-01,MAR,9318,3924,5394,3576,5742,ITI,ITI3,11,Marche
2021-05-16,EMR,25644,12079,13565,18547,7097,ITH,ITH5,8,Emilia-Romagna
2021-01-28,SAR,2969,1045,1924,69,2900,ITG,ITG2,20,Sardegna
2021-02-07,CAM,2929,1382,1547,2158,771,ITF,ITF3,15,Campania
2021-02-09,CAM,4643,2202,2441,4391,252,ITF,ITF3,15,Campania
2021-02-27,PAB,2458,759,1699,2448,10,ITH,ITH1,4,Provincia Autonoma Bolzano / Bozen
2021-05-18,MAR,11063,5257,5806,7658,3405,ITI,ITI3,11,Marche
2021-03-17,FVG,3231,1265,1966,743,2488,ITH,ITH4,6,Friuli-Venezia Giulia
2021-01-15,EMR,7745,2403,5342,7745,0,ITH,ITH5,8,Emilia-Romagna
2021-01-15,VDA,218,82,136,218,0,ITC,ITC2,2,Valle d'Aosta / Vallée d'Aoste
2021-04-24,SAR,10367,4851,5516,8028,2339,ITG,ITG2,20,Sardegna
2021-04-25,SIC,21347,10181,11166,16371,4976,ITG,ITG1,19,Sicilia
2021-05-06,MOL,2679,1214,1465,2081,598,ITF,ITF2,14,Molise
2021-02-01,LAZ,5675,2177,3498,354,5321,ITI,ITI4,12,Lazio
2021-03-17,LIG,5553,2369,3184,2474,3079,ITC,ITC3,7,Liguria
2021-04-01,VDA,776,394,382,764,12,ITC,ITC2,2,Valle d'Aosta / Vallée d'Aoste
2021-05-23,FVG,10241,4839,5402,6108,4133,ITH,ITH4,6,Friuli-Venezia Giulia
2021-01-07,LAZ,7746,2902,4844,7746,0,ITI,ITI4,12,Lazio
2021-01-25,PAB,487,183,304,3,484,ITH,ITH1,4,Provincia Autonoma Bolzano / Bozen
2021-02-10,FVG,1352,496,856,1266,86,ITH,ITH4,6,Friuli-Venezia Giulia
2021-04-03,ABR,5084,2220,2864,3488,1596,ITF,ITF1,13,Abruzzo
2021-01-17,PAB,2328,1044,1284,2317,11,ITH,ITH1,4,Provincia Autonoma Bolzano / Bozen
2021-04-11,TOS,3642,1679,1963,3487,155,ITI,ITI1,9,Toscana
2021-04-21,VEN,32298,13171,19127,16228,16070,ITH,ITH3,5,Veneto
2021-02-01,BAS,242,91,151,46,196,ITF,ITF5,17,Basilicata
2021-01-05,MAR,1562,586,976,1562,0,ITI,ITI3,11,Marche
2021-03-19,PIE,11019,4511,6508,4414,6605,ITC,ITC1,1,Piemonte
2021-05-13,CAM,55380,24807,30573,39391,15989,ITF,ITF3,15,Campania
2021-05-25,EMR,24603,10976,13627,11505,13098,ITH,ITH5,8,Emilia-Romagna
2021-05-24,BAS,4825,2341,2484,1104,3721,ITF,ITF5,17,Basilicata
2021-01-10,SAR,2183,750,1433,2183,0,ITG,ITG2,20,Sardegna
2021-01-26,FVG,1977,647,1330,217,1760,ITH,ITH4,6,Friuli-Venezia Giulia
2021-04-15,EMR,29016,13807,15209,19346,9670,ITH,ITH5,8,Emilia-Romagna
2021-04-27,PUG,26486,11992,14494,20899,5587,ITF,ITF4,16,Puglia
2021-04-29,MOL,2237,1144,1093,890,1347,ITF,ITF2,14,Molise
2021-05-04,LOM,86754,41044,45710,72400,14354,ITC,ITC4,3,Lombardia
2021-01-27,MAR,2118,780,1338,122,1996,ITI,ITI3,11,Marche
2021-01-28,VEN,9209,2662,6547,173,9036,ITH,ITH3,5,Veneto
2021-02-09,LIG,1937,690,1247,257,1680,ITC,ITC3,7,Liguria
2021-03-10,FVG,3358,1493,1865,1566,1792,ITH,ITH4,6,Friuli-Venezia Giulia
2021-03-27,FVG,4984,2560,2424,3573,1411,ITH,ITH4,6,Friuli-Venezia Giulia
2021-03-30,EMR,23286,10292,12994,18249,5037,ITH,ITH5,8,Emilia-Romagna
2021-04-27,PAT,3879,1865,2014,3812,67,ITH,ITH2,4,Provincia Autonoma Trento
2021-03-03,SIC,14678,6528,8150,11590,3088,ITG,ITG1,19,Sicilia
2021-04-01,BAS,2809,1134,1675,2092,717,ITF,ITF5,17,Basilicata
2021-04-09,LOM,52217,22287,29930,36222,15995,ITC,ITC4,3,Lombardia
2021-05-02,EMR,25446,11591,13855,13459,11987,ITH,ITH5,8,Emilia-Romagna
2021-05-05,VEN,43850,21038,22812,37339,6511,ITH,ITH3,5,Veneto
2021-02-04,UMB,733,226,507,25,708,ITI,ITI2,10,Umbria
2021-03-17,SAR,6556,2849,3707,4949,1607,ITG,ITG2,20,Sardegna
2021-03-20,LOM,32512,12152,20360,22660,9852,ITC,ITC4,3,Lombardia
2021-04-08,UMB,5832,2465,3367,4037,1795,ITI,ITI2,10,Umbria
2021-05-21,VDA,917,433,484,531,386,ITC,ITC2,2,Valle d'Aosta / Vallée d'Aoste
2020-12-31,CAM,1490,811,679,1490,0,ITF,ITF3,15,Campania
2021-01-30,MOL,461,158,303,12,449,ITF,ITF2,14,Molise
2021-02-04,PAB,1958,593,1365,8,1950,ITH,ITH1,4,Provincia Autonoma Bolzano / Bozen
2021-02-21,CAL,609,286,323,532,77,ITF,ITF6,18,Calabria
2021-03-02,UMB,3642,1346,2296,3638,4,ITI,ITI2,10,Umbria
2021-04-24,FVG,6674,2945,3729,5432,1242,ITH,ITH4,6,Friuli-Venezia Giulia
2021-05-04,EMR,28553,13376,15177,14900,13653,ITH,ITH5,8,Emilia-Romagna
2021-05-09,VEN,34911,16050,18861,24856,10055,ITH,ITH3,5,Veneto
2021-05-13,LIG,13038,5850,7188,8823,4215,ITC,ITC3,7,Liguria
2021-05-20,MOL,2528,1284,1244,2397,131,ITF,ITF2,14,Molise
2021-01-04,SIC,8397,4187,4210,8397,0,ITG,ITG1,19,Sicilia
2021-01-29,EMR,10413,3497,6916,290,10123,ITH,ITH5,8,Emilia-Romagna
2021-02-01,SIC,6071,2681,3390,301,5770,ITG,ITG1,19,Sicilia
2021-03-25,MOL,1806,730,1076,1309,497,ITF,ITF2,14,Molise
2021-03-28,PIE,16053,6899,9154,8433,7620,ITC,ITC1,1,Piemonte
2021-04-07,TOS,35635,15293,20342,28387,7248,ITI,ITI1,9,Toscana
2021-04-24,VEN,24730,10818,13912,15652,9078,ITH,ITH3,5,Veneto
2021-04-08,VEN,32309,14343,17966,24436,7873,ITH,ITH3,5,Veneto
2021-04-24,PUG,29210,13299,15911,25260,3950,ITF,ITF4,16,Puglia
2021-03-11,LAZ,23785,10572,13213,17556,6229,ITI,ITI4,12,Lazio
2021-05-01,VDA,938,562,376,454,484,ITC,ITC2,2,Valle d'Aosta / Vallée d'Aoste
2021-05-11,MOL,3205,1413,1792,2955,250,ITF,ITF2,14,Molise
2021-05-16,LOM,68448,32390,36058,36484,31964,ITC,ITC4,3,Lombardia
2021-02-15,LIG,2263,839,1424,1866,397,ITC,ITC3,7,Liguria
2021-04-05,LAZ,19889,9047,10842,13670,6219,ITI,ITI4,12,Lazio
2021-05-05,SAR,10044,4591,5453,8036,2008,ITG,ITG2,20,Sardegna
2021-03-12,BAS,1899,976,923,800,1099,ITF,ITF5,17,Basilicata
2021-03-19,CAM,11036,4870,6166,7165,3871,ITF,ITF3,15,Campania
2021-05-13,PIE,35347,17259,18088,20519,14828,ITC,ITC1,1,Piemonte
2021-01-28,PAB,871,308,563,10,861,ITH,ITH1,4,Provincia Autonoma Bolzano / Bozen
2021-03-14,PUG,3318,1429,1889,2507,811,ITF,ITF4,16,Puglia
2021-03-28,CAM,15551,7499,8052,13928,1623,ITF,ITF3,15,Campania
2021-05-08,PAT,3151,1721,1430,2734,417,ITH,ITH2,4,Provincia Autonoma Trento
2021-02-16,CAL,1733,732,1001,1455,278,ITF,ITF6,18,Calabria
2021-03-18,MAR,3389,1475,1914,162,3227,ITI,ITI3,11,Marche
2021-03-22,PAB,1133,514,619,1129,4,ITH,ITH1,4,Provincia Autonoma Bolzano / Bozen
2021-01-05,ABR,1614,604,1010,1614,0,ITF,ITF1,13,Abruzzo
2021-01-19,BAS,199,84,115,199,0,ITF,ITF5,17,Basilicata
2021-02-16,PUG,3379,1452,1927,2735,644,ITF,ITF4,16,Puglia
2021-03-04,MOL,850,417,433,526,324,ITF,ITF2,14,Molise
2021-03-22,UMB,3559,1654,1905,2313,1246,ITI,ITI2,10,Umbria
2021-02-09,PAB,317,126,191,1,316,ITH,ITH1,4,Provincia Autonoma Bolzano / Bozen
2021-04-14,SIC,20293,9799,10494,11508,8785,ITG,ITG1,19,Sicilia
2021-04-21,FVG,7702,3439,4263,4022,3680,ITH,ITH4,6,Friuli-Venezia Giulia
2021-05-08,FVG,10243,4629,5614,5465,4778,ITH,ITH4,6,Friuli-Venezia Giulia
2021-01-08,PIE,5531,1761,3770,5531,0,ITC,ITC1,1,Piemonte
2021-04-23,SIC,28903,13851,15052,22956,5947,ITG,ITG1,19,Sicilia
2020-12-31,PIE,3909,1334,2575,3909,0,ITC,ITC1,1,Piemonte
2021-02-08,VDA,223,83,140,25,198,ITC,ITC2,2,Valle d'Aosta / Vallée d'Aoste
2021-03-31,UMB,3903,1733,2170,2216,1687,ITI,ITI2,10,Umbria
2021-02-12,EMR,5321,1679,3642,3918,1403,ITH,ITH5,8,Emilia-Romagna
2021-02-24,CAM,11787,4149,7638,11099,688,ITF,ITF3,15,Campania
2021-05-04,ABR,10723,5054,5669,7105,3618,ITF,ITF1,13,Abruzzo
2021-02-04,LIG,2817,986,1831,179,2638,ITC,ITC3,7,Liguria
2021-03-09,TOS,10674,4152,6522,5122,5552,ITI,ITI1,9,Toscana
2021-01-10,PAT,84,19,65,84,0,ITH,ITH2,4,Provincia Autonoma Trento
2021-01-14,MOL,646,239,407,646,0,ITF,ITF2,14,Molise
2021-02-25,MAR,3510,1434,2076,3331,179,ITI,ITI3,11,Marche
2021-03-14,SAR,607,376,231,607,0,ITG,ITG2,20,Sardegna
2021-02-20,LAZ,9203,4272,4931,8436,767,ITI,ITI4,12,Lazio
2021-04-06,CAM,24372,11421,12951,19851,4521,ITF,ITF3,15,Campania
2021-05-14,LIG,12881,5649,7232,8583,4298,ITC,ITC3,7,Liguria
2021-02-27,TOS,1981,754,1227,1079,902,ITI,ITI1,9,Toscana
2021-03-17,PAB,581,213,368,580,1,ITH,ITH1,4,Provincia Autonoma Bolzano / Bozen
2021-01-17,LIG,862,300,562,862,0,ITC,ITC3,7,Liguria
2021-02-28,LIG,1060,581,479,1051,9,ITC,ITC3,7,Liguria
2021-03-24,VDA,515,230,285,258,257,ITC,ITC2,2,Valle d'Aosta / Vallée d'Aoste
2021-04-06,PIE,20238,8809,11429,15042,5196,ITC,ITC1,1,Piemonte
2021-04-11,PAB,2720,1291,1429,2543,177,ITH,ITH1,4,Provincia Autonoma Bolzano / Bozen
2021-04-24,PAT,3507,1682,1825,3494,13,ITH,ITH2,4,Provincia Autonoma Trento
2020-12-30,LIG,12,5,7,12,0,ITC,ITC3,7,Liguria
2021-01-16,BAS,721,304,417,721,0,ITF,ITF5,17,Basilicata
2021-01-25,TOS,5127,1896,3231,248,4879,ITI,ITI1,9,Toscana
2021-01-28,UMB,1247,394,853,19,1228,ITI,ITI2,10,Umbria
2021-04-21,SAR,12069,5555,6514,6537,5532,ITG,ITG2,20,Sardegna
2021-05-14,CAM,60812,27470,33342,36324,24488,ITF,ITF3,15,Campania
2021-05-19,PIE,32828,15096,17732,21926,10902,ITC,ITC1,1,Piemonte
2020-12-27,MAR,200,97,103,200,0,ITI,ITI3,11,Marche
2021-01-10,VEN,5032,1671,3361,5032,0,ITH,ITH3,5,Veneto
2021-01-18,ABR,122,48,74,46,76,ITF,ITF1,13,Abruzzo
2021-02-28,CAM,10412,3206,7206,8512,1900,ITF,ITF3,15,Campania
2021-03-01,EMR,10092,3578,6514,7836,2256,ITH,ITH5,8,Emilia-Romagna
2021-03-14,PAT,107,65,42,20,87,ITH,ITH2,4,Provincia Autonoma Trento
2021-01-29,LOM,13439,4115,9324,654,12785,ITC,ITC4,3,Lombardia
2021-01-31,PAT,75,15,60,1,74,ITH,ITH2,4,Provincia Autonoma Trento
2021-04-12,TOS,2612,1183,1429,1958,654,ITI,ITI1,9,Toscana
2021-05-25,ABR,11216,5197,6019,8093,3123,ITF,ITF1,13,Abruzzo
2021-01-10,UMB,1070,277,793,1070,0,ITI,ITI2,10,Umbria
2021-02-07,PIE,3088,974,2114,445,2643,ITC,ITC1,1,Piemonte
2021-04-05,SIC,8025,3960,4065,6584,1441,ITG,ITG1,19,Sicilia
2021-04-30,EMR,36504,16733,19771,21722,14782,ITH,ITH5,8,Emilia-Romagna
2021-02-24,LOM,14676,5928,8748,13748,928,ITC,ITC4,3,Lombardia
2021-04-26,CAM,33990,16630,17360,28367,5623,ITF,ITF3,15,Campania
2021-01-23,LIG,809,295,514,153,656,ITC,ITC3,7,Liguria
2021-03-14,FVG,1395,547,848,1143,252,ITH,ITH4,6,Friuli-Venezia Giulia
2021-04-12,PIE,22921,10351,12570,19931,2990,ITC,ITC1,1,Piemonte
2021-05-21,MAR,12952,6114,6838,6696,6256,ITI,ITI3,11,Marche
2021-01-17,CAM,1155,551,604,702,453,ITF,ITF3,15,Campania
2021-02-21,CAM,5834,2239,3595,5609,225,ITF,ITF3,15,Campania
2021-03-17,UMB,3331,1313,2018,1859,1472,ITI,ITI2,10,Umbria
2021-05-17,LIG,11805,5356,6449,8514,3291,ITC,ITC3,7,Liguria
2021-01-15,ABR,379,149,230,379,0,ITF,ITF1,13,Abruzzo
2021-02-02,VDA,272,70,202,2,270,ITC,ITC2,2,Valle d'Aosta / Vallée d'Aoste
2021-04-01,ABR,5521,2442,3079,3434,2087,ITF,ITF1,13,Abruzzo
2021-04-06,LIG,13171,5857,7314,10931,2240,ITC,ITC3,7,Liguria
2021-04-26,LIG,10449,4916,5533,7824,2625,ITC,ITC3,7,Liguria
2021-05-03,LAZ,39085,17636,21449,26521,12564,ITI,ITI4,12,Lazio
2021-04-08,SAR,13426,5924,7502,8307,5119,ITG,ITG2,20,Sardegna
2021-05-04,VDA,1135,510,625,462,673,ITC,ITC2,2,Valle d'Aosta / Vallée d'Aoste
2021-01-02,TOS,3497,1096,2401,3497,0,ITI,ITI1,9,Toscana
2021-02-10,PAT,851,291,560,509,342,ITH,ITH2,4,Provincia Autonoma Trento
2021-05-03,TOS,11932,5509,6423,10614,1318,ITI,ITI1,9,Toscana
2021-05-24,SIC,35365,17034,18331,15701,19664,ITG,ITG1,19,Sicilia
2021-02-08,ABR,1197,396,801,487,710,ITF,ITF1,13,Abruzzo
2021-05-05,TOS,30015,13368,16647,15644,14371,ITI,ITI1,9,Toscana
2021-02-07,LIG,407,153,254,2,405,ITC,ITC3,7,Liguria
2021-02-20,LOM,9474,3905,5569,9175,299,ITC,ITC4,3,Lombardia
2021-05-10,CAM,35404,16372,19032,25496,9908,ITF,ITF3,15,Campania
2021-02-17,EMR,6538,2764,3774,5766,772,ITH,ITH5,8,Emilia-Romagna
2021-02-24,ABR,3305,1441,1864,3129,176,ITF,ITF1,13,Abruzzo
2021-05-19,FVG,11677,5731,5946,9451,2226,ITH,ITH4,6,Friuli-Venezia Giulia
2021-05-09,LAZ,37521,17248,20273,26256,11265,ITI,ITI4,12,Lazio
2021-01-29,ABR,1386,449,937,74,1312,ITF,ITF1,13,Abruzzo
2021-03-12,CAL,5110,2451,2659,4040,1070,ITF,ITF6,18,Calabria
2021-05-01,TOS,23306,10059,13247,14132,9174,ITI,ITI1,9,Toscana
2021-02-18,SAR,1878,732,1146,1814,64,ITG,ITG2,20,Sardegna
2021-01-21,CAM,2092,1115,977,676,1416,ITF,ITF3,15,Campania
2021-02-16,EMR,5768,2444,3324,5237,531,ITH,ITH5,8,Emilia-Romagna
2021-02-25,PAB,1498,549,949,1497,1,ITH,ITH1,4,Provincia Autonoma Bolzano / Bozen
2021-05-12,PUG,36061,16007,20054,23693,12368,ITF,ITF4,16,Puglia
2021-01-03,LAZ,5250,1972,3278,5250,0,ITI,ITI4,12,Lazio
2021-01-12,FVG,2260,713,1547,2260,0,ITH,ITH4,6,Friuli-Venezia Giulia
2021-03-13,LAZ,21416,8410,13006,15522,5894,ITI,ITI4,12,Lazio
2021-03-29,CAM,18947,9134,9813,17401,1546,ITF,ITF3,15,Campania
2021-03-31,EMR,25130,10949,14181,19674,5456,ITH,ITH5,8,Emilia-Romagna
2021-05-11,CAL,15125,7313,7812,10351,4774,ITF,ITF6,18,Calabria
2021-02-18,EMR,7039,2892,4147,6456,583,ITH,ITH5,8,Emilia-Romagna
2021-03-29,CAL,5687,2405,3282,3931,1756,ITF,ITF6,18,Calabria
2021-04-23,LIG,14675,6639,8036,8555,6120,ITC,ITC3,7,Liguria
2021-05-12,TOS,34105,15537,18568,14154,19951,ITI,ITI1,9,Toscana
2021-02-03,LAZ,6488,2488,4000,964,5524,ITI,ITI4,12,Lazio
2021-03-05,PIE,15267,5960,9307,11450,3817,ITC,ITC1,1,Piemonte
2021-03-23,MAR,5789,2529,3260,2262,3527,ITI,ITI3,11,Marche
2021-04-05,LIG,3976,1751,2225,2327,1649,ITC,ITC3,7,Liguria
2021-05-25,TOS,33753,16195,17558,19295,14458,ITI,ITI1,9,Toscana
2021-01-08,SAR,3258,1184,2074,3258,0,ITG,ITG2,20,Sardegna
2021-05-11,EMR,35182,16498,18684,27929,7253,ITH,ITH5,8,Emilia-Romagna
2021-05-14,SIC,52228,24464,27764,36382,15846,ITG,ITG1,19,Sicilia
2021-05-27,VEN,44433,21860,22573,22400,22033,ITH,ITH3,5,Veneto
2021-03-18,PIE,11756,4803,6953,4029,7727,ITC,ITC1,1,Piemonte
2021-05-09,MAR,8770,3986,4784,3639,5131,ITI,ITI3,11,Marche
2021-01-21,PIE,6923,2318,4605,3427,3496,ITC,ITC1,1,Piemonte
2021-04-02,PAT,2801,1146,1655,2126,675,ITH,ITH2,4,Provincia Autonoma Trento
2021-04-30,BAS,5284,2373,2911,4121,1163,ITF,ITF5,17,Basilicata
2021-01-01,PAT,213,50,163,213,0,ITH,ITH2,4,Provincia Autonoma Trento
2021-03-03,PAB,1179,393,786,1166,13,ITH,ITH1,4,Provincia Autonoma Bolzano / Bozen
2021-01-03,SIC,4703,2459,2244,4703,0,ITG,ITG1,19,Sicilia
2021-04-21,BAS,3921,1835,2086,2271,1650,ITF,ITF5,17,Basilicata
2021-02-27,UMB,1658,354,1304,1642,16,ITI,ITI2,10,Umbria
2021-03-24,TOS,19655,7973,11682,10199,9456,ITI,ITI1,9,Toscana
2021-04-07,VDA,910,474,436,681,229,ITC,ITC2,2,Valle d'Aosta / Vallée d'Aoste
2021-05-04,BAS,4132,1989,2143,3609,523,ITF,ITF5,17,Basilicata
2021-01-12,PAT,505,158,347,505,0,ITH,ITH2,4,Provincia Autonoma Trento
2021-03-09,CAL,6241,3224,3017,5261,980,ITF,ITF6,18,Calabria
2021-04-11,PIE,20822,9315,11507,18661,2161,ITC,ITC1,1,Piemonte
2021-02-03,SIC,6098,2855,3243,755,5343,ITG,ITG1,19,Sicilia
2021-03-24,LAZ,25878,11298,14580,19641,6237,ITI,ITI4,12,Lazio
2020-12-31,LIG,989,354,635,989,0,ITC,ITC3,7,Liguria
2021-04-06,UMB,5290,2169,3121,2901,2389,ITI,ITI2,10,Umbria
2021-03-03,UMB,4438,1773,2665,3727,711,ITI,ITI2,10,Umbria
2021-05-27,UMB,9792,4753,5039,8572,1220,ITI,ITI2,10,Umbria
2021-03-23,LAZ,23496,10225,13271,16919,6577,ITI,ITI4,12,Lazio
2021-05-22,TOS,25879,12596,13283,21664,4215,ITI,ITI1,9,Toscana
2021-04-02,PUG,12584,5762,6822,8066,4518,ITF,ITF4,16,Puglia
2021-05-17,UMB,6358,3057,3301,4185,2173,ITI,ITI2,10,Umbria
2021-02-23,PIE,9233,3713,5520,8653,580,ITC,ITC1,1,Piemonte
2021-01-20,MAR,398,100,298,384,14,ITI,ITI3,11,Marche
2021-01-26,SIC,9482,4667,4815,261,9221,ITG,ITG1,19,Sicilia
2021-03-09,FVG,3855,1589,2266,1108,2747,ITH,ITH4,6,Friuli-Venezia Giulia
2021-03-21,UMB,665,330,335,665,0,ITI,ITI2,10,Umbria
2021-04-01,MOL,1469,667,802,743,726,ITF,ITF2,14,Molise
2021-04-04,SAR,1,0,1,0,1,ITG,ITG2,20,Sardegna
2021-04-11,ABR,5330,2606,2724,4847,483,ITF,ITF1,13,Abruzzo
2021-05-24,CAL,17601,8777,8824,9955,7646,ITF,ITF6,18,Calabria
2021-03-06,MOL,1728,807,921,1569,159,ITF,ITF2,14,Molise
2021-03-11,LIG,6352,3054,3298,4346,2006,ITC,ITC3,7,Liguria
2021-03-14,BAS,1008,477,531,539,469,ITF,ITF5,17,Basilicata
2021-05-13,FVG,10988,5278,5710,8994,1994,ITH,ITH4,6,Friuli-Venezia Giulia
2021-05-20,CAM,60442,27825,32617,43083,17359,ITF,ITF3,15,Campania
2021-01-10,MAR,1737,699,1038,1737,0,ITI,ITI3,11,Marche
2021-02-12,BAS,775,332,443,744,31,ITF,ITF5,17,Basilicata
2021-03-22,VDA,560,205,355,333,227,ITC,ITC2,2,Valle d'Aosta / Vallée d'Aoste
2021-03-24,MAR,7031,2982,4049,3363,3668,ITI,ITI3,11,Marche
2021-03-29,LOM,40013,15512,24501,25181,14832,ITC,ITC4,3,Lombardia
2021-01-01,PUG,147,60,87,147,0,ITF,ITF4,16,Puglia
2021-04-09,SIC,20537,10002,10535,11389,9148,ITG,ITG1,19,Sicilia
2021-04-25,PAB,3069,1496,1573,2398,671,ITH,ITH1,4,Provincia Autonoma Bolzano / Bozen
2021-01-12,PUG,4212,1772,2440,4212,0,ITF,ITF4,16,Puglia
2021-03-23,TOS,9093,4102,4991,6819,2274,ITI,ITI1,9,Toscana
2021-02-06,LAZ,6136,2474,3662,817,5319,ITI,ITI4,12,Lazio
2021-02-16,LOM,9543,3086,6457,9087,456,ITC,ITC4,3,Lombardia
2021-02-27,VEN,8987,2691,6296,8140,847,ITH,ITH3,5,Veneto
2021-03-29,FVG,6874,3001,3873,5294,1580,ITH,ITH4,6,Friuli-Venezia Giulia
2021-04-16,LAZ,34391,15674,18717,22332,12059,ITI,ITI4,12,Lazio
2021-05-16,ABR,9580,4139,5441,5764,3816,ITF,ITF1,13,Abruzzo
2021-01-04,LIG,2617,855,1762,2617,0,ITC,ITC3,7,Liguria
2021-03-09,PAT,1581,589,992,938,643,ITH,ITH2,4,Provincia Autonoma Trento
2021-04-16,SIC,28749,14426,14323,20372,8377,ITG,ITG1,19,Sicilia
2021-03-04,PUG,15100,5898,9202,13711,1389,ITF,ITF4,16,Puglia
2021-04-24,BAS,4544,2197,2347,3532,1012,ITF,ITF5,17,Basilicata
2021-01-09,LOM,12410,4573,7837,12410,0,ITC,ITC4,3,Lombardia
2021-02-11,PAT,1132,365,767,796,336,ITH,ITH2,4,Provincia Autonoma Trento
2021-02-26,PIE,12293,4933,7360,11556,737,ITC,ITC1,1,Piemonte
2021-01-19,LAZ,4768,1954,2814,4314,454,ITI,ITI4,12,Lazio
2021-02-18,UMB,1496,582,914,1030,466,ITI,ITI2,10,Umbria
2021-04-25,MOL,792,395,397,559,233,ITF,ITF2,14,Molise
2021-05-03,LIG,13269,5920,7349,6457,6812,ITC,ITC3,7,Liguria
2021-05-09,VDA,574,287,287,444,130,ITC,ITC2,2,Valle d'Aosta / Vallée d'Aoste
2021-03-03,MOL,672,316,356,590,82,ITF,ITF2,14,Molise
2021-05-14,MAR,13492,6217,7275,6720,6772,ITI,ITI3,11,Marche
2021-02-05,TOS,5749,2245,3504,1924,3825,ITI,ITI1,9,Toscana
2021-02-06,SIC,5016,2190,2826,1462,3554,ITG,ITG1,19,Sicilia
2021-02-17,ABR,2071,948,1123,1789,282,ITF,ITF1,13,Abruzzo
2021-04-25,LIG,1936,921,1015,1521,415,ITC,ITC3,7,Liguria
2021-01-25,PIE,6215,1938,4277,983,5232,ITC,ITC1,1,Piemonte
2021-04-12,PAT,3087,1408,1679,2591,496,ITH,ITH2,4,Provincia Autonoma Trento
2021-03-15,LIG,7302,3076,4226,4598,2704,ITC,ITC3,7,Liguria
2021-03-18,CAM,12172,5378,6794,5984,6188,ITF,ITF3,15,Campania
2021-05-11,SAR,8648,3989,4659,6317,2331,ITG,ITG2,20,Sardegna
2021-01-17,VDA,131,56,75,131,0,ITC,ITC2,2,Valle d'Aosta / Vallée d'Aoste
2021-01-08,UMB,1190,345,845,1190,0,ITI,ITI2,10,Umbria
2021-03-05,CAM,16480,6347,10133,9819,6661,ITF,ITF3,15,Campania
2021-03-20,ABR,4787,2197,2590,2618,2169,ITF,ITF1,13,Abruzzo
2020-12-31,UMB,322,127,195,322,0,ITI,ITI2,10,Umbria
2021-03-19,FVG,3233,1339,1894,1301,1932,ITH,ITH4,6,Friuli-Venezia Giulia
2021-02-26,CAM,13339,4230,9109,12004,1335,ITF,ITF3,15,Campania
2021-02-10,VDA,248,77,171,141,107,ITC,ITC2,2,Valle d'Aosta / Vallée d'Aoste
2021-02-18,PAB,1839,457,1382,1832,7,ITH,ITH1,4,Provincia Autonoma Bolzano / Bozen
2021-02-21,LIG,869,491,378,865,4,ITC,ITC3,7,Liguria
2021-02-27,EMR,10967,3999,6968,9229,1738,ITH,ITH5,8,Emilia-Romagna
2021-03-28,FVG,4809,2273,2536,4669,140,ITH,ITH4,6,Friuli-Venezia Giulia
2021-01-07,LOM,11761,3636,8125,11761,0,ITC,ITC4,3,Lombardia
2021-01-16,MOL,420,166,254,420,0,ITF,ITF2,14,Molise
2021-01-25,ABR,1603,632,971,19,1584,ITF,ITF1,13,Abruzzo
2021-02-27,SAR,1921,647,1274,1366,555,ITG,ITG2,20,Sardegna
2021-02-05,LAZ,7276,2960,4316,1182,6094,ITI,ITI4,12,Lazio
2021-02-11,TOS,5383,2021,3362,5141,242,ITI,ITI1,9,Toscana
2021-04-11,UMB,3102,1503,1599,3053,49,ITI,ITI2,10,Umbria
2021-05-10,FVG,7910,3514,4396,6371,1539,ITH,ITH4,6,Friuli-Venezia Giulia
2021-01-07,CAM,8910,4166,4744,8910,0,ITF,ITF3,15,Campania
2021-01-08,PAB,1521,479,1042,1521,0,ITH,ITH1,4,Provincia Autonoma Bolzano / Bozen
2021-04-04,VEN,7775,3531,4244,6624,1151,ITH,ITH3,5,Veneto
2020-12-31,PAB,912,518,394,912,0,ITH,ITH1,4,Provincia Autonoma Bolzano / Bozen
2021-01-25,PUG,3823,1680,2143,423,3400,ITF,ITF4,16,Puglia
2021-02-02,TOS,3742,1475,2267,195,3547,ITI,ITI1,9,Toscana
2021-02-11,PUG,3700,1402,2298,2423,1277,ITF,ITF4,16,Puglia
2021-04-03,MOL,1770,850,920,1735,35,ITF,ITF2,14,Molise
2021-02-07,MAR,1868,734,1134,344,1524,ITI,ITI3,11,Marche
2021-02-19,PAB,2252,512,1740,2241,11,ITH,ITH1,4,Provincia Autonoma Bolzano / Bozen
2021-03-23,VDA,379,150,229,245,134,ITC,ITC2,2,Valle d'Aosta / Vallée d'Aoste
2021-04-10,TOS,11722,5348,6374,10977,745,ITI,ITI1,9,Toscana
2021-04-26,VDA,715,327,388,545,170,ITC,ITC2,2,Valle d'Aosta / Vallée d'Aoste
2021-04-29,PUG,25840,11954,13886,19182,6658,ITF,ITF4,16,Puglia
2021-04-29,CAL,11790,5733,6057,8286,3504,ITF,ITF6,18,Calabria
2021-05-15,TOS,29287,13824,15463,23553,5734,ITI,ITI1,9,Toscana
2021-05-17,EMR,30726,14575,16151,21312,9414,ITH,ITH5,8,Emilia-Romagna
2021-05-27,PIE,36199,16790,19409,18748,17451,ITC,ITC1,1,Piemonte
2021-02-04,SAR,2271,816,1455,916,1355,ITG,ITG2,20,Sardegna
2021-02-20,CAL,1416,759,657,1098,318,ITF,ITF6,18,Calabria
2021-03-03,PIE,12120,4644,7476,11301,819,ITC,ITC1,1,Piemonte
2021-01-09,EMR,9984,3450,6534,9984,0,ITH,ITH5,8,Emilia-Romagna
2021-05-24,CAM,31062,14888,16174,16176,14886,ITF,ITF3,15,Campania
2021-02-23,UMB,1693,658,1035,1651,42,ITI,ITI2,10,Umbria
2021-02-27,ABR,2812,1338,1474,2546,266,ITF,ITF1,13,Abruzzo
2021-05-27,SAR,15567,7862,7705,10984,4583,ITG,ITG2,20,Sardegna
2021-02-01,CAL,2494,1191,1303,243,2251,ITF,ITF6,18,Calabria
2021-03-17,BAS,1452,609,843,27,1425,ITF,ITF5,17,Basilicata
2021-04-05,UMB,4250,1728,2522,2195,2055,ITI,ITI2,10,Umbria
2021-04-12,PUG,29073,13695,15378,26249,2824,ITF,ITF4,16,Puglia
2021-04-30,MOL,2935,1554,1381,829,2106,ITF,ITF2,14,Molise
2021-04-12,ABR,6223,2949,3274,5049,1174,ITF,ITF1,13,Abruzzo
2021-01-08,EMR,10865,3580,7285,10865,0,ITH,ITH5,8,Emilia-Romagna
2021-01-19,SIC,1298,539,759,1096,202,ITG,ITG1,19,Sicilia
2021-02-18,VEN,5828,2455,3373,5764,64,ITH,ITH3,5,Veneto
2021-04-05,MOL,391,189,202,292,99,ITF,ITF2,14,Molise
2021-01-06,MOL,689,260,429,689,0,ITF,ITF2,14,Molise
2021-02-24,EMR,9327,3558,5769,8443,884,ITH,ITH5,8,Emilia-Romagna
2021-01-01,PIE,1038,395,643,1038,0,ITC,ITC1,1,Piemonte
2021-04-08,MAR,7522,3285,4237,7195,327,ITI,ITI3,11,Marche
2021-05-11,VEN,32845,16386,16459,28171,4674,ITH,ITH3,5,Veneto
2021-01-17,FVG,1716,523,1193,1716,0,ITH,ITH4,6,Friuli-Venezia Giulia
2021-04-11,LOM,32183,13937,18246,24791,7392,ITC,ITC4,3,Lombardia
2021-04-13,SIC,19918,9689,10229,11083,8835,ITG,ITG1,19,Sicilia
2021-05-11,LOM,86650,41346,45304,60581,26069,ITC,ITC4,3,Lombardia
2021-03-09,PUG,13283,5786,7497,11275,2008,ITF,ITF4,16,Puglia
2021-04-26,FVG,5444,2445,2999,3796,1648,ITH,ITH4,6,Friuli-Venezia Giulia
2021-02-20,PAT,407,245,162,123,284,ITH,ITH2,4,Provincia Autonoma Trento
2021-05-27,CAM,71875,34545,37330,26139,45736,ITF,ITF3,15,Campania
2021-02-07,SIC,2342,994,1348,674,1668,ITG,ITG1,19,Sicilia
2021-03-21,CAL,4452,1924,2528,2727,1725,ITF,ITF6,18,Calabria
2021-01-13,LIG,2755,1014,1741,2755,0,ITC,ITC3,7,Liguria
2021-02-25,VEN,7899,3339,4560,7294,605,ITH,ITH3,5,Veneto
2021-03-16,PIE,10519,4268,6251,4463,6056,ITC,ITC1,1,Piemonte
2021-01-04,MOL,314,131,183,314,0,ITF,ITF2,14,Molise
2021-03-12,PUG,13931,6107,7824,10005,3926,ITF,ITF4,16,Puglia
2021-04-08,SIC,16795,8287,8508,8312,8483,ITG,ITG1,19,Sicilia
2021-01-05,MOL,449,180,269,449,0,ITF,ITF2,14,Molise
2021-03-06,PIE,13994,5211,8783,11205,2789,ITC,ITC1,1,Piemonte
2021-05-02,SIC,24659,11447,13212,18059,6600,ITG,ITG1,19,Sicilia
2021-02-06,MOL,429,179,250,29,400,ITF,ITF2,14,Molise
2021-02-27,PAT,1027,456,571,606,421,ITH,ITH2,4,Provincia Autonoma Trento
2021-03-21,FVG,2602,937,1665,2193,409,ITH,ITH4,6,Friuli-Venezia Giulia
2021-01-30,LIG,1661,567,1094,25,1636,ITC,ITC3,7,Liguria
2021-02-19,EMR,7327,3010,4317,6813,514,ITH,ITH5,8,Emilia-Romagna
2021-04-16,MOL,2430,1033,1397,1198,1232,ITF,ITF2,14,Molise
2021-04-28,EMR,32648,15076,17572,19763,12885,ITH,ITH5,8,Emilia-Romagna
2021-05-11,ABR,10737,5097,5640,5909,4828,ITF,ITF1,13,Abruzzo
2021-02-01,PAT,1220,335,885,92,1128,ITH,ITH2,4,Provincia Autonoma Trento
2021-02-16,BAS,905,377,528,807,98,ITF,ITF5,17,Basilicata
2021-04-18,PIE,22950,10817,12133,20196,2754,ITC,ITC1,1,Piemonte
2021-05-11,BAS,2655,1353,1302,1621,1034,ITF,ITF5,17,Basilicata
2021-05-08,TOS,29111,13099,16012,13689,15422,ITI,ITI1,9,Toscana
2021-04-20,UMB,5439,2356,3083,3492,1947,ITI,ITI2,10,Umbria
2021-05-07,PIE,32872,15517,17355,18845,14027,ITC,ITC1,1,Piemonte
2021-03-16,SAR,4374,1949,2425,3452,922,ITG,ITG2,20,Sardegna
2021-05-03,EMR,27846,13162,14684,16975,10871,ITH,ITH5,8,Emilia-Romagna
2021-02-18,ABR,2288,933,1355,2158,130,ITF,ITF1,13,Abruzzo
2021-02-25,UMB,1336,497,839,1284,52,ITI,ITI2,10,Umbria
2021-04-17,CAM,36170,17506,18664,24664,11506,ITF,ITF3,15,Campania
2021-04-28,SAR,9009,4270,4739,5312,3697,ITG,ITG2,20,Sardegna
2021-04-30,CAL,14907,7317,7590,10600,4307,ITF,ITF6,18,Calabria
2021-03-13,TOS,9275,3301,5974,5312,3963,ITI,ITI1,9,Toscana
2021-04-23,MOL,2049,882,1167,1390,659,ITF,ITF2,14,Molise
2021-04-15,LAZ,31909,14301,17608,21105,10804,ITI,ITI4,12,Lazio
2021-03-02,SIC,14871,6361,8510,12062,2809,ITG,ITG1,19,Sicilia
2021-01-28,MAR,2086,725,1361,165,1921,ITI,ITI3,11,Marche
2021-02-06,LIG,1892,768,1124,145,1747,ITC,ITC3,7,Liguria
2021-02-14,SAR,539,263,276,537,2,ITG,ITG2,20,Sardegna
2021-03-16,PAB,1290,532,758,124,1166,ITH,ITH1,4,Provincia Autonoma Bolzano / Bozen
2021-04-12,FVG,7253,3181,4072,6122,1131,ITH,ITH4,6,Friuli-Venezia Giulia
2021-04-16,LIG,11974,5281,6693,10163,1811,ITC,ITC3,7,Liguria
2021-04-05,EMR,14859,6809,8050,11968,2891,ITH,ITH5,8,Emilia-Romagna
2021-05-20,LOM,94038,45448,48590,31730,62308,ITC,ITC4,3,Lombardia
2021-03-26,VEN,29542,13116,16426,24075,5467,ITH,ITH3,5,Veneto
2021-04-05,SAR,2036,784,1252,2035,1,ITG,ITG2,20,Sardegna
2021-01-09,ABR,1483,565,918,1483,0,ITF,ITF1,13,Abruzzo
2021-02-27,BAS,1991,859,1132,1827,164,ITF,ITF5,17,Basilicata
2021-03-21,LOM,23577,8549,15028,18316,5261,ITC,ITC4,3,Lombardia
2021-04-22,PIE,27618,12706,14912,20928,6690,ITC,ITC1,1,Piemonte
2021-01-08,ABR,1525,507,1018,1525,0,ITF,ITF1,13,Abruzzo
2021-02-19,ABR,3300,1551,1749,3200,100,ITF,ITF1,13,Abruzzo
2021-02-20,PUG,2969,1080,1889,2713,256,ITF,ITF4,16,Puglia
2021-03-25,SIC,20580,9549,11031,15041,5539,ITG,ITG1,19,Sicilia
2021-05-26,PIE,31794,14491,17303,15410,16384,ITC,ITC1,1,Piemonte
2021-01-07,PUG,5717,2457,3260,5717,0,ITF,ITF4,16,Puglia
2021-03-12,PAT,2506,936,1570,1701,805,ITH,ITH2,4,Provincia Autonoma Trento
2021-03-25,LAZ,26912,11510,15402,20311,6601,ITI,ITI4,12,Lazio
2021-05-21,PAT,5016,2407,2609,3325,1691,ITH,ITH2,4,Provincia Autonoma Trento
2021-01-08,VEN,9403,2835,6568,9403,0,ITH,ITH3,5,Veneto
2021-01-25,FVG,1582,567,1015,194,1388,ITH,ITH4,6,Friuli-Venezia Giulia
2021-01-06,BAS,294,129,165,294,0,ITF,ITF5,17,Basilicata
2021-02-01,PUG,3965,1659,2306,375,3590,ITF,ITF4,16,Puglia
2021-02-03,MOL,731,249,482,338,393,ITF,ITF2,14,Molise
2021-03-01,BAS,547,284,263,381,166,ITF,ITF5,17,Basilicata
2021-01-26,PAB,810,291,519,1,809,ITH,ITH1,4,Provincia Autonoma Bolzano / Bozen
2021-04-04,PIE,9254,4059,5195,6541,2713,ITC,ITC1,1,Piemonte
2020-12-27,PIE,913,369,544,913,0,ITC,ITC1,1,Piemonte
2021-02-14,VEN,125,56,69,112,13,ITH,ITH3,5,Veneto
2021-02-17,BAS,1135,493,642,1059,76,ITF,ITF5,17,Basilicata
2021-04-09,MOL,2318,1248,1070,2127,191,ITF,ITF2,14,Molise
2021-02-04,BAS,1095,442,653,63,1032,ITF,ITF5,17,Basilicata
2021-02-19,SAR,1499,473,1026,1443,56,ITG,ITG2,20,Sardegna
2021-04-01,PAB,2786,1407,1379,2642,144,ITH,ITH1,4,Provincia Autonoma Bolzano / Bozen
2021-01-07,ABR,1603,552,1051,1603,0,ITF,ITF1,13,Abruzzo
2021-01-07,PAT,1270,310,960,1270,0,ITH,ITH2,4,Provincia Autonoma Trento
2021-01-22,PIE,3867,1249,2618,2526,1341,ITC,ITC1,1,Piemonte
2021-02-15,VDA,264,136,128,229,35,ITC,ITC2,2,Valle d'Aosta / Vallée d'Aoste
2021-03-16,VEN,12516,5347,7169,6902,5614,ITH,ITH3,5,Veneto
2021-04-13,LIG,13052,5860,7192,11033,2019,ITC,ITC3,7,Liguria
2021-01-19,LIG,1371,438,933,1281,90,ITC,ITC3,7,Liguria
2021-03-06,CAM,16309,6753,9556,10641,5668,ITF,ITF3,15,Campania
2021-04-25,EMR,22324,10222,12102,14816,7508,ITH,ITH5,8,Emilia-Romagna
2021-05-07,CAM,59695,29173,30522,43762,15933,ITF,ITF3,15,Campania
2021-05-20,FVG,12350,6062,6288,9939,2411,ITH,ITH4,6,Friuli-Venezia Giulia
2021-05-21,PUG,37431,17509,19922,27908,9523,ITF,ITF4,16,Puglia
2021-01-03,PAB,41,16,25,41,0,ITH,ITH1,4,Provincia Autonoma Bolzano / Bozen
2021-01-21,FVG,896,345,551,1,895,ITH,ITH4,6,Friuli-Venezia Giulia
2021-04-22,CAM,33936,16526,17410,21535,12401,ITF,ITF3,15,Campania
2021-05-19,VDA,993,498,495,418,575,ITC,ITC2,2,Valle d'Aosta / Vallée d'Aoste
2021-03-21,CAM,9983,4592,5391,7593,2390,ITF,ITF3,15,Campania
2021-03-26,SAR,8091,3180,4911,6566,1525,ITG,ITG2,20,Sardegna
2021-03-08,CAM,14539,6715,7824,9763,4776,ITF,ITF3,15,Campania
2021-03-10,CAM,15248,7378,7870,8415,6833,ITF,ITF3,15,Campania
2021-05-18,TOS,28624,14095,14529,19976,8648,ITI,ITI1,9,Toscana
2021-01-15,MOL,538,242,296,538,0,ITF,ITF2,14,Molise
2021-02-23,CAM,11003,3388,7615,10477,526,ITF,ITF3,15,Campania
2021-02-25,MOL,541,239,302,473,68,ITF,ITF2,14,Molise
2021-04-25,UMB,4364,1685,2679,4282,82,ITI,ITI2,10,Umbria
2021-02-09,EMR,4153,1248,2905,2307,1846,ITH,ITH5,8,Emilia-Romagna
2021-03-03,CAM,13921,5494,8427,7291,6630,ITF,ITF3,15,Campania
2021-03-26,LOM,41176,15616,25560,28107,13069,ITC,ITC4,3,Lombardia
2021-03-28,VDA,522,212,310,521,1,ITC,ITC2,2,Valle d'Aosta / Vallée d'Aoste
2021-03-30,SIC,14597,6760,7837,9771,4826,ITG,ITG1,19,Sicilia
2021-01-06,SAR,1615,549,1066,1615,0,ITG,ITG2,20,Sardegna
2021-02-25,SAR,2899,1255,1644,2294,605,ITG,ITG2,20,Sardegna
2021-04-04,LOM,7617,3232,4385,3718,3899,ITC,ITC4,3,Lombardia
2021-05-03,VEN,40562,19754,20808,34145,6417,ITH,ITH3,5,Veneto
2021-01-03,LIG,734,230,504,734,0,ITC,ITC3,7,Liguria
2021-02-19,UMB,743,293,450,526,217,ITI,ITI2,10,Umbria
2021-03-27,LAZ,26009,10395,15614,19539,6470,ITI,ITI4,12,Lazio
2020-12-29,SAR,57,32,25,57,0,ITG,ITG2,20,Sardegna
2021-01-18,LAZ,6265,2556,3709,5287,978,ITI,ITI4,12,Lazio
2021-05-03,SAR,8176,3815,4361,6580,1596,ITG,ITG2,20,Sardegna
2021-02-16,ABR,1918,842,1076,1906,12,ITF,ITF1,13,Abruzzo
2021-04-17,PIE,30348,14098,16250,27049,3299,ITC,ITC1,1,Piemonte
2021-02-23,FVG,2617,1252,1365,2437,180,ITH,ITH4,6,Friuli-Venezia Giulia
2021-03-19,VDA,322,85,237,286,36,ITC,ITC2,2,Valle d'Aosta / Vallée d'Aoste
2021-05-10,CAL,13137,6093,7044,7736,5401,ITF,ITF6,18,Calabria
2020-12-29,LOM,104,44,60,104,0,ITC,ITC4,3,Lombardia
2021-01-18,TOS,1119,636,483,1021,98,ITI,ITI1,9,Toscana
2021-02-26,LOM,18367,7553,10814,16516,1851,ITC,ITC4,3,Lombardia
2021-03-31,BAS,3095,1258,1837,2313,782,ITF,ITF5,17,Basilicata
2021-04-30,CAM,42228,20131,22097,25782,16446,ITF,ITF3,15,Campania
2021-02-26,FVG,3734,2092,1642,3586,148,ITH,ITH4,6,Friuli-Venezia Giulia
2021-05-22,MAR,11933,5718,6215,7485,4448,ITI,ITI3,11,Marche
2021-01-11,MAR,1176,411,765,1176,0,ITI,ITI3,11,Marche
2021-01-30,MAR,1905,668,1237,29,1876,ITI,ITI3,11,Marche
2021-02-08,PUG,3992,1610,2382,1597,2395,ITF,ITF4,16,Puglia
2021-02-14,EMR,1401,378,1023,1281,120,ITH,ITH5,8,Emilia-Romagna
2021-02-22,TOS,9818,4254,5564,9541,277,ITI,ITI1,9,Toscana
2021-04-28,UMB,5344,2316,3028,2962,2382,ITI,ITI2,10,Umbria
2021-05-04,CAL,16283,7481,8802,11655,4628,ITF,ITF6,18,Calabria
2021-01-20,SIC,833,425,408,573,260,ITG,ITG1,19,Sicilia
2021-03-12,PIE,13949,5184,8765,11014,2935,ITC,ITC1,1,Piemonte
2021-05-02,LAZ,32620,14333,18287,23259,9361,ITI,ITI4,12,Lazio
2021-01-25,PAT,817,215,602,23,794,ITH,ITH2,4,Provincia Autonoma Trento
2021-01-27,TOS,4834,1572,3262,206,4628,ITI,ITI1,9,Toscana
2021-04-13,PAB,2391,1130,1261,2384,7,ITH,ITH1,4,Provincia Autonoma Bolzano / Bozen
2021-04-28,PAB,2460,1301,1159,2455,5,ITH,ITH1,4,Provincia Autonoma Bolzano / Bozen
2021-04-07,MAR,7810,3435,4375,7475,335,ITI,ITI3,11,Marche
2021-05-05,MAR,11623,5287,6336,5215,6408,ITI,ITI3,11,Marche
2021-02-10,TOS,4263,1281,2982,3740,523,ITI,ITI1,9,Toscana
2021-04-20,LIG,13775,6304,7471,9426,4349,ITC,ITC3,7,Liguria
2021-05-23,TOS,28258,13591,14667,25704,2554,ITI,ITI1,9,Toscana
2021-03-05,LOM,28991,11948,17043,20585,8406,ITC,ITC4,3,Lombardia
2021-04-23,UMB,6607,2786,3821,3488,3119,ITI,ITI2,10,Umbria
2021-02-03,LIG,2316,792,1524,55,2261,ITC,ITC3,7,Liguria
2021-02-21,EMR,4450,1708,2742,4010,440,ITH,ITH5,8,Emilia-Romagna
2021-03-26,PAB,1644,721,923,511,1133,ITH,ITH1,4,Provincia Autonoma Bolzano / Bozen
2021-01-16,PAB,2840,1265,1575,2840,0,ITH,ITH1,4,Provincia Autonoma Bolzano / Bozen
2021-02-18,BAS,1070,401,669,855,215,ITF,ITF5,17,Basilicata
2021-03-10,PIE,13631,5167,8464,11337,2294,ITC,ITC1,1,Piemonte
2021-04-27,BAS,4724,2242,2482,4399,325,ITF,ITF5,17,Basilicata
2021-01-07,CAL,2184,1064,1120,2184,0,ITF,ITF6,18,Calabria
2021-02-19,VEN,7322,3140,4182,7118,204,ITH,ITH3,5,Veneto
2021-04-04,UMB,59,20,39,23,36,ITI,ITI2,10,Umbria
2021-01-22,CAM,1524,776,748,673,851,ITF,ITF3,15,Campania
2021-02-12,CAM,6529,2861,3668,6343,186,ITF,ITF3,15,Campania
2021-02-28,EMR,6823,2527,4296,4977,1846,ITH,ITH5,8,Emilia-Romagna
2021-03-18,FVG,3371,1421,1950,1690,1681,ITH,ITH4,6,Friuli-Venezia Giulia
2021-03-26,UMB,4570,1682,2888,4398,172,ITI,ITI2,10,Umbria
2021-02-22,PUG,9629,4536,5093,9297,332,ITF,ITF4,16,Puglia
2021-01-19,MOL,173,63,110,162,11,ITF,ITF2,14,Molise
2021-03-05,FVG,3736,1478,2258,2663,1073,ITH,ITH4,6,Friuli-Venezia Giulia
2021-04-21,PIE,25700,11812,13888,20369,5331,ITC,ITC1,1,Piemonte
2021-01-06,VEN,8132,2385,5747,8132,0,ITH,ITH3,5,Veneto
2021-03-30,LAZ,25256,11584,13672,18108,7148,ITI,ITI4,12,Lazio
2021-04-28,VEN,32362,15154,17208,23343,9019,ITH,ITH3,5,Veneto
2021-02-23,CAL,1590,753,837,1475,115,ITF,ITF6,18,Calabria
2021-05-08,VDA,904,540,364,526,378,ITC,ITC2,2,Valle d'Aosta / Vallée d'Aoste
2021-03-26,EMR,23412,9900,13512,16977,6435,ITH,ITH5,8,Emilia-Romagna
2021-04-11,FVG,3433,1520,1913,2527,906,ITH,ITH4,6,Friuli-Venezia Giulia
2021-02-05,LIG,2675,986,1689,304,2371,ITC,ITC3,7,Liguria
2021-02-08,PAT,1151,318,833,342,809,ITH,ITH2,4,Provincia Autonoma Trento
2021-01-19,VDA,256,77,179,256,0,ITC,ITC2,2,Valle d'Aosta / Vallée d'Aoste
2021-02-07,PAB,2361,1057,1304,14,2347,ITH,ITH1,4,Provincia Autonoma Bolzano / Bozen
2021-04-15,TOS,24382,10188,14194,15861,8521,ITI,ITI1,9,Toscana
2021-01-08,MAR,1577,588,989,1577,0,ITI,ITI3,11,Marche
2021-05-23,MAR,9208,4282,4926,7537,1671,ITI,ITI3,11,Marche
2021-01-29,LAZ,8042,3079,4963,813,7229,ITI,ITI4,12,Lazio
2021-02-24,FVG,2518,1082,1436,2500,18,ITH,ITH4,6,Friuli-Venezia Giulia
2021-05-13,VEN,43636,21524,22112,33907,9729,ITH,ITH3,5,Veneto
2020-12-27,EMR,970,372,598,970,0,ITH,ITH5,8,Emilia-Romagna
2021-01-20,MOL,18,8,10,18,0,ITF,ITF2,14,Molise
2021-02-25,LIG,3455,1349,2106,3325,130,ITC,ITC3,7,Liguria
2021-03-04,CAM,14659,5352,9307,8766,5893,ITF,ITF3,15,Campania
2021-03-31,PUG,14043,6353,7690,8488,5555,ITF,ITF4,16,Puglia
2021-04-13,VDA,373,171,202,329,44,ITC,ITC2,2,Valle d'Aosta / Vallée d'Aoste
2021-02-08,PIE,6916,2355,4561,666,6250,ITC,ITC1,1,Piemonte
2021-03-05,TOS,16492,6336,10156,11751,4741,ITI,ITI1,9,Toscana
2021-04-03,PIE,19430,8156,11274,10883,8547,ITC,ITC1,1,Piemonte
2021-02-10,LOM,14392,4504,9888,7572,6820,ITC,ITC4,3,Lombardia
2021-03-23,PAB,1552,759,793,1551,1,ITH,ITH1,4,Provincia Autonoma Bolzano / Bozen
2021-05-04,PAB,3447,1843,1604,2410,1037,ITH,ITH1,4,Provincia Autonoma Bolzano / Bozen
2021-02-05,PAT,802,272,530,283,519,ITH,ITH2,4,Provincia Autonoma Trento
2021-04-14,LOM,47139,21018,26121,34172,12967,ITC,ITC4,3,Lombardia
2021-03-12,SAR,6699,2796,3903,5342,1357,ITG,ITG2,20,Sardegna
2021-04-10,PAT,2796,1307,1489,2003,793,ITH,ITH2,4,Provincia Autonoma Trento
2021-04-14,LIG,13029,5659,7370,10826,2203,ITC,ITC3,7,Liguria
2021-04-20,EMR,22593,10392,12201,14243,8350,ITH,ITH5,8,Emilia-Romagna
2021-02-26,SIC,12208,5967,6241,10523,1685,ITG,ITG1,19,Sicilia
2021-03-18,BAS,1349,563,786,25,1324,ITF,ITF5,17,Basilicata
2021-04-23,LOM,73363,33270,40093,56853,16510,ITC,ITC4,3,Lombardia
2021-05-19,VEN,32159,14764,17395,16540,15619,ITH,ITH3,5,Veneto
2021-01-14,ABR,530,189,341,530,0,ITF,ITF1,13,Abruzzo
2021-05-17,LAZ,43762,19981,23781,35327,8435,ITI,ITI4,12,Lazio
2021-01-19,SAR,747,270,477,692,55,ITG,ITG2,20,Sardegna
2021-01-26,MAR,2016,746,1270,92,1924,ITI,ITI3,11,Marche
2021-03-16,UMB,3538,1454,2084,1911,1627,ITI,ITI2,10,Umbria
2021-04-09,UMB,6791,3162,3629,6572,219,ITI,ITI2,10,Umbria
2021-04-14,FVG,7214,3117,4097,5502,1712,ITH,ITH4,6,Friuli-Venezia Giulia
2021-04-21,ABR,6384,3100,3284,4710,1674,ITF,ITF1,13,Abruzzo
2020-12-27,LIG,135,56,79,135,0,ITC,ITC3,7,Liguria
2021-01-16,VEN,4611,1542,3069,4611,0,ITH,ITH3,5,Veneto
2021-01-28,VDA,290,123,167,56,234,ITC,ITC2,2,Valle d'Aosta / Vallée d'Aoste
2021-03-11,MOL,1463,636,827,1457,6,ITF,ITF2,14,Molise
2021-04-22,MAR,10795,4931,5864,9217,1578,ITI,ITI3,11,Marche
2020-12-31,MAR,385,180,205,385,0,ITI,ITI3,11,Marche
2021-03-22,PAT,2305,973,1332,1430,875,ITH,ITH2,4,Provincia Autonoma Trento
2021-04-27,LOM,85893,39944,45949,69367,16526,ITC,ITC4,3,Lombardia
2021-05-11,PAB,2842,1334,1508,1320,1522,ITH,ITH1,4,Provincia Autonoma Bolzano / Bozen
2021-05-17,BAS,5542,2735,2807,3409,2133,ITF,ITF5,17,Basilicata
2021-01-17,SIC,1302,589,713,1245,57,ITG,ITG1,19,Sicilia
2021-01-25,MOL,319,130,189,3,316,ITF,ITF2,14,Molise
2021-03-04,MAR,6486,2869,3617,5093,1393,ITI,ITI3,11,Marche
2021-05-18,PIE,31738,14566,17172,19300,12438,ITC,ITC1,1,Piemonte
2021-02-28,BAS,804,343,461,775,29,ITF,ITF5,17,Basilicata
2021-03-17,CAL,3938,1753,2185,2102,1836,ITF,ITF6,18,Calabria
2021-03-25,PAB,2141,1059,1082,1698,443,ITH,ITH1,4,Provincia Autonoma Bolzano / Bozen
2021-05-06,BAS,5053,2435,2618,3484,1569,ITF,ITF5,17,Basilicata
2021-05-15,CAM,62583,29006,33577,43918,18665,ITF,ITF3,15,Campania
2021-02-14,MAR,738,301,437,738,0,ITI,ITI3,11,Marche
2020-12-30,SIC,175,102,73,175,0,ITG,ITG1,19,Sicilia
2021-01-06,TOS,4520,1460,3060,4520,0,ITI,ITI1,9,Toscana
2021-01-18,CAL,1262,568,694,1043,219,ITF,ITF6,18,Calabria
2021-02-23,LOM,11773,4792,6981,11465,308,ITC,ITC4,3,Lombardia
2021-03-31,PAT,2567,983,1584,1710,857,ITH,ITH2,4,Provincia Autonoma Trento
2021-04-29,BAS,4833,2385,2448,4411,422,ITF,ITF5,17,Basilicata
2021-04-30,SIC,35210,16454,18756,24009,11201,ITG,ITG1,19,Sicilia
2021-05-10,EMR,33536,15964,17572,26308,7228,ITH,ITH5,8,Emilia-Romagna
2021-02-11,LAZ,6998,3012,3986,6467,531,ITI,ITI4,12,Lazio
2021-02-11,FVG,1930,664,1266,1738,192,ITH,ITH4,6,Friuli-Venezia Giulia
2021-02-28,LAZ,10248,4007,6241,9734,514,ITI,ITI4,12,Lazio
2021-02-07,UMB,54,17,37,1,53,ITI,ITI2,10,Umbria
2021-03-24,PAB,2040,977,1063,2027,13,ITH,ITH1,4,Provincia Autonoma Bolzano / Bozen
2021-01-13,LOM,26378,8053,18325,26378,0,ITC,ITC4,3,Lombardia
2021-02-22,PIE,8480,3471,5009,7890,590,ITC,ITC1,1,Piemonte
2020-12-29,SIC,238,148,90,238,0,ITG,ITG1,19,Sicilia
2021-03-20,VEN,12943,5340,7603,10848,2095,ITH,ITH3,5,Veneto
2021-05-16,LAZ,50893,24505,26388,37419,13474,ITI,ITI4,12,Lazio
2021-02-21,BAS,284,113,171,284,0,ITF,ITF5,17,Basilicata
2021-05-18,ABR,12120,5664,6456,7737,4383,ITF,ITF1,13,Abruzzo
2020-12-28,LIG,80,30,50,80,0,ITC,ITC3,7,Liguria
2021-01-28,CAL,2234,1108,1126,83,2151,ITF,ITF6,18,Calabria
2021-02-25,BAS,1787,736,1051,1741,46,ITF,ITF5,17,Basilicata
2021-03-06,CAL,8307,4285,4022,7515,792,ITF,ITF6,18,Calabria
2021-04-10,PUG,30714,13025,17689,26491,4223,ITF,ITF4,16,Puglia
2021-05-01,PAB,2104,1067,1037,1944,160,ITH,ITH1,4,Provincia Autonoma Bolzano / Bozen
2021-05-16,TOS,26658,12878,13780,24199,2459,ITI,ITI1,9,Toscana
2021-02-05,PUG,5634,2273,3361,1332,4302,ITF,ITF4,16,Puglia
2021-01-05,PAB,830,286,544,830,0,ITH,ITH1,4,Provincia Autonoma Bolzano / Bozen
2021-01-29,UMB,1232,348,884,79,1153,ITI,ITI2,10,Umbria
2021-02-12,MOL,330,149,181,208,122,ITF,ITF2,14,Molise
2021-05-21,EMR,37456,16726,20730,20795,16661,ITH,ITH5,8,Emilia-Romagna
2021-05-24,VEN,32463,16049,16414,7676,24787,ITH,ITH3,5,Veneto
2021-02-13,VDA,216,196,20,215,1,ITC,ITC2,2,Valle d'Aosta / Vallée d'Aoste
2021-03-22,PUG,9350,4554,4796,3706,5644,ITF,ITF4,16,Puglia
2021-04-26,SIC,21923,10378,11545,13785,8138,ITG,ITG1,19,Sicilia
2021-05-19,MAR,11471,5272,6199,8562,2909,ITI,ITI3,11,Marche
2021-01-17,PAT,251,195,56,251,0,ITH,ITH2,4,Provincia Autonoma Trento
2021-04-25,VEN,18310,8146,10164,13477,4833,ITH,ITH3,5,Veneto
2021-01-21,PAB,952,442,510,139,813,ITH,ITH1,4,Provincia Autonoma Bolzano / Bozen
2021-03-29,TOS,9391,4588,4803,9067,324,ITI,ITI1,9,Toscana
2021-04-07,CAL,6435,2905,3530,3714,2721,ITF,ITF6,18,Calabria
2020-12-27,PAB,144,65,79,144,0,ITH,ITH1,4,Provincia Autonoma Bolzano / Bozen
2021-01-12,TOS,3581,1398,2183,3581,0,ITI,ITI1,9,Toscana
2021-01-27,VDA,151,71,80,79,72,ITC,ITC2,2,Valle d'Aosta / Vallée d'Aoste
2021-02-14,VDA,48,16,32,1,47,ITC,ITC2,2,Valle d'Aosta / Vallée d'Aoste
2021-03-20,FVG,3340,1351,1989,1249,2091,ITH,ITH4,6,Friuli-Venezia Giulia
2021-05-02,MOL,1889,930,959,586,1303,ITF,ITF2,14,Molise
2021-05-06,PIE,33158,15625,17533,19744,13414,ITC,ITC1,1,Piemonte
2021-02-06,PUG,4546,1928,2618,1590,2956,ITF,ITF4,16,Puglia
2021-02-24,VEN,8614,3678,4936,8128,486,ITH,ITH3,5,Veneto
2021-04-16,PUG,35818,16825,18993,32537,3281,ITF,ITF4,16,Puglia
2021-05-11,LIG,13657,6172,7485,7067,6590,ITC,ITC3,7,Liguria
2021-01-05,EMR,9362,3170,6192,9362,0,ITH,ITH5,8,Emilia-Romagna
2021-02-04,PAT,974,304,670,421,553,ITH,ITH2,4,Provincia Autonoma Trento
2021-02-07,TOS,2806,953,1853,885,1921,ITI,ITI1,9,Toscana
2021-01-01,LAZ,3554,1382,2172,3554,0,ITI,ITI4,12,Lazio
2021-03-06,SIC,12919,5166,7753,10016,2903,ITG,ITG1,19,Sicilia
2021-05-12,CAL,16310,7918,8392,10886,5424,ITF,ITF6,18,Calabria
2021-02-09,SIC,4412,1823,2589,3357,1055,ITG,ITG1,19,Sicilia
2021-02-07,SAR,1116,394,722,228,888,ITG,ITG2,20,Sardegna
2021-03-12,LAZ,22885,10123,12762,16571,6314,ITI,ITI4,12,Lazio
2021-03-22,SIC,16817,7915,8902,11274,5543,ITG,ITG1,19,Sicilia
2021-01-01,TOS,2369,787,1582,2369,0,ITI,ITI1,9,Toscana
2021-03-26,LAZ,28225,12251,15974,21382,6843,ITI,ITI4,12,Lazio
2021-04-06,VEN,28870,13271,15599,23796,5074,ITH,ITH3,5,Veneto
2021-05-14,VEN,46216,21988,24228,25601,20615,ITH,ITH3,5,Veneto
2021-01-05,TOS,5249,1755,3494,5249,0,ITI,ITI1,9,Toscana
2021-02-03,VDA,351,114,237,14,337,ITC,ITC2,2,Valle d'Aosta / Vallée d'Aoste
2021-04-04,LAZ,17463,8036,9427,12197,5266,ITI,ITI4,12,Lazio
2021-04-10,SIC,20664,10085,10579,11620,9044,ITG,ITG1,19,Sicilia
2021-05-05,PUG,38764,16935,21829,24642,14122,ITF,ITF4,16,Puglia
2021-01-26,VDA,139,48,91,0,139,ITC,ITC2,2,Valle d'Aosta / Vallée d'Aoste
2021-04-01,VEN,25148,11037,14111,18762,6386,ITH,ITH3,5,Veneto
2020-12-31,SAR,32,16,16,32,0,ITG,ITG2,20,Sardegna
2021-02-13,CAM,5507,2550,2957,5290,217,ITF,ITF3,15,Campania
2021-02-26,CAL,3061,1631,1430,2609,452,ITF,ITF6,18,Calabria
2021-03-23,LIG,9036,4082,4954,5827,3209,ITC,ITC3,7,Liguria
2021-05-06,ABR,12995,6054,6941,7976,5019,ITF,ITF1,13,Abruzzo
2021-01-12,LAZ,5395,1976,3419,5395,0,ITI,ITI4,12,Lazio
2021-01-24,LIG,756,237,519,113,643,ITC,ITC3,7,Liguria
2021-02-01,SAR,1524,605,919,225,1299,ITG,ITG2,20,Sardegna
2021-03-12,UMB,2652,1039,1613,2154,498,ITI,ITI2,10,Umbria
2021-01-04,SAR,592,217,375,592,0,ITG,ITG2,20,Sardegna
2021-01-23,LAZ,7212,2869,4343,583,6629,ITI,ITI4,12,Lazio
2021-02-17,FVG,2353,999,1354,1873,480,ITH,ITH4,6,Friuli-Venezia Giulia
2021-02-22,BAS,1790,773,1017,1737,53,ITF,ITF5,17,Basilicata
2021-03-24,CAM,17618,8082,9536,14661,2957,ITF,ITF3,15,Campania
2021-03-28,VEN,31249,13586,17663,27613,3636,ITH,ITH3,5,Veneto
2021-05-01,LIG,7134,3255,3879,1332,5802,ITC,ITC3,7,Liguria
2021-02-12,VDA,263,96,167,217,46,ITC,ITC2,2,Valle d'Aosta / Vallée d'Aoste
2021-03-02,FVG,4220,1519,2701,2721,1499,ITH,ITH4,6,Friuli-Venezia Giulia
2021-05-17,PAT,4291,2120,2171,3941,350,ITH,ITH2,4,Provincia Autonoma Trento
2021-01-24,CAM,4128,2123,2005,383,3745,ITF,ITF3,15,Campania
2021-04-16,PAT,2836,1344,1492,2691,145,ITH,ITH2,4,Provincia Autonoma Trento
2021-01-02,EMR,2372,913,1459,2372,0,ITH,ITH5,8,Emilia-Romagna
2021-05-07,MOL,2641,1226,1415,2044,597,ITF,ITF2,14,Molise
2021-01-17,PUG,1308,590,718,1239,69,ITF,ITF4,16,Puglia
2021-03-17,SIC,15161,7459,7702,9249,5912,ITG,ITG1,19,Sicilia
2021-03-25,CAM,19991,9335,10656,16488,3503,ITF,ITF3,15,Campania
2021-04-25,LOM,51445,23598,27847,46729,4716,ITC,ITC4,3,Lombardia
2021-03-08,MOL,1379,522,857,1239,140,ITF,ITF2,14,Molise
2021-04-11,MOL,1196,591,605,1182,14,ITF,ITF2,14,Molise
2021-04-29,ABR,12668,5849,6819,9573,3095,ITF,ITF1,13,Abruzzo
2021-05-09,EMR,24210,11591,12619,17249,6961,ITH,ITH5,8,Emilia-Romagna
2021-01-07,MOL,598,209,389,598,0,ITF,ITF2,14,Molise
2021-01-23,FVG,816,324,492,4,812,ITH,ITH4,6,Friuli-Venezia Giulia
2021-02-27,PUG,14213,4812,9401,12988,1225,ITF,ITF4,16,Puglia
2021-01-08,TOS,5946,1642,4304,5946,0,ITI,ITI1,9,Toscana
2021-01-20,EMR,1325,270,1055,1324,1,ITH,ITH5,8,Emilia-Romagna
2021-02-04,PUG,5926,2366,3560,1195,4731,ITF,ITF4,16,Puglia
2021-03-07,FVG,2547,932,1615,2546,1,ITH,ITH4,6,Friuli-Venezia Giulia
2021-03-19,VEN,13790,5668,8122,7697,6093,ITH,ITH3,5,Veneto
2021-05-15,VDA,1065,614,451,380,685,ITC,ITC2,2,Valle d'Aosta / Vallée d'Aoste
2021-03-25,LIG,9594,4080,5514,6201,3393,ITC,ITC3,7,Liguria
2021-04-15,MAR,10377,4674,5703,9812,565,ITI,ITI3,11,Marche
2021-01-16,LAZ,5642,2280,3362,5642,0,ITI,ITI4,12,Lazio
2021-02-21,PIE,5090,2083,3007,4988,102,ITC,ITC1,1,Piemonte
2021-02-22,SIC,8013,4146,3867,7522,491,ITG,ITG1,19,Sicilia
2021-02-05,SIC,7102,3158,3944,2128,4974,ITG,ITG1,19,Sicilia
2021-02-08,TOS,4097,1360,2737,3638,459,ITI,ITI1,9,Toscana
2021-02-13,MAR,1063,453,610,1011,52,ITI,ITI3,11,Marche
2021-03-09,VDA,206,96,110,174,32,ITC,ITC2,2,Valle d'Aosta / Vallée d'Aoste
2021-04-29,PIE,48267,21836,26431,35666,12601,ITC,ITC1,1,Piemonte
2021-05-12,LAZ,47382,21466,25916,30877,16505,ITI,ITI4,12,Lazio
2021-01-10,LOM,10519,3957,6562,10519,0,ITC,ITC4,3,Lombardia
2021-01-25,VDA,147,65,82,0,147,ITC,ITC2,2,Valle d'Aosta / Vallée d'Aoste
2021-01-30,TOS,4622,1622,3000,198,4424,ITI,ITI1,9,Toscana
2021-03-24,LIG,8942,3834,5108,5654,3288,ITC,ITC3,7,Liguria
2021-04-09,FVG,7762,3528,4234,6518,1244,ITH,ITH4,6,Friuli-Venezia Giulia
2021-05-22,MOL,1307,706,601,1225,82,ITF,ITF2,14,Molise
2021-01-11,MOL,557,194,363,557,0,ITF,ITF2,14,Molise
2021-04-12,VDA,486,186,300,323,163,ITC,ITC2,2,Valle d'Aosta / Vallée d'Aoste
2021-05-13,SIC,47394,22237,25157,30796,16598,ITG,ITG1,19,Sicilia
2021-05-21,PAB,6830,3729,3101,5056,1774,ITH,ITH1,4,Provincia Autonoma Bolzano / Bozen
2021-02-25,ABR,3042,1330,1712,2514,528,ITF,ITF1,13,Abruzzo
2021-03-14,LOM,14876,5349,9527,11590,3286,ITC,ITC4,3,Lombardia
2021-04-26,VEN,20704,9447,11257,15560,5144,ITH,ITH3,5,Veneto
2021-05-23,VDA,999,465,534,658,341,ITC,ITC2,2,Valle d'Aosta / Vallée d'Aoste
2021-02-10,ABR,947,312,635,503,444,ITF,ITF1,13,Abruzzo
2021-05-22,FVG,11466,5148,6318,7262,4204,ITH,ITH4,6,Friuli-Venezia Giulia
2021-01-18,SAR,904,326,578,780,124,ITG,ITG2,20,Sardegna
2021-01-26,ABR,1542,567,975,30,1512,ITF,ITF1,13,Abruzzo
2021-02-08,BAS,557,193,364,151,406,ITF,ITF5,17,Basilicata
2021-02-16,FVG,2516,1135,1381,2400,116,ITH,ITH4,6,Friuli-Venezia Giulia
2021-02-28,PIE,10816,4060,6756,10576,240,ITC,ITC1,1,Piemonte
2021-03-03,LOM,26936,11503,15433,19663,7273,ITC,ITC4,3,Lombardia
2021-03-07,LIG,1857,1084,773,1556,301,ITC,ITC3,7,Liguria
2021-05-17,PUG,32139,14732,17407,20547,11592,ITF,ITF4,16,Puglia
2021-01-17,VEN,1933,781,1152,1584,349,ITH,ITH3,5,Veneto
2021-03-11,EMR,17250,7135,10115,11400,5850,ITH,ITH5,8,Emilia-Romagna
2021-03-23,CAM,15336,7055,8281,12823,2513,ITF,ITF3,15,Campania
2021-04-22,MOL,1844,863,981,1065,779,ITF,ITF2,14,Molise
2021-03-09,LOM,33242,12853,20389,25817,7425,ITC,ITC4,3,Lombardia
2021-03-24,UMB,4072,1760,2312,2749,1323,ITI,ITI2,10,Umbria
2021-05-03,ABR,11113,5241,5872,7262,3851,ITF,ITF1,13,Abruzzo
2021-01-16,MAR,2005,723,1282,2005,0,ITI,ITI3,11,Marche
2021-03-04,LIG,4738,2118,2620,3891,847,ITC,ITC3,7,Liguria
2021-04-03,PAT,1138,471,667,971,167,ITH,ITH2,4,Provincia Autonoma Trento
2021-04-12,LOM,47223,20570,26653,32892,14331,ITC,ITC4,3,Lombardia
2021-05-20,VEN,44134,20967,23167,20058,24076,ITH,ITH3,5,Veneto
2021-05-24,LOM,88876,43148,45728,49290,39586,ITC,ITC4,3,Lombardia
2021-01-25,LOM,7025,2372,4653,487,6538,ITC,ITC4,3,Lombardia
2021-02-12,LOM,13946,4355,9591,9027,4919,ITC,ITC4,3,Lombardia
2021-01-02,CAM,3673,1962,1711,3673,0,ITF,ITF3,15,Campania
2021-01-30,PAB,498,245,253,4,494,ITH,ITH1,4,Provincia Autonoma Bolzano / Bozen
2021-05-15,LOM,80388,38590,41798,47317,33071,ITC,ITC4,3,Lombardia
2021-01-03,CAL,6,3,3,6,0,ITF,ITF6,18,Calabria
2021-01-07,EMR,10272,3406,6866,10272,0,ITH,ITH5,8,Emilia-Romagna
2021-01-16,PAT,319,148,171,319,0,ITH,ITH2,4,Provincia Autonoma Trento
2021-03-14,ABR,1884,731,1153,1217,667,ITF,ITF1,13,Abruzzo
2021-02-14,CAL,460,209,251,430,30,ITF,ITF6,18,Calabria
2021-02-14,LIG,233,122,111,233,0,ITC,ITC3,7,Liguria
2021-03-23,UMB,3797,1685,2112,2168,1629,ITI,ITI2,10,Umbria
2021-05-04,UMB,5531,2543,2988,2410,3121,ITI,ITI2,10,Umbria
2021-01-24,UMB,258,106,152,1,257,ITI,ITI2,10,Umbria
2021-04-25,ABR,9068,4621,4447,8258,810,ITF,ITF1,13,Abruzzo
2021-01-20,CAM,1257,650,607,1257,0,ITF,ITF3,15,Campania
2021-01-27,LOM,8045,2677,5368,821,7224,ITC,ITC4,3,Lombardia
2021-02-22,PAT,745,259,486,661,84,ITH,ITH2,4,Provincia Autonoma Trento
2021-03-28,SIC,10933,5136,5797,6921,4012,ITG,ITG1,19,Sicilia
2021-04-07,EMR,25801,11733,14068,19790,6011,ITH,ITH5,8,Emilia-Romagna
2021-05-03,VDA,839,400,439,488,351,ITC,ITC2,2,Valle d'Aosta / Vallée d'Aoste
2021-05-07,VDA,564,245,319,533,31,ITC,ITC2,2,Valle d'Aosta / Vallée d'Aoste
2021-05-09,PAB,4233,2404,1829,3080,1153,ITH,ITH1,4,Provincia Autonoma Bolzano / Bozen
2021-01-30,UMB,1590,490,1100,44,1546,ITI,ITI2,10,Umbria
2021-05-22,PUG,33847,15517,18330,23709,10138,ITF,ITF4,16,Puglia
2021-05-26,BAS,4477,2251,2226,1708,2769,ITF,ITF5,17,Basilicata
2021-01-21,SAR,126,60,66,94,32,ITG,ITG2,20,Sardegna
2021-03-19,SIC,16517,8114,8403,10786,5731,ITG,ITG1,19,Sicilia
2021-04-27,LIG,14739,6677,8062,7160,7579,ITC,ITC3,7,Liguria
2021-05-17,MOL,2228,1092,1136,1732,496,ITF,ITF2,14,Molise
2021-01-09,FVG,2513,841,1672,2513,0,ITH,ITH4,6,Friuli-Venezia Giulia
2021-02-06,LOM,15256,5532,9724,1038,14218,ITC,ITC4,3,Lombardia
2021-02-18,PAT,1205,426,779,1143,62,ITH,ITH2,4,Provincia Autonoma Trento
2021-03-08,VDA,482,231,251,237,245,ITC,ITC2,2,Valle d'Aosta / Vallée d'Aoste
2021-03-25,UMB,3904,1699,2205,2840,1064,ITI,ITI2,10,Umbria
2021-05-04,LAZ,39735,18272,21463,26262,13473,ITI,ITI4,12,Lazio
2021-05-11,LAZ,47893,21958,25935,31510,16383,ITI,ITI4,12,Lazio
2021-03-29,PIE,15160,6384,8776,8547,6613,ITC,ITC1,1,Piemonte
2021-05-02,PAT,3512,1955,1557,3475,37,ITH,ITH2,4,Provincia Autonoma Trento
2021-05-19,PAT,5087,2451,2636,3839,1248,ITH,ITH2,4,Provincia Autonoma Trento
2021-02-23,EMR,8215,3219,4996,7829,386,ITH,ITH5,8,Emilia-Romagna
2021-03-14,PAB,758,336,422,25,733,ITH,ITH1,4,Provincia Autonoma Bolzano / Bozen
2021-05-11,UMB,6220,2825,3395,4021,2199,ITI,ITI2,10,Umbria
2021-01-10,ABR,1139,409,730,1139,0,ITF,ITF1,13,Abruzzo
2021-01-29,TOS,6144,1700,4444,304,5840,ITI,ITI1,9,Toscana
2021-05-09,UMB,5764,2757,3007,5373,391,ITI,ITI2,10,Umbria
2021-01-27,CAM,7738,3820,3918,162,7576,ITF,ITF3,15,Campania
2021-03-09,CAM,13879,6636,7243,10096,3783,ITF,ITF3,15,Campania
2021-01-15,LAZ,6572,2704,3868,6572,0,ITI,ITI4,12,Lazio
2021-02-11,MOL,293,133,160,257,36,ITF,ITF2,14,Molise
2021-02-20,ABR,4777,1842,2935,4701,76,ITF,ITF1,13,Abruzzo
2021-03-16,FVG,3153,1287,1866,1073,2080,ITH,ITH4,6,Friuli-Venezia Giulia
2021-04-03,PUG,10494,4607,5887,6941,3553,ITF,ITF4,16,Puglia
2021-04-16,LOM,53587,23889,29698,39273,14314,ITC,ITC4,3,Lombardia
2021-04-19,CAM,30718,14816,15902,19151,11567,ITF,ITF3,15,Campania
2021-05-01,UMB,5373,2640,2733,2146,3227,ITI,ITI2,10,Umbria
2021-02-12,VEN,4314,1447,2867,3742,572,ITH,ITH3,5,Veneto
2021-03-12,MAR,4641,1972,2669,3403,1238,ITI,ITI3,11,Marche
2021-04-12,VEN,14902,6335,8567,6684,8218,ITH,ITH3,5,Veneto
2021-05-23,CAM,58714,28615,30099,37838,20876,ITF,ITF3,15,Campania
2021-05-14,TOS,33168,15335,17833,20572,12596,ITI,ITI1,9,Toscana
2021-05-15,FVG,12580,6063,6517,7904,4676,ITH,ITH4,6,Friuli-Venezia Giulia
2021-01-08,CAL,2134,1022,1112,2134,0,ITF,ITF6,18,Calabria
2021-01-26,LIG,2484,803,1681,13,2471,ITC,ITC3,7,Liguria
2021-02-01,VDA,404,127,277,87,317,ITC,ITC2,2,Valle d'Aosta / Vallée d'Aoste
2021-03-09,LIG,5932,2754,3178,4502,1430,ITC,ITC3,7,Liguria
2021-01-12,PIE,10089,3415,6674,10089,0,ITC,ITC1,1,Piemonte
2021-01-24,PAB,12,10,2,0,12,ITH,ITH1,4,Provincia Autonoma Bolzano / Bozen
2021-01-25,VEN,6468,2075,4393,159,6309,ITH,ITH3,5,Veneto
2021-03-01,MOL,661,274,387,447,214,ITF,ITF2,14,Molise
2021-03-31,VDA,555,302,253,529,26,ITC,ITC2,2,Valle d'Aosta / Vallée d'Aoste
2021-04-21,PAB,3009,1467,1542,2161,848,ITH,ITH1,4,Provincia Autonoma Bolzano / Bozen
2021-05-23,LIG,2305,1119,1186,1182,1123,ITC,ITC3,7,Liguria
2021-01-07,VDA,275,111,164,275,0,ITC,ITC2,2,Valle d'Aosta / Vallée d'Aoste
2021-02-18,PUG,4378,1846,2532,3774,604,ITF,ITF4,16,Puglia
2021-03-27,CAL,8592,3899,4693,4585,4007,ITF,ITF6,18,Calabria
2021-04-30,VEN,49920,23442,26478,34265,15655,ITH,ITH3,5,Veneto
2021-02-04,MOL,758,295,463,77,681,ITF,ITF2,14,Molise
2021-03-15,BAS,2351,983,1368,521,1830,ITF,ITF5,17,Basilicata
2021-01-10,PIE,5214,2275,2939,5214,0,ITC,ITC1,1,Piemonte
2021-02-09,FVG,1842,555,1287,1556,286,ITH,ITH4,6,Friuli-Venezia Giulia
2021-03-18,EMR,13673,5806,7867,5673,8000,ITH,ITH5,8,Emilia-Romagna
2021-03-21,PIE,10723,4738,5985,4189,6534,ITC,ITC1,1,Piemonte
2021-05-12,MAR,10422,4684,5738,4921,5501,ITI,ITI3,11,Marche
2021-03-30,VDA,402,223,179,382,20,ITC,ITC2,2,Valle d'Aosta / Vallée d'Aoste
2021-05-05,LOM,87731,41829,45902,72561,15170,ITC,ITC4,3,Lombardia
2021-01-06,SIC,6481,3408,3073,6481,0,ITG,ITG1,19,Sicilia
2021-03-30,SAR,8641,3462,5179,6367,2274,ITG,ITG2,20,Sardegna
2021-05-25,LAZ,46035,21122,24913,35348,10687,ITI,ITI4,12,Lazio
2021-01-27,LIG,1744,603,1141,141,1603,ITC,ITC3,7,Liguria
2021-04-15,SIC,21344,10385,10959,11787,9557,ITG,ITG1,19,Sicilia
2021-04-22,CAL,9614,4794,4820,6777,2837,ITF,ITF6,18,Calabria
2021-04-05,CAM,11637,5543,6094,9214,2423,ITF,ITF3,15,Campania
2021-04-19,LIG,12811,5616,7195,9002,3809,ITC,ITC3,7,Liguria
2021-04-20,TOS,18156,8111,10045,12599,5557,ITI,ITI1,9,Toscana
2021-02-21,LAZ,6986,3178,3808,6525,461,ITI,ITI4,12,Lazio
2021-03-26,MAR,6331,2606,3725,3523,2808,ITI,ITI3,11,Marche
2021-05-02,PUG,21204,9615,11589,13955,7249,ITF,ITF4,16,Puglia
2021-05-19,PUG,25461,12049,13412,19278,6183,ITF,ITF4,16,Puglia
2021-02-17,PAB,156,51,105,139,17,ITH,ITH1,4,Provincia Autonoma Bolzano / Bozen
2021-03-01,SIC,12959,6119,6840,11304,1655,ITG,ITG1,19,Sicilia
2021-04-01,LAZ,28404,13047,15357,21264,7140,ITI,ITI4,12,Lazio
2021-04-18,BAS,3720,1847,1873,2353,1367,ITF,ITF5,17,Basilicata
2021-05-15,LIG,7137,3176,3961,4298,2839,ITC,ITC3,7,Liguria
2021-01-26,CAL,1804,858,946,278,1526,ITF,ITF6,18,Calabria
2021-05-14,LAZ,50713,23144,27569,32509,18204,ITI,ITI4,12,Lazio
2021-03-08,MAR,6265,2745,3520,5263,1002,ITI,ITI3,11,Marche
2021-04-07,MOL,1688,847,841,1413,275,ITF,ITF2,14,Molise
2021-04-27,PIE,22563,10201,12362,17435,5128,ITC,ITC1,1,Piemonte
2021-02-28,PAT,242,121,121,242,0,ITH,ITH2,4,Provincia Autonoma Trento
2021-03-05,VEN,13284,4978,8306,9623,3661,ITH,ITH3,5,Veneto
2021-03-12,TOS,16521,6220,10301,12993,3528,ITI,ITI1,9,Toscana
2021-03-13,MOL,1189,594,595,200,989,ITF,ITF2,14,Molise
2021-05-27,TOS,15035,7149,7886,7134,7901,ITI,ITI1,9,Toscana
2021-05-04,SAR,9533,4385,5148,7681,1852,ITG,ITG2,20,Sardegna
2021-03-21,TOS,3231,1573,1658,1798,1433,ITI,ITI1,9,Toscana
2021-02-01,MAR,1362,479,883,98,1264,ITI,ITI3,11,Marche
2021-02-15,LAZ,8024,3540,4484,7393,631,ITI,ITI4,12,Lazio
2021-05-09,TOS,22511,9757,12754,9652,12859,ITI,ITI1,9,Toscana
2021-05-12,MOL,2846,1291,1555,2750,96,ITF,ITF2,14,Molise
2021-05-19,SIC,42713,20592,22121,28426,14287,ITG,ITG1,19,Sicilia
2021-03-14,LIG,1658,752,906,1054,604,ITC,ITC3,7,Liguria
2021-04-15,PUG,32348,15082,17266,28849,3499,ITF,ITF4,16,Puglia
2021-03-31,MOL,2193,919,1274,1374,819,ITF,ITF2,14,Molise
2021-05-02,VEN,37175,17235,19940,26851,10324,ITH,ITH3,5,Veneto
2021-01-12,SIC,4546,2235,2311,4546,0,ITG,ITG1,19,Sicilia
2021-02-23,PAB,769,324,445,763,6,ITH,ITH1,4,Provincia Autonoma Bolzano / Bozen
2021-03-29,BAS,2435,881,1554,2149,286,ITF,ITF5,17,Basilicata
2021-03-02,MOL,667,383,284,509,158,ITF,ITF2,14,Molise
2021-03-28,PAT,748,292,456,745,3,ITH,ITH2,4,Provincia Autonoma Trento
2021-04-13,MAR,9838,4259,5579,9605,233,ITI,ITI3,11,Marche
2021-05-08,CAM,56332,27094,29238,40525,15807,ITF,ITF3,15,Campania
2021-01-21,LAZ,5600,2348,3252,548,5052,ITI,ITI4,12,Lazio
2021-01-31,CAM,8067,3711,4356,23,8044,ITF,ITF3,15,Campania
2021-02-13,LOM,6416,2443,3973,4939,1477,ITC,ITC4,3,Lombardia
2021-04-23,ABR,7369,3382,3987,5067,2302,ITF,ITF1,13,Abruzzo
2021-01-21,UMB,610,202,408,341,269,ITI,ITI2,10,Umbria
2021-02-03,SAR,1119,419,700,426,693,ITG,ITG2,20,Sardegna
2021-01-30,SAR,3863,1392,2471,362,3501,ITG,ITG2,20,Sardegna
2021-03-13,FVG,2934,1119,1815,1663,1271,ITH,ITH4,6,Friuli-Venezia Giulia
2021-05-16,MAR,10897,4957,5940,6670,4227,ITI,ITI3,11,Marche
2021-05-03,MAR,10192,4602,5590,4786,5406,ITI,ITI3,11,Marche
2021-01-05,SIC,10537,5162,5375,10537,0,ITG,ITG1,19,Sicilia
2021-02-15,FVG,2452,911,1541,2201,251,ITH,ITH4,6,Friuli-Venezia Giulia
2021-03-10,PUG,14401,6245,8156,11283,3118,ITF,ITF4,16,Puglia
2021-03-26,MOL,2575,1045,1530,1933,642,ITF,ITF2,14,Molise
2021-04-06,PAT,2258,949,1309,1493,765,ITH,ITH2,4,Provincia Autonoma Trento
2021-01-28,EMR,10249,3339,6910,349,9900,ITH,ITH5,8,Emilia-Romagna
2021-04-08,MOL,1766,903,863,1564,202,ITF,ITF2,14,Molise
2020-12-31,SIC,879,470,409,879,0,ITG,ITG1,19,Sicilia
2021-01-29,MAR,1991,730,1261,167,1824,ITI,ITI3,11,Marche
2021-04-20,PAB,1560,783,777,1559,1,ITH,ITH1,4,Provincia Autonoma Bolzano / Bozen
2021-04-23,PIE,27428,12592,14836,20669,6759,ITC,ITC1,1,Piemonte
2021-05-16,VEN,28397,14002,14395,21320,7077,ITH,ITH3,5,Veneto
2021-01-08,SIC,8334,3867,4467,8334,0,ITG,ITG1,19,Sicilia
2021-03-25,FVG,5309,2261,3048,3176,2133,ITH,ITH4,6,Friuli-Venezia Giulia
2021-04-03,BAS,1807,749,1058,1472,335,ITF,ITF5,17,Basilicata
2021-02-02,LAZ,5909,2213,3696,637,5272,ITI,ITI4,12,Lazio
2021-04-14,PIE,27700,12558,15142,23179,4521,ITC,ITC1,1,Piemonte
2021-05-25,VEN,26692,12768,13924,11404,15288,ITH,ITH3,5,Veneto
2021-03-03,EMR,15828,5249,10579,13352,2476,ITH,ITH5,8,Emilia-Romagna
2021-04-04,MOL,253,141,112,238,15,ITF,ITF2,14,Molise
2021-04-19,PAB,1871,858,1013,1689,182,ITH,ITH1,4,Provincia Autonoma Bolzano / Bozen
2021-04-21,LIG,14245,6432,7813,8922,5323,ITC,ITC3,7,Liguria
2021-05-08,LIG,7537,3332,4205,2323,5214,ITC,ITC3,7,Liguria
2021-03-08,VEN,13548,6194,7354,9479,4069,ITH,ITH3,5,Veneto
2021-02-01,CAM,3985,1813,2172,110,3875,ITF,ITF3,15,Campania
2021-04-13,CAL,6819,3328,3491,5511,1308,ITF,ITF6,18,Calabria
2021-04-26,PAT,2646,1244,1402,2552,94,ITH,ITH2,4,Provincia Autonoma Trento
2021-02-02,BAS,367,143,224,175,192,ITF,ITF5,17,Basilicata
2021-05-21,LAZ,50192,23581,26611,37377,12815,ITI,ITI4,12,Lazio
2021-05-24,ABR,12182,5786,6396,8877,3305,ITF,ITF1,13,Abruzzo
2020-12-27,LAZ,273,131,142,273,0,ITI,ITI4,12,Lazio
2020-12-27,UMB,86,45,41,86,0,ITI,ITI2,10,Umbria
2021-01-11,VEN,7238,2101,5137,7238,0,ITH,ITH3,5,Veneto
2021-01-15,VEN,5874,1819,4055,5874,0,ITH,ITH3,5,Veneto
2021-03-28,PUG,3526,1650,1876,1201,2325,ITF,ITF4,16,Puglia
2021-04-27,ABR,9084,4370,4714,6616,2468,ITF,ITF1,13,Abruzzo
2021-03-19,PAT,2423,915,1508,1571,852,ITH,ITH2,4,Provincia Autonoma Trento
2021-04-15,VEN,20823,8595,12228,10017,10806,ITH,ITH3,5,Veneto
2021-05-08,MAR,12269,5476,6793,5021,7248,ITI,ITI3,11,Marche
2021-04-11,VEN,21002,8873,12129,14695,6307,ITH,ITH3,5,Veneto
2021-04-17,PUG,39751,18819,20932,36185,3566,ITF,ITF4,16,Puglia
2021-05-10,PAB,3018,1300,1718,1413,1605,ITH,ITH1,4,Provincia Autonoma Bolzano / Bozen
2021-05-18,BAS,5897,2856,3041,3403,2494,ITF,ITF5,17,Basilicata
2021-05-21,UMB,8917,3634,5283,4114,4803,ITI,ITI2,10,Umbria
2021-01-03,SAR,90,36,54,90,0,ITG,ITG2,20,Sardegna
2021-03-15,PIE,10654,4161,6493,5035,5619,ITC,ITC1,1,Piemonte
2021-04-03,LAZ,24687,11094,13593,17988,6699,ITI,ITI4,12,Lazio
2021-05-10,UMB,5982,2799,3183,3830,2152,ITI,ITI2,10,Umbria
2021-05-22,VEN,34546,16587,17959,13259,21287,ITH,ITH3,5,Veneto
2021-04-06,PUG,13577,6024,7553,6828,6749,ITF,ITF4,16,Puglia
2021-04-27,PAB,2226,1013,1213,1150,1076,ITH,ITH1,4,Provincia Autonoma Bolzano / Bozen
2021-01-20,FVG,748,320,428,13,735,ITH,ITH4,6,Friuli-Venezia Giulia
2021-01-23,EMR,2447,870,1577,443,2004,ITH,ITH5,8,Emilia-Romagna
2021-01-28,CAM,8832,4121,4711,134,8698,ITF,ITF3,15,Campania
2021-01-03,BAS,901,344,557,901,0,ITF,ITF5,17,Basilicata
2021-01-12,LIG,2460,886,1574,2460,0,ITC,ITC3,7,Liguria
2021-03-07,EMR,6860,2640,4220,5343,1517,ITH,ITH5,8,Emilia-Romagna
2021-01-22,SIC,1253,634,619,243,1010,ITG,ITG1,19,Sicilia
2021-01-29,SIC,9354,4316,5038,425,8929,ITG,ITG1,19,Sicilia
2021-02-19,PAT,928,358,570,869,59,ITH,ITH2,4,Provincia Autonoma Trento
2021-03-29,LIG,10440,4511,5929,7310,3130,ITC,ITC3,7,Liguria
2021-04-23,BAS,4530,2179,2351,3530,1000,ITF,ITF5,17,Basilicata
2020-12-28,PIE,1,1,0,1,0,ITC,ITC1,1,Piemonte
2021-01-30,BAS,704,227,477,128,576,ITF,ITF5,17,Basilicata
2021-03-22,SAR,3550,1363,2187,3037,513,ITG,ITG2,20,Sardegna
2021-04-28,PAT,4241,1972,2269,4103,138,ITH,ITH2,4,Provincia Autonoma Trento
2021-05-19,LIG,13517,5944,7573,10410,3107,ITC,ITC3,7,Liguria
2021-02-12,LAZ,6843,2845,3998,6432,411,ITI,ITI4,12,Lazio
2021-04-14,MOL,1806,767,1039,1145,661,ITF,ITF2,14,Molise
2021-05-11,TOS,27935,12978,14957,12478,15457,ITI,ITI1,9,Toscana
2021-01-05,CAL,1460,681,779,1460,0,ITF,ITF6,18,Calabria
2021-01-19,CAM,1095,474,621,1092,3,ITF,ITF3,15,Campania
2021-01-13,PIE,10080,3223,6857,10080,0,ITC,ITC1,1,Piemonte
2021-01-17,UMB,54,17,37,54,0,ITI,ITI2,10,Umbria
2021-01-19,PAT,405,77,328,405,0,ITH,ITH2,4,Provincia Autonoma Trento
2021-02-05,ABR,1534,521,1013,788,746,ITF,ITF1,13,Abruzzo
2021-03-11,LOM,36218,13473,22745,26320,9898,ITC,ITC4,3,Lombardia
2021-03-24,CAL,7590,3454,4136,4357,3233,ITF,ITF6,18,Calabria
2021-05-03,PIE,26623,12151,14472,12491,14132,ITC,ITC1,1,Piemonte
2021-04-21,LAZ,32973,14973,18000,20611,12362,ITI,ITI4,12,Lazio
2021-01-18,MOL,114,48,66,114,0,ITF,ITF2,14,Molise
2021-04-14,VEN,15869,6879,8990,9242,6627,ITH,ITH3,5,Veneto
2021-02-02,LOM,19850,6584,13266,491,19359,ITC,ITC4,3,Lombardia
2021-02-08,LIG,1977,742,1235,306,1671,ITC,ITC3,7,Liguria
2021-02-11,VEN,4013,1238,2775,3385,628,ITH,ITH3,5,Veneto
2021-04-13,PIE,25924,11605,14319,22466,3458,ITC,ITC1,1,Piemonte
2021-01-25,LAZ,8111,3246,4865,770,7341,ITI,ITI4,12,Lazio
2021-03-11,CAM,17578,8670,8908,10300,7278,ITF,ITF3,15,Campania
2021-04-15,PAB,4399,2307,2092,4136,263,ITH,ITH1,4,Provincia Autonoma Bolzano / Bozen
2021-04-26,UMB,5374,2328,3046,3122,2252,ITI,ITI2,10,Umbria
2021-01-05,FVG,1678,551,1127,1678,0,ITH,ITH4,6,Friuli-Venezia Giulia
2021-01-20,LOM,5608,1373,4235,5493,115,ITC,ITC4,3,Lombardia
2021-04-30,LAZ,41223,18255,22968,27056,14167,ITI,ITI4,12,Lazio
2021-03-02,EMR,11858,3906,7952,9829,2029,ITH,ITH5,8,Emilia-Romagna
2021-04-18,VDA,522,254,268,518,4,ITC,ITC2,2,Valle d'Aosta / Vallée d'Aoste
2021-02-19,TOS,8290,2951,5339,7780,510,ITI,ITI1,9,Toscana
2021-04-20,ABR,5589,2689,2900,4179,1410,ITF,ITF1,13,Abruzzo
2021-02-19,PUG,4731,2010,2721,4339,392,ITF,ITF4,16,Puglia
2021-03-19,UMB,1743,565,1178,1087,656,ITI,ITI2,10,Umbria
2021-01-16,CAL,2394,1120,1274,2394,0,ITF,ITF6,18,Calabria
2021-01-16,FVG,1230,360,870,1230,0,ITH,ITH4,6,Friuli-Venezia Giulia
2021-03-18,SIC,15602,7783,7819,9864,5738,ITG,ITG1,19,Sicilia
2021-03-21,MAR,4505,1873,2632,1629,2876,ITI,ITI3,11,Marche
2021-03-26,CAL,7745,3674,4071,4626,3119,ITF,ITF6,18,Calabria
2021-02-03,BAS,666,300,366,32,634,ITF,ITF5,17,Basilicata
2021-01-21,MAR,898,254,644,585,313,ITI,ITI3,11,Marche
2021-02-02,CAM,5723,2804,2919,444,5279,ITF,ITF3,15,Campania
2021-02-26,LAZ,13077,5700,7377,11715,1362,ITI,ITI4,12,Lazio
2021-04-28,PUG,19561,8751,10810,14849,4712,ITF,ITF4,16,Puglia
2021-03-05,VDA,275,124,151,53,222,ITC,ITC2,2,Valle d'Aosta / Vallée d'Aoste
2021-04-28,TOS,19119,8187,10932,3831,15288,ITI,ITI1,9,Toscana
2021-05-16,SIC,33104,16121,16983,21777,11327,ITG,ITG1,19,Sicilia
2021-01-02,CAL,165,94,71,165,0,ITF,ITF6,18,Calabria
2021-01-02,LOM,199,72,127,199,0,ITC,ITC4,3,Lombardia
2021-04-12,LAZ,23756,10676,13080,16859,6897,ITI,ITI4,12,Lazio
2021-03-13,EMR,16074,6307,9767,10761,5313,ITH,ITH5,8,Emilia-Romagna
2021-03-28,PAB,569,212,357,11,558,ITH,ITH1,4,Provincia Autonoma Bolzano / Bozen
2021-03-30,PIE,16891,7033,9858,9020,7871,ITC,ITC1,1,Piemonte
2021-04-16,UMB,8100,3742,4358,6263,1837,ITI,ITI2,10,Umbria
2021-05-01,CAL,16615,7920,8695,12418,4197,ITF,ITF6,18,Calabria
2021-01-28,PAT,530,147,383,48,482,ITH,ITH2,4,Provincia Autonoma Trento
2021-05-26,SIC,44327,20660,23667,23847,20480,ITG,ITG1,19,Sicilia
2021-01-16,VDA,236,80,156,236,0,ITC,ITC2,2,Valle d'Aosta / Vallée d'Aoste
2021-02-17,LAZ,9181,4603,4578,8307,874,ITI,ITI4,12,Lazio
2021-04-10,SAR,10489,4748,5741,8554,1935,ITG,ITG2,20,Sardegna
2021-01-24,CAL,44,18,26,39,5,ITF,ITF6,18,Calabria
2021-02-10,MOL,150,78,72,130,20,ITF,ITF2,14,Molise
2021-05-05,BAS,4334,2047,2287,3444,890,ITF,ITF5,17,Basilicata
2021-01-14,EMR,8128,2593,5535,8128,0,ITH,ITH5,8,Emilia-Romagna
2021-03-23,CAL,5252,2459,2793,3443,1809,ITF,ITF6,18,Calabria
2021-03-28,UMB,1096,442,654,1072,24,ITI,ITI2,10,Umbria
2021-03-30,CAL,6182,2653,3529,3485,2697,ITF,ITF6,18,Calabria
2021-04-16,ABR,7535,3488,4047,5618,1917,ITF,ITF1,13,Abruzzo
2021-01-30,ABR,1510,567,943,69,1441,ITF,ITF1,13,Abruzzo
2021-02-03,PAT,846,314,532,414,432,ITH,ITH2,4,Provincia Autonoma Trento
2021-04-06,VDA,741,381,360,629,112,ITC,ITC2,2,Valle d'Aosta / Vallée d'Aoste
2021-01-14,VEN,7062,1924,5138,7062,0,ITH,ITH3,5,Veneto
2021-02-15,MOL,144,70,74,141,3,ITF,ITF2,14,Molise
2021-03-24,SAR,7286,2998,4288,5927,1359,ITG,ITG2,20,Sardegna
2021-05-05,PIE,32088,15018,17070,19086,13002,ITC,ITC1,1,Piemonte
2021-05-10,LAZ,44118,20107,24011,30748,13370,ITI,ITI4,12,Lazio
2021-05-17,VDA,809,417,392,375,434,ITC,ITC2,2,Valle d'Aosta / Vallée d'Aoste
2021-01-03,PUG,2007,943,1064,2007,0,ITF,ITF4,16,Puglia
2021-02-04,VDA,294,86,208,8,286,ITC,ITC2,2,Valle d'Aosta / Vallée d'Aoste
2021-01-04,CAM,5825,2962,2863,5825,0,ITF,ITF3,15,Campania
2021-01-12,VEN,5230,1516,3714,5230,0,ITH,ITH3,5,Veneto
2021-02-14,PUG,787,348,439,663,124,ITF,ITF4,16,Puglia
2021-03-16,PAT,1391,506,885,608,783,ITH,ITH2,4,Provincia Autonoma Trento
2021-04-02,SAR,8987,3547,5440,5745,3242,ITG,ITG2,20,Sardegna
2021-04-16,SAR,14441,6488,7953,9098,5343,ITG,ITG2,20,Sardegna
2021-05-19,PAB,3561,1815,1746,1798,1763,ITH,ITH1,4,Provincia Autonoma Bolzano / Bozen
2021-01-12,PAB,1709,459,1250,1709,0,ITH,ITH1,4,Provincia Autonoma Bolzano / Bozen
2021-04-19,UMB,5015,2216,2799,2966,2049,ITI,ITI2,10,Umbria
2021-01-23,VEN,4050,1246,2804,31,4019,ITH,ITH3,5,Veneto
2021-01-24,SAR,90,34,56,5,85,ITG,ITG2,20,Sardegna
2021-03-07,VEN,4475,1756,2719,3914,561,ITH,ITH3,5,Veneto
2021-03-30,BAS,2739,1156,1583,2394,345,ITF,ITF5,17,Basilicata
2021-04-06,FVG,6275,2771,3504,5126,1149,ITH,ITH4,6,Friuli-Venezia Giulia
2021-05-27,VDA,747,348,399,266,481,ITC,ITC2,2,Valle d'Aosta / Vallée d'Aoste
2021-01-10,BAS,77,24,53,77,0,ITF,ITF5,17,Basilicata
2021-01-11,LOM,16174,5362,10812,16174,0,ITC,ITC4,3,Lombardia
2021-01-30,PIE,5979,2135,3844,218,5761,ITC,ITC1,1,Piemonte
2021-02-04,FVG,2725,807,1918,36,2689,ITH,ITH4,6,Friuli-Venezia Giulia
2021-03-28,LIG,1142,511,631,391,751,ITC,ITC3,7,Liguria
2021-04-08,CAM,28265,13637,14628,22431,5834,ITF,ITF3,15,Campania
2021-04-24,VDA,722,400,322,555,167,ITC,ITC2,2,Valle d'Aosta / Vallée d'Aoste
2021-05-22,PAB,6821,3552,3269,4654,2167,ITH,ITH1,4,Provincia Autonoma Bolzano / Bozen
2021-03-21,VDA,355,165,190,355,0,ITC,ITC2,2,Valle d'Aosta / Vallée d'Aoste
2021-04-18,MAR,8820,4131,4689,7899,921,ITI,ITI3,11,Marche
2021-05-27,SIC,46208,21054,25154,24184,22024,ITG,ITG1,19,Sicilia
2021-02-05,BAS,984,443,541,64,920,ITF,ITF5,17,Basilicata
2021-04-09,PUG,21828,9384,12444,17207,4621,ITF,ITF4,16,Puglia
2021-05-14,LOM,85426,41151,44275,55477,29949,ITC,ITC4,3,Lombardia
2021-03-02,VEN,11480,4620,6860,8174,3306,ITH,ITH3,5,Veneto
2021-04-01,FVG,6315,2993,3322,5300,1015,ITH,ITH4,6,Friuli-Venezia Giulia
2021-02-25,PUG,11954,5052,6902,10791,1163,ITF,ITF4,16,Puglia
2020-12-28,CAL,6,2,4,6,0,ITF,ITF6,18,Calabria
2021-04-25,FVG,2362,990,1372,2351,11,ITH,ITH4,6,Friuli-Venezia Giulia
2021-03-19,LIG,5296,2235,3061,2149,3147,ITC,ITC3,7,Liguria
2021-05-20,VDA,807,363,444,367,440,ITC,ITC2,2,Valle d'Aosta / Vallée d'Aoste
2021-05-22,UMB,6890,2702,4188,2621,4269,ITI,ITI2,10,Umbria
2021-05-25,LOM,90341,43202,47139,44478,45863,ITC,ITC4,3,Lombardia
2021-02-13,SAR,1456,565,891,1454,2,ITG,ITG2,20,Sardegna
2021-05-01,PIE,28523,12990,15533,16725,11798,ITC,ITC1,1,Piemonte
2021-01-15,CAM,4980,2381,2599,4980,0,ITF,ITF3,15,Campania
2021-05-14,FVG,10549,5226,5323,8079,2470,ITH,ITH4,6,Friuli-Venezia Giulia
2021-01-01,SIC,815,437,378,815,0,ITG,ITG1,19,Sicilia
2021-03-15,CAM,12932,6089,6843,8188,4744,ITF,ITF3,15,Campania
2021-04-11,LAZ,19115,8431,10684,13234,5881,ITI,ITI4,12,Lazio
2021-04-20,FVG,7105,3058,4047,3203,3902,ITH,ITH4,6,Friuli-Venezia Giulia
2021-05-02,LOM,83495,38330,45165,61035,22460,ITC,ITC4,3,Lombardia
2021-05-19,UMB,9377,4193,5184,5645,3732,ITI,ITI2,10,Umbria
2021-01-03,PAT,492,160,332,492,0,ITH,ITH2,4,Provincia Autonoma Trento
2021-02-06,PIE,7992,2666,5326,400,7592,ITC,ITC1,1,Piemonte
2021-02-03,CAM,8903,4003,4900,878,8025,ITF,ITF3,15,Campania
2021-02-06,SAR,1970,697,1273,569,1401,ITG,ITG2,20,Sardegna
2021-02-14,PAT,246,186,60,11,235,ITH,ITH2,4,Provincia Autonoma Trento
2021-02-20,MOL,1018,441,577,998,20,ITF,ITF2,14,Molise
2021-04-14,EMR,27005,12824,14181,20907,6098,ITH,ITH5,8,Emilia-Romagna
2021-01-04,PAT,870,227,643,870,0,ITH,ITH2,4,Provincia Autonoma Trento
2021-02-22,UMB,1859,778,1081,1773,86,ITI,ITI2,10,Umbria
2021-03-16,PUG,9866,4684,5182,3509,6357,ITF,ITF4,16,Puglia
2021-05-01,SAR,9898,4758,5140,5443,4455,ITG,ITG2,20,Sardegna
2021-05-02,UMB,3787,1868,1919,1333,2454,ITI,ITI2,10,Umbria
2021-05-09,ABR,9154,4090,5064,4282,4872,ITF,ITF1,13,Abruzzo
2021-05-26,MAR,11811,5918,5893,8625,3186,ITI,ITI3,11,Marche
2021-01-02,ABR,548,218,330,548,0,ITF,ITF1,13,Abruzzo
2021-02-11,EMR,4250,1416,2834,3410,840,ITH,ITH5,8,Emilia-Romagna
2021-04-01,CAL,8539,3867,4672,3978,4561,ITF,ITF6,18,Calabria
2021-05-05,ABR,11572,5541,6031,6443,5129,ITF,ITF1,13,Abruzzo
2021-05-22,LOM,70060,33611,36449,32303,37757,ITC,ITC4,3,Lombardia
2021-05-25,CAM,45992,21968,24024,22934,23058,ITF,ITF3,15,Campania
2021-01-15,LOM,25206,7430,17776,25206,0,ITC,ITC4,3,Lombardia
2021-02-28,VDA,260,86,174,77,183,ITC,ITC2,2,Valle d'Aosta / Vallée d'Aoste
2021-04-16,PIE,28345,13189,15156,23402,4943,ITC,ITC1,1,Piemonte
2021-05-18,SIC,36150,17311,18839,23566,12584,ITG,ITG1,19,Sicilia
2020-12-27,TOS,620,267,353,620,0,ITI,ITI1,9,Toscana
2021-02-01,LIG,2558,923,1635,90,2468,ITC,ITC3,7,Liguria
2021-03-17,LAZ,13786,5896,7890,7531,6255,ITI,ITI4,12,Lazio
2021-04-09,PAT,2706,1144,1562,1507,1199,ITH,ITH2,4,Provincia Autonoma Trento
2021-05-14,CAL,19944,9589,10355,13074,6870,ITF,ITF6,18,Calabria
2021-04-09,CAM,29844,13965,15879,23717,6127,ITF,ITF3,15,Campania
2021-01-06,FVG,710,264,446,710,0,ITH,ITH4,6,Friuli-Venezia Giulia
2021-01-13,BAS,916,387,529,916,0,ITF,ITF5,17,Basilicata
2021-02-06,ABR,1610,742,868,602,1008,ITF,ITF1,13,Abruzzo
2021-02-25,PAT,1641,643,998,1200,441,ITH,ITH2,4,Provincia Autonoma Trento
2021-03-06,LAZ,18291,7047,11244,14034,4257,ITI,ITI4,12,Lazio
2021-03-12,SIC,13108,5608,7500,10892,2216,ITG,ITG1,19,Sicilia
2021-04-07,VEN,35865,16096,19769,28534,7331,ITH,ITH3,5,Veneto
2021-04-09,VEN,31096,13692,17404,22759,8337,ITH,ITH3,5,Veneto
2021-01-31,VDA,291,91,200,58,233,ITC,ITC2,2,Valle d'Aosta / Vallée d'Aoste
2021-02-27,SIC,12430,5561,6869,11226,1204,ITG,ITG1,19,Sicilia
2021-04-15,LIG,11818,5220,6598,9966,1852,ITC,ITC3,7,Liguria
2021-05-04,MAR,10845,4789,6056,4949,5896,ITI,ITI3,11,Marche
2021-03-10,TOS,18012,7073,10939,13995,4017,ITI,ITI1,9,Toscana
2021-05-03,CAL,14741,6755,7986,10534,4207,ITF,ITF6,18,Calabria
2021-04-10,PIE,30161,13415,16746,25883,4278,ITC,ITC1,1,Piemonte
2021-03-03,LAZ,17393,7435,9958,13099,4294,ITI,ITI4,12,Lazio
2021-03-21,LIG,552,221,331,69,483,ITC,ITC3,7,Liguria
2021-04-29,LOM,115358,53533,61825,85566,29792,ITC,ITC4,3,Lombardia
2021-05-14,PIE,33196,16153,17043,17878,15318,ITC,ITC1,1,Piemonte
2021-01-28,FVG,2239,794,1445,354,1885,ITH,ITH4,6,Friuli-Venezia Giulia
2021-01-29,PAB,1497,510,987,24,1473,ITH,ITH1,4,Provincia Autonoma Bolzano / Bozen
2021-02-06,BAS,902,367,535,146,756,ITF,ITF5,17,Basilicata
2021-04-08,ABR,7338,3317,4021,5060,2278,ITF,ITF1,13,Abruzzo
2021-04-05,VDA,461,222,239,457,4,ITC,ITC2,2,Valle d'Aosta / Vallée d'Aoste
2021-04-16,BAS,3320,1633,1687,2421,899,ITF,ITF5,17,Basilicata
2021-05-12,SAR,10514,4838,5676,7435,3079,ITG,ITG2,20,Sardegna
2021-01-20,CAL,1397,624,773,1396,1,ITF,ITF6,18,Calabria
2021-03-11,FVG,3355,1413,1942,1605,1750,ITH,ITH4,6,Friuli-Venezia Giulia
2021-04-13,PAT,2552,1057,1495,2045,507,ITH,ITH2,4,Provincia Autonoma Trento
2021-04-19,SAR,10179,4615,5564,8760,1419,ITG,ITG2,20,Sardegna
2021-05-06,LOM,89727,42162,47565,73310,16417,ITC,ITC4,3,Lombardia
2021-02-08,SAR,1470,533,937,856,614,ITG,ITG2,20,Sardegna
2021-02-11,LOM,17043,5003,12040,9699,7344,ITC,ITC4,3,Lombardia
2021-04-14,CAM,27638,13330,14308,19073,8565,ITF,ITF3,15,Campania
2021-05-20,LIG,12808,5939,6869,8791,4017,ITC,ITC3,7,Liguria
2021-03-17,MAR,3428,1494,1934,107,3321,ITI,ITI3,11,Marche
2021-03-30,CAM,21729,10272,11457,18771,2958,ITF,ITF3,15,Campania
2021-03-30,PUG,11867,5492,6375,5973,5894,ITF,ITF4,16,Puglia
2021-03-06,MAR,5701,2623,3078,4434,1267,ITI,ITI3,11,Marche
2021-03-11,CAL,7226,3408,3818,5964,1262,ITF,ITF6,18,Calabria
2021-05-26,PAB,4730,2384,2346,2807,1923,ITH,ITH1,4,Provincia Autonoma Bolzano / Bozen
2021-01-27,MOL,674,251,423,8,666,ITF,ITF2,14,Molise
2021-04-03,VDA,676,341,335,661,15,ITC,ITC2,2,Valle d'Aosta / Vallée d'Aoste
2021-04-30,TOS,39983,17677,22306,20127,19856,ITI,ITI1,9,Toscana
2021-03-01,LAZ,17087,7345,9742,13202,3885,ITI,ITI4,12,Lazio
2021-03-18,UMB,2942,1164,1778,1704,1238,ITI,ITI2,10,Umbria
2021-02-13,BAS,799,313,486,738,61,ITF,ITF5,17,Basilicata
2021-02-16,LAZ,8354,4033,4321,7749,605,ITI,ITI4,12,Lazio
2020-12-30,PAT,7,3,4,7,0,ITH,ITH2,4,Provincia Autonoma Trento
2021-03-18,PAB,1302,531,771,226,1076,ITH,ITH1,4,Provincia Autonoma Bolzano / Bozen
2021-03-24,BAS,1745,680,1065,1350,395,ITF,ITF5,17,Basilicata
2021-05-02,ABR,10422,5087,5335,5212,5210,ITF,ITF1,13,Abruzzo
2021-05-27,LIG,15837,8029,7808,12202,3635,ITC,ITC3,7,Liguria
2021-05-04,MOL,2703,1180,1523,2575,128,ITF,ITF2,14,Molise
2021-02-26,MOL,563,260,303,490,73,ITF,ITF2,14,Molise
2021-03-25,EMR,21388,9346,12042,14400,6988,ITH,ITH5,8,Emilia-Romagna
2021-04-21,TOS,29597,12662,16935,17513,12084,ITI,ITI1,9,Toscana
2021-05-03,PUG,33056,14753,18303,22446,10610,ITF,ITF4,16,Puglia
2021-03-30,PAT,2387,973,1414,1750,637,ITH,ITH2,4,Provincia Autonoma Trento
2021-05-03,PAT,4234,2178,2056,4081,153,ITH,ITH2,4,Provincia Autonoma Trento
2021-05-24,MOL,1951,847,1104,1285,666,ITF,ITF2,14,Molise
2020-12-30,TOS,327,104,223,327,0,ITI,ITI1,9,Toscana
2021-02-11,PAB,1093,431,662,239,854,ITH,ITH1,4,Provincia Autonoma Bolzano / Bozen
2021-05-15,MOL,2979,1398,1581,2595,384,ITF,ITF2,14,Molise
2021-01-01,SAR,32,17,15,32,0,ITG,ITG2,20,Sardegna
2021-01-06,LAZ,5122,1961,3161,5122,0,ITI,ITI4,12,Lazio
2021-03-09,MOL,1329,579,750,1177,152,ITF,ITF2,14,Molise
2021-04-02,BAS,2319,1046,1273,1714,605,ITF,ITF5,17,Basilicata
2021-04-12,MOL,1299,557,742,1048,251,ITF,ITF2,14,Molise
2021-04-29,PAB,2630,1351,1279,1936,694,ITH,ITH1,4,Provincia Autonoma Bolzano / Bozen
2021-04-15,UMB,7627,3482,4145,5741,1886,ITI,ITI2,10,Umbria
2021-04-24,MAR,12026,5304,6722,7560,4466,ITI,ITI3,11,Marche
2021-05-18,SAR,13605,6565,7040,9278,4327,ITG,ITG2,20,Sardegna
2021-02-10,PAB,1635,604,1031,26,1609,ITH,ITH1,4,Provincia Autonoma Bolzano / Bozen
2021-02-27,LIG,1888,921,967,1759,129,ITC,ITC3,7,Liguria
2021-03-14,LAZ,17083,6605,10478,11929,5154,ITI,ITI4,12,Lazio
2021-02-18,VDA,349,153,196,261,88,ITC,ITC2,2,Valle d'Aosta / Vallée d'Aoste
2021-02-20,EMR,5317,2094,3223,5054,263,ITH,ITH5,8,Emilia-Romagna
2021-02-22,SAR,1639,949,690,1411,228,ITG,ITG2,20,Sardegna
2021-03-02,ABR,3963,1676,2287,3279,684,ITF,ITF1,13,Abruzzo
2021-04-13,PUG,28596,13556,15040,25199,3397,ITF,ITF4,16,Puglia
2021-05-16,PAB,2024,931,1093,1330,694,ITH,ITH1,4,Provincia Autonoma Bolzano / Bozen
2021-02-19,VDA,292,102,190,268,24,ITC,ITC2,2,Valle d'Aosta / Vallée d'Aoste
2021-05-15,VEN,36007,17410,18597,26098,9909,ITH,ITH3,5,Veneto
2021-05-16,UMB,5317,2534,2783,5265,52,ITI,ITI2,10,Umbria
2021-03-04,SAR,4002,1953,2049,2747,1255,ITG,ITG2,20,Sardegna
2021-03-22,PIE,11477,4864,6613,3871,7606,ITC,ITC1,1,Piemonte
2021-04-29,UMB,5209,2245,2964,2883,2326,ITI,ITI2,10,Umbria
2021-05-09,CAL,9668,4499,5169,6136,3532,ITF,ITF6,18,Calabria
2021-05-22,ABR,13061,6348,6713,8170,4891,ITF,ITF1,13,Abruzzo
2021-01-10,PUG,2348,1061,1287,2348,0,ITF,ITF4,16,Puglia
2021-03-27,MOL,2743,1273,1470,1310,1433,ITF,ITF2,14,Molise
2021-04-25,LAZ,24470,11198,13272,16660,7810,ITI,ITI4,12,Lazio
2021-05-25,PIE,30783,14259,16524,15861,14922,ITC,ITC1,1,Piemonte
2021-02-10,VEN,4751,1588,3163,3697,1054,ITH,ITH3,5,Veneto
2021-02-11,UMB,842,349,493,837,5,ITI,ITI2,10,Umbria
2021-02-15,EMR,2903,850,2053,2778,125,ITH,ITH5,8,Emilia-Romagna
2021-03-04,PIE,14494,5733,8761,11547,2947,ITC,ITC1,1,Piemonte
2021-03-14,TOS,7207,2574,4633,3272,3935,ITI,ITI1,9,Toscana
2021-05-09,FVG,7327,3291,4036,3474,3853,ITH,ITH4,6,Friuli-Venezia Giulia
2021-01-24,BAS,837,300,537,58,779,ITF,ITF5,17,Basilicata
2021-05-11,SIC,32436,15429,17007,19893,12543,ITG,ITG1,19,Sicilia
2021-01-11,ABR,1551,557,994,1551,0,ITF,ITF1,13,Abruzzo
2021-01-13,CAM,8020,3666,4354,8020,0,ITF,ITF3,15,Campania
2021-05-23,SAR,9937,4793,5144,7720,2217,ITG,ITG2,20,Sardegna
2020-12-30,PUG,1,0,1,1,0,ITF,ITF4,16,Puglia
2021-03-27,VEN,32049,13988,18061,26243,5806,ITH,ITH3,5,Veneto
2021-05-23,PIE,28629,13086,15543,15744,12885,ITC,ITC1,1,Piemonte
2021-01-03,CAM,3837,2009,1828,3837,0,ITF,ITF3,15,Campania
2021-02-07,PUG,1578,669,909,253,1325,ITF,ITF4,16,Puglia
2021-03-24,PIE,15505,6341,9164,6378,9127,ITC,ITC1,1,Piemonte
2020-12-27,SIC,91,55,36,91,0,ITG,ITG1,19,Sicilia
2021-02-15,PAB,72,42,30,26,46,ITH,ITH1,4,Provincia Autonoma Bolzano / Bozen
2021-05-02,FVG,6823,3207,3616,3924,2899,ITH,ITH4,6,Friuli-Venezia Giulia
2021-04-08,CAL,9474,4462,5012,5833,3641,ITF,ITF6,18,Calabria
2021-05-01,CAM,46320,22653,23667,30222,16098,ITF,ITF3,15,Campania
2021-01-21,SIC,1368,668,700,500,868,ITG,ITG1,19,Sicilia
2021-02-14,TOS,9000,2569,6431,8890,110,ITI,ITI1,9,Toscana
2021-02-23,LAZ,11087,4780,6307,10326,761,ITI,ITI4,12,Lazio
2021-03-12,PAB,1664,734,930,1251,413,ITH,ITH1,4,Provincia Autonoma Bolzano / Bozen
2021-03-25,PAT,2874,1103,1771,1824,1050,ITH,ITH2,4,Provincia Autonoma Trento
2021-01-05,PUG,5104,2249,2855,5104,0,ITF,ITF4,16,Puglia
2021-05-10,MOL,2888,1285,1603,2515,373,ITF,ITF2,14,Molise
2021-03-23,PIE,13065,5447,7618,6822,6243,ITC,ITC1,1,Piemonte
2021-04-17,SIC,26181,13224,12957,19029,7152,ITG,ITG1,19,Sicilia
2021-01-11,FVG,1882,608,1274,1882,0,ITH,ITH4,6,Friuli-Venezia Giulia
2021-01-24,PIE,3153,959,2194,434,2719,ITC,ITC1,1,Piemonte
2021-01-29,LIG,3079,1064,2015,67,3012,ITC,ITC3,7,Liguria
2021-04-22,LAZ,38481,18910,19571,23945,14536,ITI,ITI4,12,Lazio
2021-05-18,PAB,3286,1717,1569,2122,1164,ITH,ITH1,4,Provincia Autonoma Bolzano / Bozen
2021-01-21,MOL,6,2,4,6,0,ITF,ITF2,14,Molise
2021-01-04,VDA,142,59,83,142,0,ITC,ITC2,2,Valle d'Aosta / Vallée d'Aoste
2021-02-13,MOL,132,80,52,132,0,ITF,ITF2,14,Molise
2021-02-22,CAL,2031,1028,1003,1475,556,ITF,ITF6,18,Calabria
2021-05-25,FVG,12269,5988,6281,9107,3162,ITH,ITH4,6,Friuli-Venezia Giulia
2021-04-10,CAL,11373,5126,6247,6558,4815,ITF,ITF6,18,Calabria
2021-04-15,SAR,11815,5523,6292,6861,4954,ITG,ITG2,20,Sardegna
2021-05-01,PUG,27372,12542,14830,16733,10639,ITF,ITF4,16,Puglia
2021-01-22,LIG,1818,604,1214,1332,486,ITC,ITC3,7,Liguria
2021-02-10,EMR,4019,1383,2636,2764,1255,ITH,ITH5,8,Emilia-Romagna
2021-02-15,VEN,4386,1821,2565,4146,240,ITH,ITH3,5,Veneto
2021-02-25,VDA,201,101,100,194,7,ITC,ITC2,2,Valle d'Aosta / Vallée d'Aoste
2021-03-22,BAS,1175,531,644,628,547,ITF,ITF5,17,Basilicata
2021-04-19,CAL,7822,3773,4049,6174,1648,ITF,ITF6,18,Calabria
2021-02-09,TOS,4488,1468,3020,3877,611,ITI,ITI1,9,Toscana
2021-03-31,LAZ,26082,12032,14050,18990,7092,ITI,ITI4,12,Lazio
2021-05-02,CAL,12490,5828,6662,10650,1840,ITF,ITF6,18,Calabria
2021-05-21,SIC,45730,21532,24198,24323,21407,ITG,ITG1,19,Sicilia
2021-01-08,LAZ,7727,2894,4833,7727,0,ITI,ITI4,12,Lazio
2021-03-02,LOM,22850,9713,13137,19815,3035,ITC,ITC4,3,Lombardia
2021-03-13,VEN,17177,7258,9919,14044,3133,ITH,ITH3,5,Veneto
2021-03-22,CAL,4880,2289,2591,3129,1751,ITF,ITF6,18,Calabria
2021-05-12,LOM,87074,41572,45502,59721,27353,ITC,ITC4,3,Lombardia
2021-01-26,PUG,5359,2397,2962,570,4789,ITF,ITF4,16,Puglia
2021-02-20,SIC,7241,3725,3516,6999,242,ITG,ITG1,19,Sicilia
2021-03-16,TOS,4897,1882,3015,2652,2245,ITI,ITI1,9,Toscana
2021-04-20,CAL,7837,3947,3890,6109,1728,ITF,ITF6,18,Calabria
2021-04-27,LAZ,30608,13808,16800,19771,10837,ITI,ITI4,12,Lazio
2021-05-18,UMB,7703,3335,4368,3865,3838,ITI,ITI2,10,Umbria
2021-01-02,PIE,3545,1134,2411,3545,0,ITC,ITC1,1,Piemonte
2021-01-27,EMR,8362,2947,5415,464,7898,ITH,ITH5,8,Emilia-Romagna
2021-04-08,LOM,52327,21754,30573,35872,16455,ITC,ITC4,3,Lombardia
2021-02-09,LAZ,8797,3768,5029,4580,4217,ITI,ITI4,12,Lazio
2021-03-07,CAM,11912,5344,6568,8069,3843,ITF,ITF3,15,Campania
2021-03-25,PUG,10889,5291,5598,4655,6234,ITF,ITF4,16,Puglia
2021-03-27,EMR,21600,9045,12555,14695,6905,ITH,ITH5,8,Emilia-Romagna
2021-05-16,LIG,3684,1851,1833,2133,1551,ITC,ITC3,7,Liguria
2021-01-15,FVG,2021,605,1416,2021,0,ITH,ITH4,6,Friuli-Venezia Giulia
2021-03-13,LOM,27165,9762,17403,21071,6094,ITC,ITC4,3,Lombardia
2021-01-12,UMB,838,248,590,838,0,ITI,ITI2,10,Umbria
2021-01-14,LOM,26801,7782,19019,26801,0,ITC,ITC4,3,Lombardia
2021-02-02,ABR,1778,672,1106,222,1556,ITF,ITF1,13,Abruzzo
2021-03-10,SIC,13942,5955,7987,11557,2385,ITG,ITG1,19,Sicilia
2021-04-02,MOL,1452,708,744,675,777,ITF,ITF2,14,Molise
2021-04-10,BAS,1032,378,654,950,82,ITF,ITF5,17,Basilicata
2021-04-29,SAR,11089,5097,5992,6736,4353,ITG,ITG2,20,Sardegna
2021-05-25,CAL,16448,8011,8437,10348,6100,ITF,ITF6,18,Calabria
2021-01-01,PAB,6,5,1,6,0,ITH,ITH1,4,Provincia Autonoma Bolzano / Bozen
2021-02-20,VEN,6424,2014,4410,6353,71,ITH,ITH3,5,Veneto
2021-04-07,LOM,50523,20876,29647,34711,15812,ITC,ITC4,3,Lombardia
2021-04-27,TOS,10345,4909,5436,3865,6480,ITI,ITI1,9,Toscana
2021-03-17,TOS,11421,4586,6835,6893,4528,ITI,ITI1,9,Toscana
2021-02-17,MAR,1786,663,1123,1669,117,ITI,ITI3,11,Marche
2020-12-31,LAZ,5293,2121,3172,5293,0,ITI,ITI4,12,Lazio
2021-01-26,TOS,5393,1792,3601,220,5173,ITI,ITI1,9,Toscana
2021-05-01,PAT,4837,2463,2374,4802,35,ITH,ITH2,4,Provincia Autonoma Trento
2021-05-15,EMR,32926,14844,18082,22584,10342,ITH,ITH5,8,Emilia-Romagna
2021-05-26,LIG,16056,7967,8089,11939,4117,ITC,ITC3,7,Liguria
2021-03-06,TOS,7094,2838,4256,2901,4193,ITI,ITI1,9,Toscana
2021-03-09,EMR,14702,5983,8719,10746,3956,ITH,ITH5,8,Emilia-Romagna
2021-05-06,SAR,12657,5863,6794,9645,3012,ITG,ITG2,20,Sardegna
2021-01-01,UMB,274,105,169,274,0,ITI,ITI2,10,Umbria
2021-01-15,CAL,2795,1258,1537,2795,0,ITF,ITF6,18,Calabria
2021-01-23,LOM,1114,357,757,916,198,ITC,ITC4,3,Lombardia
2021-04-23,PUG,29226,13578,15648,24019,5207,ITF,ITF4,16,Puglia
2021-03-18,LIG,4982,2124,2858,2009,2973,ITC,ITC3,7,Liguria
2021-03-25,VEN,25832,10950,14882,19712,6120,ITH,ITH3,5,Veneto
2021-04-07,CAM,24756,11782,12974,20033,4723,ITF,ITF3,15,Campania
2021-05-12,PAB,3776,2048,1728,3623,153,ITH,ITH1,4,Provincia Autonoma Bolzano / Bozen
2021-01-26,PAT,542,154,388,27,515,ITH,ITH2,4,Provincia Autonoma Trento
2021-02-26,MAR,3630,1499,2131,3154,476,ITI,ITI3,11,Marche
2021-03-05,LIG,4869,2150,2719,3737,1132,ITC,ITC3,7,Liguria
2020-12-31,TOS,804,202,602,804,0,ITI,ITI1,9,Toscana
2021-05-08,SAR,12890,5895,6995,10738,2152,ITG,ITG2,20,Sardegna
